"TIME","SIN1","SIN2","SIN3","SIN4","SIN5"
90,-7.50649,-7.50638,3.53834,0.934807,-2.92492
90.0015,-7.4976,-7.49747,3.45658,0.83822,-3.03052
90.0035,-7.48386,-7.48371,3.34653,0.708797,-3.17055
90.00749999,-7.44957,-7.44938,3.12277,0.447717,-3.44733
90.01549999,-7.354,-7.35373,2.66113,-0.0826696,-3.9837
90.02290195,-7.23408,-7.23374,2.21813,-0.582053,-4.454
90.02748201,-7.14497,-7.14458,1.93674,-0.894613,-4.73011
90.03090786,-7.07099,-7.07057,1.72281,-1.12981,-4.92803
90.03291234,-7.0245,-7.02406,1.59631,-1.26796,-5.04017
90.03352035,-7.0104,-7.00995,1.55768,-1.30986,-5.07339
90.03397798,-6.99928,-6.99883,1.52861,-1.3414,-5.0984
90.03444061,-6.98804,-6.98759,1.49922,-1.37335,-5.12367
90.03511299,-6.97171,-6.97125,1.45626,-1.41978,-5.1596
90.03606389,-6.94774,-6.94728,1.39551,-1.48545,-5.21041
90.03706419,-6.92253,-6.92205,1.33131,-1.55453,-5.26287
90.03884289,-6.876,-6.87551,1.21661,-1.67737,-5.3543
90.0424003,-6.77813,-6.7776,0.98518,-1.92306,-5.53027
90.04904231,-6.57856,-6.57798,0.546311,-2.37931,-5.83529
90.05898654,-6.24008,-6.23941,-0.125453,-3.04916,-6.23713
90.06861636,-5.86867,-5.86792,-0.790019,-3.67223,-6.56558
90.07286977,-5.6913,-5.69052,-1.0872,-3.93718,-6.69195
90.07553431,-5.57613,-5.57533,-1.27427,-4.09932,-6.76534
90.07796926,-5.46823,-5.4674,-1.44563,-4.24446,-6.82856
90.08002054,-5.37539,-5.37455,-1.59016,-4.3642,-6.87898
90.08348355,-5.21473,-5.21386,-1.83416,-4.56061,-6.95824
90.08617821,-5.08634,-5.08545,-2.02368,-4.70812,-7.01483
90.08857166,-4.96986,-4.96896,-2.19203,-4.835,-7.06137
90.09005391,-4.89659,-4.89568,-2.29588,-4.91154,-7.08844
90.09126689,-4.83572,-4.8348,-2.38087,-4.97298,-7.10917
90.09242832,-4.77744,-4.77651,-2.46181,-5.03084,-7.12902
90.09475117,-4.65879,-4.65785,-2.62369,-5.14371,-7.16542
90.09939688,-4.41546,-4.41449,-2.94411,-5.35851,-7.22846
90.10868831,-3.90575,-3.90472,-3.56723,-5.74634,-7.31591
90.11953059,-3.27459,-3.27349,-4.25058,-6.13117,-7.35386
90.1263937,-2.856,-2.85487,-4.65187,-6.33791,-7.34272
90.13036063,-2.60767,-2.60652,-4.87065,-6.44456,-7.324
90.13225515,-2.48748,-2.48632,-4.97139,-6.49221,-7.31192
90.13406894,-2.37149,-2.37032,-5.06543,-6.53584,-7.29847
90.13568574,-2.26736,-2.26618,-5.14726,-6.5731,-7.28493
90.13739231,-2.1567,-2.15552,-5.2316,-6.61078,-7.26908
90.14080545,-1.93317,-1.93197,-5.39419,-6.68102,-7.23256
90.14722466,-1.50518,-1.50395,-5.67877,-6.79478,-7.14677
90.15741673,-0.807148,-0.805884,-6.07609,-6.92667,-6.96572
90.16869608,-0.0115627,-0.0102631,-6.44031,-7.00395,-6.70327
90.18344062,1.05603,1.05735,-6.80009,-6.99879,-6.26656
90.18869656,1.4424,1.44373,-6.8968,-6.96825,-6.08591
90.19158737,1.65587,1.6572,-6.94299,-6.9451,-5.98109
90.1927086,1.73866,1.73999,-6.95957,-6.93427,-5.93886
90.19495107,1.90418,1.90551,-6.99055,-6.91261,-5.85441
90.19943602,2.23522,2.23654,-7.04369,-6.86011,-5.67785
90.2084059,2.89009,2.89138,-7.11515,-6.72433,-5.2994
90.22634568,4.12945,4.13062,-7.12221,-6.33491,-4.44832
90.23885096,4.90464,4.90565,-7.02277,-5.9745,-3.78592
90.24463603,5.23142,5.23235,-6.94838,-5.78393,-3.46138
90.2478598,5.4035,5.40439,-6.8993,-5.67139,-3.27581
90.25088427,5.55803,5.55888,-6.84838,-5.56181,-3.09881
90.25378083,5.69972,5.70053,-6.79524,-5.45332,-2.92675
90.25934052,5.95489,5.95562,-6.68149,-5.23558,-2.58984
90.27045991,6.40166,6.40225,-6.40893,-4.7643,-1.89176
90.28071012,6.74066,6.74113,-6.10624,-4.28961,-1.22212
90.29587683,7.1179,7.11819,-5.57293,-3.52226,-0.192558
90.30808908,7.31584,7.31599,-5.07348,-2.85254,0.664072
90.31455965,7.38299,7.38306,-4.78467,-2.48021,1.12581
90.31981012,7.41853,7.41854,-4.53861,-2.16984,1.50297
90.32143132,7.42537,7.42536,-4.46013,-2.07256,1.61979
90.32290949,7.4316,7.43158,-4.38856,-1.9833,1.72631
90.32525683,7.43764,7.43759,-4.27264,-1.84047,1.89545
90.32995149,7.43981,7.43971,-4.0351,-1.55102,2.23301
90.33934083,7.40516,7.40496,-3.53826,-0.958066,2.89989
90.35811949,7.18524,7.18485,-2.46612,0.274381,4.15198
90.36762098,6.99951,6.99902,-1.88688,0.917136,4.72544
90.37234092,6.88913,6.88859,-1.59065,1.23991,4.99096
90.37394292,6.84847,6.84792,-1.48888,1.34993,5.07779
90.37513301,6.81826,6.8177,-1.41291,1.43167,5.14061
90.37622058,6.78914,6.78857,-1.3432,1.50636,5.19802
90.37774822,6.74823,6.74765,-1.24486,1.61137,5.27647
90.37941478,6.70178,6.70118,-1.13702,1.72593,5.36007
90.38274791,6.60468,6.60405,-0.919649,1.95476,5.52124
90.38941416,6.39401,6.39332,-0.47858,2.4096,5.82035
90.39954056,6.03333,6.03255,0.205702,3.08558,6.21799
90.40801896,5.69498,5.69413,0.789761,3.62974,6.49981
90.41208218,5.52139,5.52051,1.07263,3.88157,6.61863
90.41495478,5.3943,5.3934,1.27351,4.05542,6.69636
90.41735102,5.28559,5.28467,1.44153,4.19738,6.75726
90.41928004,5.19633,5.19539,1.57679,4.30939,6.8037
90.42247277,5.04523,5.04428,1.80068,4.48991,6.8755
90.42515695,4.91501,4.91403,1.9889,4.6367,6.931
90.42739014,4.80401,4.80301,2.14498,4.75512,6.9738
90.42845176,4.75124,4.75024,2.21918,4.80989,6.99282
90.4292346,4.71158,4.71058,2.2739,4.85028,7.00684
90.42998477,4.67358,4.67257,2.32613,4.88798,7.01943
90.43108878,4.61685,4.61584,2.403,4.94347,7.03796
90.43223704,4.55785,4.55683,2.48254,4.99993,7.05618
90.43453357,4.43787,4.43683,2.64161,5.11008,7.09022
90.43912664,4.19205,4.19098,2.95633,5.31958,7.14871
90.44831276,3.67809,3.67697,3.56799,5.69744,7.22777
90.45932382,3.0254,3.02421,4.25564,6.08086,7.25698
90.46618318,2.5998,2.59858,4.65203,6.28227,7.23957
90.4701421,2.3479,2.34666,4.86753,6.38563,7.21726
90.47202281,2.22668,2.22543,4.96617,6.43146,7.20354
90.47382832,2.10941,2.10815,5.05847,6.47348,7.18849
90.47547166,2.00193,2.00066,5.14042,6.51005,7.17322
90.47722426,1.88654,1.88526,5.22567,6.5473,7.15528
90.48072945,1.65346,1.65217,5.38972,6.61639,7.11432
90.48773984,1.17868,1.17737,5.69296,6.73304,7.01241
90.49795546,0.468213,0.466865,6.07792,6.85217,6.81732
90.50971584,-0.373094,-0.374474,6.4402,6.91582,6.52664
90.51813981,-0.988406,-0.989801,6.64755,6.91384,6.27638
90.5222377,-1.29079,-1.29219,6.73285,6.89871,6.14226
90.52439125,-1.45034,-1.45174,6.77363,6.88707,6.06859
90.52679133,-1.62855,-1.62995,6.81581,6.87114,5.98395
90.52852277,-1.75711,-1.75851,6.84411,6.85774,5.92127
90.53131668,-1.96469,-1.96608,6.88604,6.83274,5.81727
90.5369045,-2.37883,-2.38022,6.9561,6.77042,5.59897
90.54808015,-3.19374,-3.19508,7.04173,6.59767,5.12279
90.57043144,-4.68173,-4.68287,7.0022,6.07035,4.02612
90.57917302,-5.19272,-5.19373,6.9119,5.80046,3.54782
90.58395914,-5.45168,-5.45262,6.84509,5.63814,3.27496
90.58857212,-5.68599,-5.68687,6.76933,5.47233,3.0051
90.59326756,-5.909,-5.90981,6.681,5.29442,2.72386
90.59856344,-6.14215,-6.14289,6.56806,5.08302,2.39911
90.60915518,-6.55201,-6.55261,6.3011,4.62759,1.7276
90.620607,-6.91265,-6.9131,5.9531,4.08887,0.971777
90.63731417,-7.28904,-7.28929,5.34156,3.22428,-0.176807
90.64795385,-7.43766,-7.43778,4.89119,2.62873,-0.931247
90.65283618,-7.48242,-7.48248,4.66932,2.34445,-1.28204
90.65511377,-7.4983,-7.49833,4.56263,2.20956,-1.44653
90.65608444,-7.50354,-7.50356,4.51622,2.15166,-1.51663
90.65802579,-7.51402,-7.51402,4.42339,2.03514,-1.65705
90.6615859,-7.52631,-7.52627,4.249,1.81906,-1.91457
90.66870613,-7.52829,-7.52816,3.88691,1.37799,-2.42757
90.68294659,-7.4439,-7.44361,3.11325,0.464339,-3.42602
90.69570883,-7.27105,-7.27063,2.36843,-0.384915,-4.2632
90.70338177,-7.12407,-7.12357,1.89902,-0.906729,-4.72938
90.70731279,-7.03652,-7.03597,1.65265,-1.17658,-4.95489
90.70951492,-6.98354,-6.98298,1.51297,-1.32839,-5.0768
90.7101208,-6.96897,-6.9684,1.4743,-1.37016,-5.10959
90.71068072,-6.95475,-6.95417,1.43856,-1.40876,-5.1399
90.71245907,-6.9096,-6.90901,1.32447,-1.53157,-5.23416
90.71390206,-6.87157,-6.87096,1.23138,-1.63121,-5.30889
90.71673954,-6.7937,-6.79306,1.04702,-1.82716,-5.45139
90.72162272,-6.65028,-6.6496,0.725903,-2.16346,-5.6833
90.73138907,-6.32874,-6.32797,0.0704474,-2.82686,-6.09889
90.74147515,-5.9499,-5.94904,-0.622325,-3.48853,-6.46301
90.74676123,-5.73292,-5.73201,-0.990792,-3.82239,-6.62797
90.75094116,-5.55266,-5.55172,-1.28406,-4.07823,-6.74601
90.75334562,-5.44555,-5.44459,-1.45341,-4.22176,-6.80899
90.7546911,-5.38455,-5.38358,-1.54818,-4.30074,-6.84267
90.75738205,-5.26032,-5.25933,-1.7379,-4.45554,-6.9067
90.76276396,-5.00307,-5.00204,-2.11673,-4.75116,-7.02145
90.76456143,-4.91457,-4.91353,-2.24282,-4.84555,-7.05583
90.76602676,-4.84111,-4.84006,-2.34561,-4.92081,-7.08179
90.76738862,-4.77283,-4.77177,-2.44072,-4.9894,-7.10593
90.76885669,-4.69802,-4.69694,-2.54324,-5.06186,-7.13003
90.77146695,-4.56298,-4.56189,-2.72447,-5.18701,-7.16966
90.77668748,-4.28541,-4.28428,-3.08273,-5.42367,-7.23664
90.78712855,-3.7018,-3.70061,-3.77389,-5.84485,-7.32202
90.79735118,-3.09599,-3.09474,-4.40435,-6.19215,-7.34384
90.8042348,-2.67009,-2.6688,-4.79596,-6.39051,-7.32463
90.80738876,-2.47035,-2.46904,-4.96528,-6.47196,-7.30682
90.8094189,-2.34031,-2.339,-5.07062,-6.52127,-7.2924
90.81136204,-2.21482,-2.2135,-5.1687,-6.56621,-7.27644
90.81331913,-2.08743,-2.0861,-5.26476,-6.60923,-7.25824
90.8172333,-1.82979,-1.82844,-5.44895,-6.68857,-7.21555
90.82506163,-1.30375,-1.30237,-5.78679,-6.82059,-7.10536
90.83571228,-0.567342,-0.565925,-6.18363,-6.94376,-6.90367
90.84797722,0.305799,0.30725,-6.55371,-7.00635,-6.60013
90.85712851,0.971516,0.972983,-6.77041,-6.99876,-6.32572
90.86151292,1.29386,1.29533,-6.85643,-6.9789,-6.18011
90.864,1.47746,1.47894,-6.90013,-6.96302,-6.09353
90.86639121,1.65433,1.6558,-6.93871,-6.94463,-6.00763
90.86835165,1.79934,1.80081,-6.96783,-6.9273,-5.9353
90.87163549,2.04224,2.04371,-7.01156,-6.89376,-5.81034
90.87820317,2.52587,2.52732,-7.08021,-6.80994,-5.54651
90.89133852,3.46888,3.47027,-7.14349,-6.57735,-4.96595
90.91760922,5.10966,5.11073,-6.98645,-5.8702,-3.61623
90.92695479,5.59801,5.59894,-6.84172,-5.54398,-3.07942
90.93538259,5.98916,5.98996,-6.67288,-5.2184,-2.57262
90.94370393,6.32846,6.32915,-6.47181,-4.86935,-2.05311
90.95241159,6.6342,6.63476,-6.22615,-4.47631,-1.4911
90.96713479,7.03913,7.0395,-5.73313,-3.7521,-0.504261
90.98598763,7.35723,7.35735,-4.96951,-2.72671,0.811094
90.99293683,7.41845,7.41848,-4.65217,-2.32274,1.30721
90.99566866,7.43435,7.43435,-4.52234,-2.16032,1.50348
90.99675844,7.43909,7.43907,-4.46956,-2.09484,1.58178
90.99777354,7.44349,7.44346,-4.42041,-2.03386,1.65483
90.99980375,7.44977,7.44971,-4.3206,-1.91086,1.80092
91.00386416,7.45489,7.45478,-4.11667,-1.66198,2.09275
91.01198498,7.4358,7.43559,-3.69231,-1.15342,2.67166
91.02822662,7.28361,7.28321,-2.783,-0.0990932,3.78044
91.03976436,7.08581,7.08528,-2.09208,0.674932,4.5042
91.04528477,6.96546,6.96487,-1.74922,1.0511,4.82597
91.04811186,6.89683,6.89621,-1.57076,1.24491,4.9834
91.04902239,6.87473,6.8741,-1.51281,1.30733,5.03273
91.04971173,6.85696,6.85633,-1.46893,1.35472,5.07007
91.05099972,6.82376,6.82311,-1.38654,1.44327,5.13845
91.0531703,6.7655,6.76483,-1.24689,1.5925,5.25083
91.0552227,6.70819,6.7075,-1.11392,1.73361,5.35384
91.05932751,6.58723,6.58649,-0.845462,2.01541,5.55074
91.06753712,6.32046,6.31964,-0.2992,2.57389,5.90967
91.07924924,5.88481,5.88388,0.498538,3.34601,6.34478
91.08569964,5.61808,5.6171,0.945611,3.7537,6.54667
91.08926573,5.4627,5.46168,1.1946,3.97228,6.64697
91.09139636,5.36721,5.36618,1.34391,4.10024,6.70308
91.09244457,5.31914,5.3181,1.41736,4.16236,6.72907
91.09423907,5.23683,5.23578,1.5433,4.26733,6.77357
91.09719397,5.09776,5.09668,1.75068,4.43612,6.84153
91.10310376,4.80906,4.80793,2.16445,4.75669,6.96135
91.10523114,4.70174,4.70059,2.31264,4.86628,6.99924
91.10715908,4.60296,4.6018,2.44695,4.96285,7.03119
91.10885722,4.51477,4.5136,2.56442,5.04572,7.05745
91.11066349,4.41978,4.41859,2.68937,5.13165,7.08346
91.11427605,4.22617,4.22496,2.93689,5.29685,7.12956
91.12150115,3.82501,3.82375,3.4215,5.60158,7.19827
91.13180947,3.22237,3.22104,4.07856,5.97941,7.24284
91.14375254,2.48327,2.48187,4.76823,6.336,7.21748
91.1481854,2.19832,2.1969,5.00184,6.44647,7.1873
91.152047,1.94574,1.94431,5.19443,6.53318,7.15201
91.15496615,1.75225,1.7508,5.33314,6.59288,7.11983
91.15812282,1.54066,1.53919,5.47655,6.65182,7.07977
91.16443614,1.11059,1.1091,5.74345,6.75226,6.9835
91.17140182,0.626208,0.624693,6.00801,6.83631,6.85277
91.18533318,-0.368733,-0.370291,6.44613,6.92163,6.51698
91.19392202,-0.996655,-0.998228,6.65684,6.92005,6.26209
91.19818789,-1.31177,-1.31335,6.74485,6.90411,6.12227
91.20025825,-1.46541,-1.46699,6.78361,6.89279,6.05131
91.20134873,-1.54633,-1.54791,6.80255,6.88549,6.01279
91.2026964,-1.64652,-1.6481,6.82597,6.87647,5.9652
91.20458933,-1.78726,-1.78883,6.85642,6.86161,5.89648
91.20774025,-2.02152,-2.02309,6.90241,6.83264,5.77853
91.2140421,-2.48841,-2.48996,6.97686,6.75908,5.5296
91.2266458,-3.40174,-3.40323,7.05671,6.55112,4.98198
91.2518532,-5.01607,-5.01726,6.95101,5.9075,3.70804
91.25299663,-5.0819,-5.08307,6.93694,5.87038,3.64407
91.2552835,-5.21115,-5.21228,6.9088,5.79614,3.51615
91.25689595,-5.30007,-5.30117,6.88707,5.74223,3.4248
91.25899649,-5.4129,-5.41397,6.85676,5.67035,3.30457
91.26083618,-5.50895,-5.50998,6.82832,5.60584,3.19814
91.26451555,-5.69349,-5.69446,6.76619,5.47253,2.98219
91.27187429,-6.03371,-6.03457,6.62133,5.18919,2.53848
91.28334286,-6.49066,-6.49134,6.34238,4.70514,1.81798
91.29473561,-6.85903,-6.85955,6.00353,4.17583,1.07076
91.30908939,-7.20511,-7.20542,5.49384,3.44572,0.0915053
91.32038397,-7.38656,-7.38671,5.03135,2.82551,-0.70351
91.32628809,-7.44995,-7.45002,4.76896,2.48629,-1.12594
91.3322213,-7.4922,-7.49219,4.49175,2.1358,-1.5533
91.33381393,-7.4999,-7.49987,4.41508,2.04013,-1.6684
91.335394,-7.50603,-7.50598,4.33808,1.94458,-1.78259
91.33814394,-7.51314,-7.51305,4.20194,1.77683,-1.98132
91.34364383,-7.51387,-7.51371,3.92175,1.43603,-2.37751
91.3546436,-7.46244,-7.46213,3.33144,0.735093,-3.15593
91.37664314,-7.15681,-7.15624,2.04508,-0.726686,-4.57502
91.38384938,-6.99926,-6.99861,1.5951,-1.21915,-4.98743
91.38608009,-6.94487,-6.94419,1.45311,-1.3727,-5.10883
91.38744857,-6.90974,-6.90905,1.36542,-1.46689,-5.18162
91.38875659,-6.87617,-6.87547,1.28121,-1.55706,-5.24992
91.3903243,-6.83424,-6.83351,1.17978,-1.66512,-5.33011
91.39300169,-6.75974,-6.75899,1.00534,-1.84968,-5.46294
91.39835647,-6.60007,-6.59926,0.652134,-2.21749,-5.71352
91.40906602,-6.23934,-6.23842,-0.0697796,-2.9405,-6.15716
91.41923179,-5.84781,-5.84678,-0.771082,-3.5996,-6.50975
91.42374221,-5.65919,-5.65812,-1.08638,-3.88096,-6.64519
91.42609762,-5.55673,-5.55565,-1.2519,-4.02461,-6.71027
91.42689488,-5.52205,-5.52096,-1.30792,-4.07248,-6.7323
91.427884,-5.47786,-5.47676,-1.3776,-4.13186,-6.75793
91.42927486,-5.41572,-5.4146,-1.47559,-4.21423,-6.79398
91.43170055,-5.30491,-5.30378,-1.64658,-4.35529,-6.85327
91.43605739,-5.09987,-5.0987,-1.95371,-4.59965,-6.95071
91.43890411,-4.96178,-4.96058,-2.15384,-4.7526,-7.00811
91.44034364,-4.8904,-4.88919,-2.25504,-4.82782,-7.03475
91.44150124,-4.833,-4.83178,-2.33612,-4.88678,-7.05617
91.44263388,-4.77573,-4.7745,-2.41545,-4.94447,-7.07539
91.44397214,-4.70806,-4.70682,-2.50872,-5.01091,-7.0981
91.4458463,-4.61175,-4.6105,-2.63933,-5.10184,-7.12743
91.44959464,-4.4152,-4.41392,-2.89829,-5.27655,-7.17977
91.4570913,-4.00703,-4.0057,-3.4055,-5.59854,-7.25927
91.46842412,-3.35419,-3.35278,-4.1319,-6.01874,-7.31669
91.47998183,-2.64754,-2.64606,-4.80187,-6.36722,-7.29898
91.48443643,-2.36474,-2.36323,-5.0382,-6.48023,-7.27184
91.48872983,-2.08707,-2.08554,-5.25327,-6.5781,-7.2352
91.49192799,-1.87715,-1.8756,-5.40527,-6.644,-7.20129
91.49545419,-1.64279,-1.64123,-5.56484,-6.70976,-7.15744
91.5025066,-1.16561,-1.16401,-5.85958,-6.81976,-7.04977
91.51100399,-0.576947,-0.575321,-6.17275,-6.91452,-6.88544
91.52479796,0.405299,0.406965,-6.58637,-6.98199,-6.54126
91.53371018,1.05417,1.05586,-6.79226,-6.9697,-6.26963
91.53789688,1.36197,1.36365,-6.87253,-6.94899,-6.12903
91.53980336,1.50268,1.50436,-6.90562,-6.93642,-6.06229
91.54085747,1.58048,1.58216,-6.92252,-6.92821,-6.02433
91.54237584,1.69269,1.69437,-6.94687,-6.91639,-5.96964
91.54474172,1.86752,1.8692,-6.98137,-6.8949,-5.88183
91.54904906,2.18547,2.18714,-7.03578,-6.84826,-5.71568
91.55766375,2.81575,2.81738,-7.11235,-6.72647,-5.35982
91.57489314,4.01622,4.01771,-7.13953,-6.37346,-4.5601
91.58718698,4.79321,4.79453,-7.05878,-6.03603,-3.92251
91.5937881,5.17381,5.17501,-6.9818,-5.82655,-3.55853
91.59697568,5.34702,5.34816,-6.93637,-5.71851,-3.37762
91.60003043,5.506,5.50709,-6.88787,-5.6109,-3.20126
91.60287668,5.64791,5.64895,-6.83838,-5.50713,-3.0344
91.60600831,5.79722,5.7982,-6.77919,-5.3891,-2.84806
91.61227158,6.0751,6.07597,-6.64616,-5.14128,-2.46718
91.62192777,6.4512,6.45192,-6.40383,-4.72969,-1.86001
91.63454564,6.84996,6.85048,-6.0218,-4.14099,-1.03401
91.64879797,7.17719,7.17749,-5.50598,-3.41212,-0.063257
91.66021441,7.34682,7.34695,-5.03186,-2.78334,0.737865
91.6659577,7.40145,7.40149,-4.77372,-2.45286,1.14714
91.67168184,7.43576,7.43571,-4.50406,-2.11479,1.55745
91.67323476,7.44089,7.44082,-4.42838,-2.02162,1.66907
91.67476547,7.44595,7.44586,-4.35378,-1.9292,1.77908
91.67767345,7.45032,7.45019,-4.20898,-1.7521,1.98809
91.68348943,7.44394,7.44373,-3.91073,-1.39219,2.40438
91.69512137,7.3719,7.37152,-3.28168,-0.65169,3.21993
91.71486868,7.07578,7.07515,-2.12537,0.655284,4.48809
91.72196175,6.91727,6.91655,-1.68472,1.13685,4.89657
91.72522185,6.83541,6.83464,-1.47803,1.35978,5.07396
91.72645638,6.80259,6.80181,-1.39912,1.4442,5.13874
91.72757223,6.77292,6.77213,-1.32749,1.52065,5.19729
91.72929842,6.72523,6.72442,-1.21617,1.63893,5.28526
91.73111251,6.67348,6.67265,-1.09851,1.76323,5.37533
91.7347407,6.56503,6.56415,-0.861196,2.01139,5.54837
91.74199707,6.32875,6.32779,-0.379213,2.50387,5.86717
91.75301978,5.92221,5.92113,0.369268,3.23193,6.28478
91.7600492,5.63392,5.63277,0.855288,3.67789,6.51015
91.76367752,5.47651,5.47533,1.1083,3.90101,6.61421
91.76550854,5.39489,5.39369,1.23644,4.01154,6.66357
91.76796042,5.28337,5.28214,1.40841,4.15698,6.72641
91.7695367,5.21034,5.2091,1.51897,4.24878,6.76483
91.77201507,5.09345,5.09218,1.69282,4.39025,6.82215
91.77690322,4.85564,4.85433,2.03571,4.65788,6.92411
91.77896749,4.75236,4.75103,2.18002,4.76613,6.96275
91.78016311,4.69151,4.69017,2.2636,4.82698,6.98354
91.78128398,4.63446,4.63311,2.34168,4.88403,7.00302
91.78250089,4.57141,4.57005,2.42644,4.94442,7.02238
91.78378586,4.50482,4.50345,2.51543,5.00704,7.04283
91.78595506,4.39051,4.38912,2.66567,5.11012,7.07427
91.79029347,4.15671,4.15528,2.96296,5.3067,7.12861
91.79897027,3.66927,3.66778,3.54176,5.66319,7.20352
91.80965646,3.03494,3.03337,4.21291,6.03759,7.23482
91.81716678,2.56807,2.56646,4.64899,6.25905,7.21718
91.82130843,2.30358,2.30194,4.87456,6.36667,7.19364
91.82329801,2.17482,2.17317,4.97878,6.41473,7.17888
91.82521234,2.04992,2.04826,5.07638,6.45876,7.16258
91.82697095,1.93435,1.93267,5.16369,6.49731,7.1458
91.82888541,1.80763,1.80595,5.25623,6.53721,7.12559
91.83271434,1.55152,1.54982,5.43363,6.61056,7.07914
91.8403722,1.02925,1.02751,5.75901,6.73165,6.9625
91.85146854,0.251249,0.249469,6.16363,6.84724,6.73884
91.86335676,-0.605708,-0.607524,6.51203,6.89383,6.43002
91.87069696,-1.14456,-1.14639,6.68396,6.88331,6.20473
91.87441407,-1.41959,-1.42142,6.75859,6.86669,6.0808
91.87671214,-1.59022,-1.59205,6.80057,6.85266,6.00094
91.87774627,-1.66701,-1.66884,6.81781,6.84484,5.96373
91.87981451,-1.82068,-1.82251,6.85227,6.82921,5.8893
91.88386904,-2.12194,-2.12376,6.91123,6.79087,5.7369
91.89197809,-2.72029,-2.72208,7.00021,6.68847,5.41068
91.9081962,-3.8699,-3.87155,7.06473,6.38465,4.67781
91.92014767,-4.64978,-4.65127,7.01765,6.07946,4.07335
91.92804202,-5.12087,-5.12221,6.94357,5.84152,3.64602
91.93163325,-5.32157,-5.32284,6.89874,5.72397,3.44457
91.93505413,-5.50403,-5.50524,6.84969,5.60675,3.24878
91.93768356,-5.63842,-5.63957,6.80783,5.51324,3.0958
91.94050319,-5.77692,-5.77802,6.75897,5.40973,2.92941
91.94614247,-6.03707,-6.03807,6.64913,5.19293,2.58969
91.95289784,-6.32,-6.32089,6.49667,4.91651,2.17117
91.96640859,-6.7954,-6.79605,6.12607,4.31211,1.30009
91.97865951,-7.12452,-7.12497,5.71753,3.70831,0.475572
91.9969317,-7.44003,-7.44019,4.9895,2.71973,-0.801207
92.003646,-7.50385,-7.5039,4.68769,2.33155,-1.2815
92.00657175,-7.52299,-7.523,4.55064,2.15847,-1.49222
92.00768402,-7.52856,-7.52855,4.49747,2.09192,-1.57232
92.00869985,-7.53364,-7.53362,4.44891,2.03114,-1.64563
92.01073149,-7.54126,-7.54121,4.35023,1.90852,-1.79225
92.01479477,-7.5491,-7.54898,4.14847,1.6603,-2.08523
92.02292134,-7.53549,-7.53525,3.72791,1.15267,-2.66682
92.03917447,-7.3945,-7.39403,2.82427,0.0986737,-3.78225
92.05067165,-7.20576,-7.20513,2.13878,-0.672993,-4.50875
92.05614943,-7.09051,-7.0898,1.79962,-1.04673,-4.83098
92.05877961,-7.02888,-7.02814,1.63406,-1.22734,-4.97917
92.05964184,-7.00868,-7.00792,1.57935,-1.28654,-5.02654
92.06030458,-6.99226,-6.99149,1.5373,-1.33219,-5.06296
92.06128602,-6.96794,-6.96716,1.47473,-1.39978,-5.11597
92.06297459,-6.92464,-6.92384,1.36658,-1.51608,-5.20545
92.06421115,-6.89201,-6.8912,1.28698,-1.60131,-5.26962
92.06661281,-6.82642,-6.82557,1.13142,-1.76684,-5.39103
92.07065949,-6.70935,-6.70845,0.866587,-2.04531,-5.58627
92.07875286,-6.45114,-6.45015,0.327451,-2.59735,-5.94323
92.08953379,-6.05917,-6.05805,-0.407792,-3.31203,-6.3521
92.09626469,-5.78751,-5.78631,-0.87521,-3.74086,-6.5697
92.09976586,-5.63823,-5.637,-1.12041,-3.95726,-6.67161
92.101472,-5.56355,-5.5623,-1.24034,-4.06086,-6.7185
92.10395117,-5.45282,-5.45154,-1.41493,-4.20882,-6.78343
92.10559959,-5.37777,-5.37647,-1.53119,-4.30537,-6.8245
92.10824821,-5.25483,-5.25351,-1.71799,-4.45719,-6.88701
92.11354545,-5.00047,-4.9991,-2.09113,-4.74727,-6.99916
92.11531542,-4.91299,-4.9116,-2.21542,-4.83998,-7.03282
92.11675642,-4.84048,-4.83909,-2.31662,-4.91383,-7.05822
92.11809839,-4.77296,-4.77155,-2.41046,-4.98129,-7.08188
92.11955443,-4.69852,-4.69709,-2.51228,-5.05303,-7.10568
92.12211045,-4.5659,-4.56445,-2.69005,-5.17543,-7.14437
92.1272225,-4.29346,-4.29197,-3.0417,-5.40712,-7.20998
92.1374466,-3.72127,-3.71969,-3.72152,-5.82049,-7.29467
92.14770006,-3.11321,-3.11156,-4.35856,-6.17035,-7.31827
92.15453779,-2.68986,-2.68816,-4.75151,-6.36843,-7.30039
92.15783468,-2.48087,-2.47915,-4.93043,-6.45398,-7.28227
92.15965167,-2.3644,-2.36266,-5.02584,-6.49839,-7.26967
92.16135865,-2.25417,-2.25242,-5.11332,-6.53834,-7.25616
92.16372412,-2.10016,-2.0984,-5.2311,-6.59088,-7.23476
92.16597593,-1.95224,-1.95046,-5.33955,-6.63786,-7.21153
92.17047954,-1.65269,-1.65089,-5.54609,-6.72297,-7.15679
92.17948677,-1.03994,-1.0381,-5.91937,-6.85807,-7.01484
92.191201,-0.219006,-0.217117,-6.32832,-6.96463,-6.76734
92.2042332,0.720348,0.722275,-6.68449,-6.99315,-6.41184
92.21088674,1.20835,1.21029,-6.82678,-6.97172,-6.19878
92.21502713,1.51399,1.51592,-6.90198,-6.94628,-6.05576
92.21758826,1.70359,1.70553,-6.94341,-6.92595,-5.96335
92.2191403,1.81849,1.82042,-6.96664,-6.91195,-5.90593
92.22224438,2.04829,2.05022,-7.00886,-6.88014,-5.7879
92.22845255,2.50593,2.50784,-7.07647,-6.8016,-5.53941
92.24086888,3.40038,3.40221,-7.1454,-6.58639,-4.99507
92.26570154,4.98178,4.98323,-7.02831,-5.93843,-3.73621
92.26683368,5.04662,5.04805,-7.01401,-5.90128,-3.6729
92.26909796,5.17393,5.17531,-6.98541,-5.82697,-3.54629
92.27066861,5.26013,5.26148,-6.96349,-5.7737,-3.45738
92.27141498,5.3001,5.30143,-6.95307,-5.74839,-3.41474
92.27253228,5.35993,5.36123,-6.93615,-5.70942,-3.3509
92.27371179,5.42169,5.42297,-6.91829,-5.66827,-3.28296
92.27607082,5.54202,5.54325,-6.87974,-5.58368,-3.14581
92.28078886,5.77038,5.77152,-6.79416,-5.40763,-2.86661
92.29022496,6.18017,6.18112,-6.58986,-5.02896,-2.28975
92.30156409,6.59313,6.59387,-6.28777,-4.52934,-1.5668
92.31333331,6.93278,6.93331,-5.91166,-3.96249,-0.786017
92.33044794,7.26946,7.26969,-5.25862,-3.05895,0.393873
92.340307,7.38018,7.38024,-4.82828,-2.49906,1.0922
92.34503641,7.41198,7.41197,-4.6084,-2.22094,1.4306
92.34667908,7.41982,7.41978,-4.53005,-2.12295,1.54858
92.34822097,7.42569,7.42561,-4.45561,-2.03036,1.65931
92.35022288,7.43116,7.43105,-4.35768,-1.90927,1.80309
92.35422669,7.4349,7.43473,-4.15762,-1.6643,2.0904
92.36223432,7.41391,7.41361,-3.74134,-1.16382,2.66048
92.37824958,7.2613,7.26075,-2.84938,-0.126498,3.75376
92.38984539,7.0614,7.06068,-2.15823,0.649807,4.48223
92.39549541,6.93746,6.93666,-1.80866,1.03416,4.81197
92.39915698,6.84807,6.84722,-1.57794,1.28472,5.01485
92.40123945,6.7941,6.79321,-1.44532,1.42768,5.12609
92.40333538,6.73752,6.73661,-1.31088,1.57155,5.23475
92.40505086,6.68954,6.68861,-1.20014,1.68931,5.32124
92.40807319,6.60141,6.60044,-1.00357,1.89678,5.46839
92.41411784,6.4116,6.41054,-0.605118,2.30965,5.74347
92.42416244,6.05747,6.05628,0.0709899,2.98294,6.14637
92.43517257,5.61611,5.61479,0.828447,3.68875,6.51298
92.43960801,5.42302,5.42165,1.13753,3.96097,6.63884
92.4418488,5.3222,5.32081,1.29437,4.0954,6.69772
92.44291904,5.27296,5.27156,1.36943,4.15874,6.72424
92.44440161,5.20476,5.20334,1.47342,4.24547,6.76099
92.44674754,5.09446,5.09302,1.63796,4.38015,6.81558
92.4509197,4.89279,4.89131,1.93059,4.61125,6.9043
92.4537309,4.753,4.75149,2.12721,4.76045,6.95805
92.45512224,4.68232,4.68079,2.22452,4.83227,6.98232
92.45639024,4.61791,4.61637,2.31286,4.89651,7.00445
92.45754292,4.55822,4.55667,2.39317,4.95391,7.02276
92.45885163,4.49046,4.48889,2.48382,5.01792,7.04355
92.46125297,4.36391,4.36232,2.65016,5.13225,7.07814
92.46589807,4.11315,4.11151,2.96828,5.34231,7.13519
92.47518828,3.58904,3.58732,3.58609,5.72047,7.21061
92.48573035,2.96021,2.95841,4.24437,6.08437,7.2347
92.49254084,2.53586,2.53401,4.63881,6.28341,7.21604
92.496488,2.28377,2.28189,4.85428,6.386,7.19308
92.49838212,2.16126,2.15936,4.95392,6.43193,7.17893
92.5001921,2.04329,2.04139,5.04672,6.47384,7.16353
92.50190499,1.93086,1.92895,5.13234,6.51172,7.14727
92.50350024,1.82549,1.82357,5.21018,6.54544,7.13067
92.50669075,1.61286,1.61092,5.36049,6.6084,7.09326
92.51307177,1.18049,1.17851,5.6404,6.71647,7.0019
92.52458975,0.378534,0.376501,6.07886,6.85199,6.78253
92.53516547,-0.378949,-0.381022,6.40808,6.90991,6.52131
92.54335986,-0.977287,-0.979379,6.61591,6.91173,6.28086
92.54735252,-1.27174,-1.27384,6.7024,6.89916,6.15195
92.54978158,-1.45161,-1.45371,6.75032,6.88723,6.06983
92.55214559,-1.62708,-1.62918,6.79356,6.87256,5.98728
92.55386182,-1.75447,-1.75657,6.82287,6.86002,5.92575
92.55661972,-1.9593,-1.9614,6.86631,6.83659,5.82409
92.56213553,-2.36802,-2.3701,6.93972,6.77769,5.61071
92.57316714,-3.17268,-3.17469,7.03333,6.61288,5.14524
92.59523035,-4.64627,-4.64799,7.01441,6.10534,4.07292
92.60397055,-5.16072,-5.16225,6.93249,5.84093,3.5989
92.60879981,-5.424,-5.42542,6.86955,5.68002,3.32579
92.613408,-5.65988,-5.66119,6.79805,5.51704,3.05823
92.61774308,-5.86797,-5.86919,6.72076,5.35555,2.80064
92.62240703,-6.07717,-6.0783,6.62695,5.17319,2.51742
92.63173495,-6.45148,-6.45241,6.40709,4.78277,1.93347
92.641968,-6.79621,-6.79695,6.118,4.31689,1.26824
92.65788289,-7.19902,-7.19945,5.57428,3.52046,0.190224
92.67028597,-7.40245,-7.40266,5.07536,2.84386,-0.680219
92.6766965,-7.47017,-7.47026,4.79281,2.47622,-1.13834
92.68314394,-7.51296,-7.51293,4.4926,2.09515,-1.60234
92.68487742,-7.52016,-7.5201,4.4092,1.99082,-1.72745
92.68659725,-7.52551,-7.52542,4.32536,1.88656,-1.85159
92.69003692,-7.53092,-7.53076,4.15451,1.67591,-2.09985
92.69691627,-7.52076,-7.52049,3.80054,1.24651,-2.59325
92.71067496,-7.41855,-7.41805,3.04697,0.35903,-3.55014
92.71195627,-7.4023,-7.40177,2.97347,0.274319,-3.63681
92.71451887,-7.36979,-7.36922,2.82534,0.104237,-3.80863
92.71964409,-7.29285,-7.2922,2.52372,-0.238912,-4.14404
92.72606184,-7.17659,-7.17584,2.13616,-0.673742,-4.54523
92.72952765,-7.10465,-7.10385,1.92242,-0.910669,-4.7521
92.73296475,-7.02705,-7.02619,1.70751,-1.14678,-4.94952
92.73490453,-6.98023,-6.97934,1.58496,-1.28052,-5.05734
92.73546189,-6.96678,-6.96588,1.54951,-1.31894,-5.08757
92.73596687,-6.95401,-6.9531,1.5174,-1.35376,-5.11497
92.73654833,-6.9393,-6.93839,1.48042,-1.39393,-5.14651
92.73745471,-6.91637,-6.91544,1.42241,-1.45655,-5.19446
92.73840491,-6.89123,-6.89029,1.3616,-1.52219,-5.24474
92.74001415,-6.84865,-6.84768,1.258,-1.63337,-5.32779
92.74320683,-6.75953,-6.75852,1.0508,-1.85393,-5.48697
92.74892821,-6.58717,-6.58607,0.67429,-2.24782,-5.75435
92.75885781,-6.25065,-6.24942,0.00662772,-2.92056,-6.1664
92.76951453,-5.83882,-5.83745,-0.726785,-3.61461,-6.53779
92.77427763,-5.63826,-5.63684,-1.05929,-3.91254,-6.68048
92.77897306,-5.43096,-5.42947,-1.38893,-4.19641,-6.80729
92.78149238,-5.31587,-5.31435,-1.56642,-4.34427,-6.86969
92.78370992,-5.2124,-5.21086,-1.72265,-4.47142,-6.92139
92.78814501,-4.99952,-4.99794,-2.0347,-4.71626,-7.01576
92.7899786,-4.90884,-4.90724,-2.16371,-4.81363,-7.05067
92.79104848,-4.85593,-4.85432,-2.23873,-4.86896,-7.07103
92.79206845,-4.80448,-4.80285,-2.31026,-4.92171,-7.08887
92.79322815,-4.74599,-4.74434,-2.39131,-4.98034,-7.10916
92.79448285,-4.68187,-4.68021,-2.479,-5.04269,-7.1298
92.79687545,-4.55797,-4.55629,-2.64543,-5.15854,-7.16651
92.80166066,-4.30385,-4.30212,-2.97504,-5.37866,-7.22961
92.81123108,-3.77157,-3.76975,-3.6149,-5.77473,-7.31491
92.82181737,-3.14786,-3.14595,-4.27908,-6.14674,-7.34672
92.82856564,-2.73226,-2.73029,-4.67191,-6.34844,-7.33321
92.83240459,-2.48991,-2.48792,-4.8828,-6.45104,-7.31394
92.83422473,-2.37356,-2.37155,-4.9793,-6.49663,-7.30189
92.83598059,-2.26048,-2.25845,-5.07015,-6.53876,-7.28851
92.83762941,-2.15355,-2.15151,-5.15343,-6.57668,-7.27438
92.83941664,-2.03685,-2.03481,-5.24151,-6.61598,-7.25737
92.8429911,-1.80109,-1.79902,-5.411,-6.68899,-7.21809
92.85014002,-1.32062,-1.31851,-5.72438,-6.81273,-7.11883
92.8603862,-0.613179,-0.611014,-6.11635,-6.93886,-6.92955
92.8722577,0.230236,0.23245,-6.48898,-7.01071,-6.64339
92.88215403,0.949108,0.951348,-6.73414,-7.01076,-6.35197
92.88675241,1.28701,1.28926,-6.82803,-6.99251,-6.20064
92.88990821,1.51994,1.52218,-6.88517,-6.97336,-6.09107
92.89221912,1.69086,1.6931,-6.92327,-6.95596,-6.00795
92.89462939,1.86913,1.87137,-6.95967,-6.9348,-5.91872
92.8989938,2.19158,2.19381,-7.01692,-6.88873,-5.75066
92.9077226,2.83063,2.83282,-7.0983,-6.76723,-5.39027
92.92518021,4.04609,4.04808,-7.13167,-6.41151,-4.57899
92.93754937,4.82524,4.827,-7.05347,-6.07227,-3.936
92.9441317,5.20286,5.20446,-6.9782,-5.86335,-3.57218
92.94758004,5.38885,5.39037,-6.92961,-5.74626,-3.37587
92.95072324,5.55081,5.55225,-6.87994,-5.63511,-3.1937
92.95453708,5.73758,5.73893,-6.81288,-5.4947,-2.96868
92.95849131,5.92019,5.92145,-6.73561,-5.34284,-2.73093
92.96639977,6.25291,6.25399,-6.55793,-5.02059,-2.24269
92.97589698,6.59694,6.59783,-6.30495,-4.6023,-1.63558
92.98943871,6.98565,6.98626,-5.87284,-3.95072,-0.73554
93.00845453,7.33479,7.33501,-5.13428,-2.93732,0.582355
93.01670989,7.41587,7.41594,-4.76794,-2.46403,1.16991
93.02235324,7.44715,7.44711,-4.50247,-2.12984,1.57474
93.02418477,7.45312,7.45304,-4.41376,-2.01959,1.7065
93.02586028,7.45681,7.45669,-4.33154,-1.91802,1.82704
93.0292113,7.45912,7.45894,-4.16416,-1.71288,2.06793
93.03591335,7.44376,7.44346,-3.81801,-1.29512,2.54685
93.04931744,7.33494,7.3344,-3.08326,-0.433019,3.47687
93.06176825,7.14327,7.14251,-2.35422,0.394751,4.28344
93.06929871,6.98613,6.98524,-1.89318,0.905585,4.73433
93.07315411,6.89391,6.89296,-1.65165,1.16939,4.95205
93.0752802,6.8397,6.83872,-1.51694,1.31544,5.06788
93.07654701,6.80628,6.80528,-1.43618,1.40247,5.1353
93.07865889,6.74874,6.7477,-1.30078,1.54776,5.24498
93.08053647,6.69568,6.69461,-1.1796,1.67692,5.33967
93.08429162,6.58424,6.58311,-0.935088,1.93501,5.52138
93.09180194,6.34057,6.33934,-0.438041,2.44763,5.85542
93.10274194,5.93785,5.93645,0.302695,3.17578,6.27498
93.11032618,5.62653,5.62503,0.826025,3.66092,6.52045
93.11414316,5.46018,5.45863,1.09188,3.89731,6.63016
93.11621743,5.36712,5.36554,1.23692,4.02326,6.68593
93.11865457,5.25544,5.25384,1.40767,4.16857,6.74804
93.12024893,5.18105,5.17942,1.51952,4.26192,6.78667
93.12274698,5.06239,5.06073,1.69476,4.40526,6.84405
93.12768847,4.82028,4.81856,2.04099,4.67716,6.94622
93.1297659,4.71561,4.71387,2.1861,4.7866,6.9847
93.13096899,4.65396,4.6522,2.27014,4.8486,7.00536
93.13209809,4.5961,4.59433,2.34872,4.90584,7.02474
93.13332095,4.5323,4.53052,2.43382,4.96679,7.04393
93.13461956,4.46455,4.46276,2.52367,5.03035,7.0643
93.13685796,4.34578,4.34396,2.67853,5.13713,7.09619
93.14133475,4.10275,4.10088,2.98483,5.34047,7.15087
93.15028833,3.59578,3.59382,3.58026,5.7081,7.22427
93.16086071,2.96354,2.96148,4.24107,6.07765,7.25016
93.16770686,2.53589,2.53377,4.6379,6.28051,7.23233
93.17168853,2.28093,2.27878,4.85538,6.3855,7.20962
93.17360106,2.1569,2.15474,4.95601,6.43257,7.19551
93.17542715,2.03756,2.03538,5.04964,6.47548,7.18013
93.17711812,1.92628,1.92409,5.13418,6.51346,7.16422
93.17876123,1.81746,1.81526,5.21434,6.54874,7.14724
93.18204745,1.59782,1.5956,5.36897,6.61456,7.10883
93.1886199,1.15104,1.14878,5.65629,6.72722,7.01443
93.19997789,0.357827,0.355498,6.08687,6.86301,6.79745
93.2107715,-0.417373,-0.41975,6.42103,6.9239,6.53005
93.21877698,-1.00337,-1.00577,6.62265,6.92686,6.29446
93.2226619,-1.29046,-1.29287,6.70646,6.9155,6.16896
93.22468748,-1.44072,-1.44313,6.74655,6.90629,6.10068
93.2270705,-1.61788,-1.62028,6.79058,6.89259,6.01791
93.22868354,-1.73779,-1.7402,6.81845,6.88158,5.96041
93.23123884,-1.92789,-1.93029,6.85945,6.8613,5.86691
93.23634942,-2.30741,-2.3098,6.92988,6.81035,5.67121
93.24657059,-3.05668,-3.059,7.02493,6.66781,5.24628
93.26701293,-4.45009,-4.45212,7.03706,6.22811,4.27292
93.27993825,-5.21777,-5.21952,6.92563,5.8485,3.57871
93.28605539,-5.54449,-5.54609,6.84151,5.64247,3.23024
93.29173657,-5.82483,-5.82629,6.74583,5.43664,2.89602
93.29697076,-6.06328,-6.06462,6.64306,5.2351,2.57963
93.30621024,-6.4389,-6.44004,6.42847,4.8527,2.00288
93.32027467,-6.90303,-6.90385,6.02384,4.20935,1.08519
93.33376231,-7.22891,-7.22945,5.55179,3.52791,0.16624
93.34618977,-7.42798,-7.42827,5.04831,2.84896,-0.707756
93.35224328,-7.49024,-7.4904,4.78024,2.50159,-1.14106
93.3582807,-7.53003,-7.53007,4.49879,2.14514,-1.57611
93.35990932,-7.53697,-7.53697,4.42049,2.04732,-1.69383
93.36152291,-7.54227,-7.54224,4.34196,1.94974,-1.81046
93.36475008,-7.54819,-7.5481,4.1821,1.75268,-2.04372
93.37120442,-7.54152,-7.54131,3.85154,1.35133,-2.50792
93.3841131,-7.45579,-7.45533,3.14982,0.522736,-3.41269
93.3973288,-7.27093,-7.27022,2.37997,-0.356054,-4.27954
93.40525845,-7.1141,-7.11325,1.89495,-0.895407,-4.75924
93.40923614,-7.02274,-7.02183,1.64555,-1.16859,-4.98585
93.41144706,-6.96835,-6.9674,1.50523,-1.32108,-5.10727
93.41228565,-6.94684,-6.94588,1.45162,-1.37892,-5.15206
93.41328849,-6.92112,-6.92014,1.3875,-1.44821,-5.20563
93.41437497,-6.89201,-6.89101,1.31768,-1.52328,-5.26246
93.41593731,-6.85014,-6.84912,1.21683,-1.63122,-5.34264
93.41906198,-6.76186,-6.76078,1.01355,-1.84711,-5.49769
93.42495239,-6.58227,-6.5811,0.625,-2.25259,-5.77142
93.43500282,-6.23741,-6.23609,-0.0524426,-2.933,-6.18499
93.44587245,-5.81212,-5.81063,-0.802096,-3.63926,-6.55901
93.45034954,-5.62156,-5.62001,-1.11511,-3.9186,-6.69128
93.45280497,-5.51332,-5.51174,-1.28762,-4.06839,-6.75849
93.4553019,-5.40063,-5.39901,-1.46344,-4.21771,-6.82301
93.45757137,-5.29596,-5.29431,-1.62338,-4.35048,-6.87832
93.46154809,-5.10749,-5.1058,-1.90364,-4.57566,-6.96762
93.46459803,-4.95866,-4.95693,-2.11809,-4.74141,-7.02956
93.46601475,-4.88804,-4.88629,-2.21771,-4.81584,-7.05603
93.46685982,-4.84592,-4.84416,-2.2769,-4.86023,-7.07183
93.46875307,-4.75003,-4.74824,-2.40952,-4.95687,-7.10482
93.4699121,-4.69019,-4.68839,-2.49028,-5.01477,-7.12394
93.47198824,-4.58301,-4.58119,-2.63493,-5.11612,-7.15616
93.47614051,-4.36297,-4.3611,-2.92153,-5.31004,-7.21282
93.48444504,-3.9046,-3.90263,-3.4811,-5.66424,-7.29526
93.49576859,-3.24281,-3.24073,-4.20061,-6.07795,-7.34236
93.50669897,-2.567,-2.56482,-4.82868,-6.40369,-7.31777
93.51097459,-2.29325,-2.29104,-5.05418,-6.51168,-7.28967
93.51508548,-2.02545,-2.0232,-5.25929,-6.60535,-7.25302
93.51830658,-1.81261,-1.81034,-5.41191,-6.67184,-7.21779
93.52194287,-1.56933,-1.56703,-5.57579,-6.73964,-7.17122
93.52921543,-1.07392,-1.07157,-5.87766,-6.8523,-7.05688
93.53850483,-0.425608,-0.423207,-6.21453,-6.95219,-6.87066
93.55304646,0.617853,0.620317,-6.63542,-7.01132,-6.49243
93.56067873,1.17671,1.1792,-6.8051,-6.9956,-6.25284
93.56470235,1.47356,1.47605,-6.88051,-6.97455,-6.11548
93.56726506,1.66326,1.66574,-6.92352,-6.95658,-6.02409
93.56858095,1.76066,1.76315,-6.94411,-6.946,-5.97601
93.57121273,1.95547,1.95795,-6.98222,-6.9221,-5.87755
93.5764763,2.3442,2.34666,-7.04631,-6.86345,-5.67159
93.58700342,3.11002,3.11241,-7.12652,-6.70375,-5.22488
93.60805768,4.52276,4.52482,-7.10095,-6.22349,-4.20397
93.61720162,5.06692,5.06876,-7.01426,-5.95047,-3.71069
93.6221182,5.33752,5.33923,-6.94917,-5.78816,-3.43375
93.62680443,5.57941,5.581,-6.8754,-5.62374,-3.16266
93.63018435,5.744,5.7455,-6.8152,-5.49943,-2.96301
93.63387692,5.91447,5.91588,-6.74284,-5.35826,-2.74111
93.64126205,6.22706,6.2283,-6.57791,-5.0597,-2.28614
93.64964183,6.53722,6.53826,-6.35897,-4.6957,-1.75308
93.66467562,6.97864,6.97934,-5.88548,-3.9801,-0.757672
93.68302227,7.32234,7.32264,-5.17656,-3.00837,0.511733
93.6918332,7.41243,7.41255,-4.78741,-2.50603,1.13802
93.69685372,7.44234,7.44235,-4.55225,-2.21022,1.49803
93.69854405,7.44894,7.44891,-4.47095,-2.10912,1.61963
93.70010971,7.4535,7.45344,-4.39471,-2.01485,1.73225
93.7028524,7.45794,7.45782,-4.25907,-1.84827,1.92955
93.70833778,7.45336,7.45313,-3.98003,-1.50994,2.3229
93.71930855,7.39133,7.39088,-3.39262,-0.814405,3.09598
93.74125008,7.06482,7.06395,-2.11428,0.635763,4.50753
93.74884589,6.89041,6.88941,-1.64183,1.15225,4.94065
93.75265615,6.79138,6.79031,-1.39952,1.41313,5.14444
93.75404173,6.75303,6.75194,-1.31057,1.50822,5.21611
93.75530536,6.71806,6.71695,-1.22908,1.59494,5.28026
93.75760601,6.6515,6.65034,-1.07986,1.75282,5.39406
93.76157374,6.53049,6.52927,-0.820033,2.02463,5.58141
93.76950919,6.26546,6.26411,-0.291676,2.56333,5.92374
93.78052166,5.84875,5.84723,0.458112,3.28926,6.33012
93.78705353,5.57557,5.57395,0.910472,3.7029,6.5343
93.79051506,5.42317,5.4215,1.15203,3.91566,6.63155
93.79231295,5.34196,5.34027,1.27797,4.02419,6.6791
93.79341798,5.29104,5.28933,1.35537,4.09012,6.70683
93.79485868,5.22465,5.22292,1.45647,4.17511,6.74298
93.7968203,5.13242,5.13066,1.59413,4.28901,6.78947
93.80018729,4.97046,4.96866,1.83042,4.47921,6.86374
93.80291683,4.83583,4.834,2.02158,4.62815,6.91882
93.80519727,4.7211,4.71924,2.18128,4.74873,6.96134
93.80707946,4.62488,4.62299,2.31257,4.84551,6.99404
93.80788129,4.58328,4.58138,2.3685,4.88559,7.007
93.80916292,4.51679,4.51487,2.45751,4.94966,7.02771
93.81040836,4.45139,4.44945,2.544,5.01042,7.04658
93.81289923,4.31886,4.31689,2.716,5.1287,7.0815
93.81788099,4.04705,4.04502,3.05613,5.35268,7.14011
93.8278445,3.4778,3.47567,3.71354,5.75265,7.21296
93.83831053,2.84549,2.84326,4.35768,6.10633,7.2268
93.84504226,2.42136,2.41907,4.74013,6.29862,7.20229
93.84835016,2.2082,2.20587,4.91748,6.38314,7.18078
93.85015639,2.09054,2.0882,5.01113,6.42654,7.16643
93.85185101,1.97937,1.97701,5.09685,6.4655,7.1513
93.85418921,1.82477,1.8224,5.21172,6.51649,7.12781
93.85657495,1.66563,1.66324,5.32493,6.5652,7.10074
93.86134642,1.34331,1.34088,5.53963,6.65262,7.03729
93.87004746,0.742732,0.740244,5.89257,6.77799,6.89024
93.88170332,-0.0844896,-0.0870411,6.29008,6.87797,6.63175
93.89459797,-1.02342,-1.02602,6.63222,6.8997,6.26706
93.89953313,-1.388,-1.3906,6.73636,6.88362,6.10614
93.90178056,-1.55482,-1.55742,6.77891,6.87186,6.02902
93.90271469,-1.62416,-1.62675,6.79519,6.8657,5.99588
93.90458297,-1.763,-1.76559,6.82775,6.85338,5.9296
93.90813084,-2.02666,-2.02925,6.88289,6.82397,5.79864
93.91522658,-2.55162,-2.55418,6.97093,6.74528,5.52016
93.92941807,-3.57221,-3.57463,7.05953,6.51092,4.90036
93.94159201,-4.39193,-4.39413,7.04451,6.23099,4.30581
93.95170533,-5.0137,-5.01565,6.96974,5.94538,3.77079
93.95605651,-5.26131,-5.26314,6.92046,5.80808,3.52963
93.95861979,-5.4009,-5.40266,6.88669,5.72324,3.38461
93.96104538,-5.52851,-5.5302,6.85154,5.64033,3.24544
93.96344608,-5.65051,-5.65213,6.81373,5.55578,3.1059
93.96761631,-5.8525,-5.85402,6.741,5.40315,2.85937
93.97595675,-6.2202,-6.22151,6.5692,5.07663,2.35145
93.98752177,-6.65295,-6.65397,6.27471,4.57914,1.61709
94.00006546,-7.02392,-7.02465,5.88452,3.98439,0.785577
94.01655386,-7.35983,-7.36018,5.26666,3.12329,-0.352683
94.02685091,-7.48363,-7.48375,4.82353,2.54337,-1.08384
94.03159998,-7.51872,-7.51874,4.60493,2.26567,-1.42487
94.0332656,-7.52777,-7.52775,4.5262,2.1668,-1.54499
94.03483252,-7.53475,-7.53469,4.45118,2.07314,-1.65798
94.03683037,-7.5415,-7.5414,4.35423,1.95281,-1.80205
94.04082607,-7.54785,-7.54766,4.15603,1.70925,-2.09007
94.04881747,-7.53227,-7.53192,3.74316,1.21119,-2.66188
94.06480028,-7.39119,-7.39051,2.85676,0.177089,-3.75984
94.07653598,-7.19698,-7.19606,2.1586,-0.609351,-4.50244
94.08239591,-7.07199,-7.07096,1.79606,-1.00895,-4.84655
94.0861026,-6.98352,-6.98242,1.56228,-1.26342,-5.05295
94.0873408,-6.952,-6.95088,1.48345,-1.34873,-5.11929
94.08845986,-6.92351,-6.92238,1.41189,-1.42582,-5.17925
94.08971331,-6.89002,-6.88886,1.33141,-1.51218,-5.24473
94.09105305,-6.85422,-6.85303,1.245,-1.60456,-5.31342
94.09373253,-6.77904,-6.77781,1.07102,-1.78932,-5.44688
94.0990915,-6.61798,-6.61665,0.71865,-2.15788,-5.69868
94.10980943,-6.2544,-6.2529,-0.00186721,-2.88353,-6.14459
94.12009329,-5.8556,-5.85393,-0.709951,-3.55359,-6.50266
94.12494266,-5.65105,-5.64931,-1.04857,-3.85766,-6.64823
94.12974048,-5.43869,-5.43688,-1.38555,-4.1485,-6.77785
94.13103158,-5.37952,-5.37769,-1.47656,-4.22492,-6.80978
94.13231177,-5.32085,-5.319,-1.5668,-4.29983,-6.84145
94.13443492,-5.22149,-5.21961,-1.71646,-4.42199,-6.8909
94.13868123,-5.01734,-5.0154,-2.01543,-4.65784,-6.98155
94.14068205,-4.9182,-4.91623,-2.1563,-4.76484,-7.02045
94.14186007,-4.85982,-4.85784,-2.23892,-4.82618,-7.04191
94.14271397,-4.81671,-4.81471,-2.29882,-4.87065,-7.05746
94.14353046,-4.77548,-4.77347,-2.35608,-4.91195,-7.07131
94.14483152,-4.70872,-4.7067,-2.44695,-4.97777,-7.09337
94.14613607,-4.64178,-4.63974,-2.53806,-5.04217,-7.11414
94.14874516,-4.50535,-4.50328,-2.71926,-5.16744,-7.15261
94.15396335,-4.22506,-4.22292,-3.07747,-5.4043,-7.2173
94.16439973,-3.63632,-3.63406,-3.76865,-5.82592,-7.29828
94.17472712,-3.01919,-3.01683,-4.40567,-6.17709,-7.31591
94.1815858,-2.59157,-2.58915,-4.7958,-6.37479,-7.2938
94.18474379,-2.39014,-2.38769,-4.96533,-6.4564,-7.27465
94.18677975,-2.25883,-2.25636,-5.07097,-6.50589,-7.25933
94.18873135,-2.13194,-2.12945,-5.16945,-6.55104,-7.24249
94.19069146,-2.00351,-2.001,-5.26565,-6.59415,-7.22346
94.19461169,-1.74381,-1.74128,-5.45006,-6.67365,-7.17909
94.20245215,-1.21383,-1.21123,-5.78827,-6.80592,-7.06557
94.21308791,-0.474628,-0.47197,-6.18436,-6.92905,-6.8601
94.2253754,0.403888,0.406605,-6.55489,-6.99194,-6.55163
94.23378092,1.01717,1.01991,-6.75557,-6.98676,-6.29819
94.23784769,1.3167,1.31944,-6.83744,-6.97039,-6.16352
94.23981897,1.46247,1.46522,-6.87357,-6.95923,-6.09545
94.24091529,1.54355,1.5463,-6.89224,-6.95173,-6.0565
94.24225286,1.64261,1.64536,-6.91501,-6.94258,-6.00898
94.24405469,1.77606,1.77881,-6.94344,-6.92822,-5.94325
94.24701477,1.9953,1.99804,-6.98601,-6.90093,-5.83216
94.25293495,2.4323,2.43502,-7.0558,-6.83267,-5.59859
94.26477531,3.28925,3.29186,-7.13489,-6.64286,-5.08795
94.28845601,4.82883,4.83097,-7.05971,-6.06273,-3.90931
94.29007442,4.92428,4.92637,-7.04254,-6.01279,-3.82073
94.29331124,5.11053,5.11253,-7.0049,-5.91014,-3.64151
94.2955651,5.23596,5.2379,-6.97575,-5.83624,-3.51493
94.29727242,5.3284,5.33028,-6.95195,-5.77883,-3.41799
94.29831698,5.38382,5.38567,-6.93625,-5.74277,-3.35801
94.2997655,5.45928,5.46108,-6.91448,-5.69277,-3.27483
94.30266254,5.60543,5.60715,-6.86693,-5.58949,-3.10611
94.30809944,5.8632,5.86476,-6.76622,-5.38634,-2.78286
94.31897326,6.31718,6.31844,-6.52105,-4.94498,-2.11233
94.32935398,6.67665,6.67764,-6.2343,-4.48206,-1.44481
94.34315843,7.0463,7.04695,-5.77728,-3.80814,-0.521418
94.36046287,7.33938,7.3396,-5.09067,-2.87866,0.681453
94.36777936,7.40707,7.40711,-4.76397,-2.45916,1.20193
94.37506438,7.44191,7.44178,-4.41859,-2.02733,1.72349
94.37704395,7.44581,7.44563,-4.32136,-1.90764,1.86551
94.37899815,7.44733,7.44711,-4.224,-1.78855,2.00572
94.38290656,7.44356,7.44325,-4.02534,-1.54774,2.28541
94.39072337,7.40907,7.40858,-3.61289,-1.05631,2.83896
94.40635699,7.23541,7.23458,-2.73246,-0.039623,3.89501
94.40855205,7.19858,7.1977,-2.60234,0.107004,4.03626
94.41294216,7.11862,7.11764,-2.33906,0.401862,4.31284
94.41731581,7.02931,7.02824,-2.0722,0.697877,4.57831
94.4205967,6.95579,6.95466,-1.86899,0.921284,4.76991
94.4236566,6.88149,6.8803,-1.67719,1.1306,4.94212
94.42449914,6.86104,6.85983,-1.62392,1.18823,4.98815
94.42527958,6.84094,6.83972,-1.57457,1.24178,5.03078
94.42622328,6.81665,6.81541,-1.51457,1.30654,5.08124
94.42676732,6.80208,6.80083,-1.47998,1.34387,5.11032
94.42851625,6.75525,6.75396,-1.36816,1.46405,5.20165
94.42994169,6.71573,6.71441,-1.27654,1.562,5.27438
94.43270514,6.63618,6.63481,-1.0977,1.75189,5.4111
94.43748081,6.48975,6.48829,-0.78503,2.07939,5.63456
94.44703215,6.16378,6.16215,-0.147329,2.7264,6.03502
94.45718347,5.77078,5.76898,0.545976,3.39206,6.39521
94.46349248,5.50317,5.50126,0.983472,3.78953,6.58585
94.4671515,5.33999,5.33802,1.23897,4.01287,6.68492
94.46936408,5.23854,5.23653,1.394,4.14502,6.74076
94.47048535,5.18583,5.18381,1.47257,4.21104,6.76791
94.47272788,5.0804,5.07835,1.62982,4.34097,6.81986
94.47702289,4.87184,4.86972,1.931,4.58129,6.91071
94.48028633,4.70848,4.70631,2.1591,4.75579,6.97217
94.4817205,4.63507,4.63288,2.25934,4.83017,6.99664
94.4827994,4.57985,4.57764,2.33445,4.88477,7.01506
94.48378025,4.52873,4.52652,2.40273,4.93441,7.03035
94.4851324,4.45827,4.45604,2.49642,5.00118,7.05143
94.48683244,4.3684,4.36614,2.6142,5.08328,7.07585
94.49023252,4.18546,4.18316,2.84788,5.24151,7.11944
94.49703269,3.8073,3.80491,3.30671,5.53497,7.18582
94.50740078,3.201,3.19849,3.97455,5.9259,7.23435
94.51892692,2.48818,2.48554,4.65301,6.28302,7.21509
94.52387349,2.1704,2.16772,4.91967,6.41164,7.1835
94.52666847,1.98788,1.98517,5.06308,6.47786,7.15954
94.52930124,1.81409,1.81136,5.19313,6.536,7.13299
94.53197643,1.63573,1.63298,5.32028,6.59089,7.1021
94.53632049,1.34249,1.3397,5.51628,6.67109,7.04361
94.5450086,0.743628,0.740778,5.87094,6.79857,6.89638
94.55526789,0.0176122,0.0147007,6.22785,6.89321,6.67197
94.5688553,-0.968725,-0.971688,6.60047,6.92731,6.29404
94.57399797,-1.34795,-1.35092,6.71212,6.91341,6.12758
94.57671633,-1.54947,-1.55244,6.76468,6.90019,6.03451
94.57761425,-1.61603,-1.619,6.78059,6.8945,6.00264
94.57941011,-1.74937,-1.75233,6.8124,6.88313,5.93891
94.58274309,-1.99683,-1.99978,6.86549,6.85663,5.81609
94.58940906,-2.48993,-2.49285,6.95202,6.78605,5.55579
94.602741,-3.45253,-3.45531,7.04768,6.57648,4.97937
94.62940487,-5.12793,-5.13006,6.94193,5.90206,3.62727
94.63884446,-5.62453,-5.62638,6.81188,5.58493,3.08905
94.64738133,-6.02372,-6.02531,6.65427,5.26511,2.57837
94.65684573,-6.40956,-6.41087,6.4368,4.87601,1.98836
94.6664087,-6.73962,-6.74066,6.1731,4.44798,1.36922
94.6814396,-7.13972,-7.14034,5.67413,3.70997,0.356389
94.69503815,-7.37907,-7.37932,5.13873,2.97919,-0.594373
94.70224998,-7.45939,-7.45945,4.82388,2.56893,-1.10914
94.70671837,-7.49314,-7.49309,4.61851,2.30736,-1.43064
94.70816807,-7.50089,-7.50079,4.54987,2.22132,-1.53534
94.70951493,-7.50808,-7.50795,4.48609,2.1409,-1.6326
94.71138657,-7.51544,-7.51527,4.39585,2.02836,-1.76777
94.71512986,-7.52389,-7.52361,4.21157,1.80072,-2.0381
94.72261642,-7.51591,-7.51545,3.82842,1.33565,-2.57555
94.73758955,-7.40303,-7.40221,3.00802,0.371157,-3.61445
94.74937893,-7.22577,-7.22467,2.3153,-0.415862,-4.37521
94.75662287,-7.07927,-7.07801,1.87082,-0.909195,-4.80795
94.76038058,-6.99225,-6.99091,1.63495,-1.16736,-5.01978
94.76253858,-6.93892,-6.93753,1.49793,-1.31623,-5.13711
94.76342282,-6.91606,-6.91465,1.44134,-1.37723,-5.18373
94.76479401,-6.88061,-6.87918,1.35357,-1.47199,-5.25603
94.76618198,-6.84344,-6.84197,1.26418,-1.5679,-5.32732
94.76886977,-6.76869,-6.76717,1.08987,-1.75365,-5.46137
94.77424536,-6.60842,-6.60679,0.736807,-2.12435,-5.71424
94.78499654,-6.24615,-6.24431,0.0147234,-2.85474,-6.16194
94.79522997,-5.85163,-5.8496,-0.689369,-3.52465,-6.51863
94.80019252,-5.64337,-5.64125,-1.0357,-3.8375,-6.66768
94.8051267,-5.42575,-5.42354,-1.38215,-4.13813,-6.80065
94.80645633,-5.36497,-5.36274,-1.47585,-4.21721,-6.83337
94.80776947,-5.30494,-5.30269,-1.5684,-4.29439,-6.86568
94.80981866,-5.20928,-5.207,-1.71281,-4.41289,-6.91314
94.81391703,-5.0129,-5.01055,-2.00151,-4.64204,-7.00036
94.81623126,-4.89906,-4.89667,-2.16412,-4.76654,-7.04508
94.81750774,-4.83514,-4.83274,-2.2538,-4.83322,-7.068
94.81841678,-4.78963,-4.78721,-2.31748,-4.8807,-7.08432
94.81927175,-4.7461,-4.74367,-2.37737,-4.92402,-7.09854
94.82060902,-4.67802,-4.67556,-2.47069,-4.99177,-7.12077
94.82196412,-4.60811,-4.60564,-2.56525,-5.05872,-7.14185
94.82467431,-4.46626,-4.46375,-2.75324,-5.1888,-7.18069
94.83009469,-4.17457,-4.17198,-3.12452,-5.43425,-7.24515
94.84093547,-3.56103,-3.55829,-3.83873,-5.86905,-7.32191
94.85116535,-2.94762,-2.94476,-4.46402,-6.21302,-7.3316
94.85814967,-2.51088,-2.50796,-4.85626,-6.41165,-7.30378
94.86124547,-2.31287,-2.30991,-5.02002,-6.4904,-7.28262
94.86420617,-2.12109,-2.11811,-5.17039,-6.56044,-7.25737
94.86666781,-1.95993,-1.95692,-5.29073,-6.61475,-7.2327
94.86939658,-1.77951,-1.77648,-5.41923,-6.67081,-7.20146
94.87485412,-1.41344,-1.41036,-5.66125,-6.76996,-7.12691
94.88350473,-0.820022,-0.816876,-6.00545,-6.89192,-6.97642
94.89624254,0.0791618,0.0823851,-6.42723,-6.99411,-6.68509
94.90955112,1.04366,1.04693,-6.76239,-7.00447,-6.29575
94.91463833,1.41754,1.42081,-6.86233,-6.98274,-6.1246
94.91721571,1.60781,1.61107,-6.90708,-6.96637,-6.03328
94.9182017,1.6806,1.68386,-6.92258,-6.95866,-5.99711
94.92017369,1.82623,1.82948,-6.95359,-6.94322,-5.92477
94.92411766,2.11749,2.12072,-7.00764,-6.90518,-5.77411
94.9320056,2.69577,2.69894,-7.08861,-6.80495,-5.45286
94.94778149,3.80794,3.81086,-7.14427,-6.51135,-4.73545
94.95960309,4.57698,4.5796,-7.09515,-6.21299,-4.13642
94.96957397,5.16244,5.16472,-6.99492,-5.91154,-3.5933
94.97361416,5.38091,5.38304,-6.93924,-5.77677,-3.36382
94.97750495,5.58017,5.58216,-6.8776,-5.64034,-3.13799
94.98119017,5.75875,5.76061,-6.81206,-5.50527,-2.91991
94.98525453,5.94446,5.94618,-6.73185,-5.34985,-2.67487
94.99338323,6.28172,6.28316,-6.54702,-5.01941,-2.17146
95.00325263,6.63176,6.63289,-6.28016,-4.5846,-1.53822
95.01701425,7.01401,7.01471,-5.83395,-3.92092,-0.620044
95.03424431,7.3231,7.32328,-5.1616,-3.00466,0.575771
95.04307664,7.40962,7.40954,-4.77037,-2.50088,1.20393
95.04955462,7.44262,7.44235,-4.4645,-2.11793,1.6682
95.05163547,7.44779,7.44746,-4.36294,-1.99261,1.81768
95.05352414,7.45022,7.44984,-4.26942,-1.87794,1.95336
95.05730148,7.44869,7.44821,-4.07867,-1.6461,2.22417
95.06485614,7.4204,7.4197,-3.68291,-1.17307,2.76083
95.07996548,7.2656,7.2645,-2.83885,-0.194471,3.78969
95.09152379,7.06136,7.05997,-2.14976,0.578774,4.51364
95.09750872,6.9271,6.92556,-1.77922,0.985889,4.86041
95.10125086,6.83351,6.83188,-1.54312,1.24212,5.06543
95.10245883,6.80138,6.79972,-1.4662,1.32511,5.12903
95.10358122,6.77153,6.76984,-1.39444,1.40222,5.18813
95.10525542,6.72528,6.72355,-1.28689,1.51725,5.27378
95.10694597,6.67714,6.67537,-1.17769,1.63344,5.35815
95.11032708,6.57655,6.5747,-0.957524,1.86582,5.52071
95.1170893,6.3585,6.35651,-0.510637,2.32811,5.82203
95.12725127,5.98997,5.98775,0.175497,3.00913,6.21762
95.13620285,5.62619,5.6238,0.792033,3.5865,6.51083
95.14036372,5.44496,5.44249,1.08179,3.84565,6.62978
95.14318702,5.31772,5.31519,1.27929,4.01748,6.70429
95.14559889,5.20634,5.20377,1.44846,4.16128,6.76402
95.14759445,5.11238,5.10977,1.58843,4.2779,6.81072
95.15093048,4.95168,4.94901,1.82238,4.46768,6.8833
95.15384985,4.8074,4.80468,2.02711,4.62803,6.94119
95.15626362,4.68558,4.68282,2.1958,4.75631,6.98512
95.15742535,4.62595,4.62317,2.27698,4.81624,7.00469
95.1582666,4.58277,4.57998,2.33558,4.85965,7.01887
95.1590617,4.54136,4.53855,2.39096,4.89952,7.03129
95.16026829,4.4785,4.47568,2.47469,4.96003,7.05015
95.16147656,4.41484,4.41199,2.55854,5.01923,7.06785
95.16389309,4.28588,4.283,2.72531,5.13455,7.1006
95.16872615,4.02163,4.01867,3.05518,5.3533,7.15555
95.17839228,3.46907,3.46598,3.69355,5.74544,7.2237
95.18898808,2.82898,2.82575,4.34688,6.10836,7.2355
95.19563837,2.40999,2.40668,4.72561,6.30117,7.20981
95.199358,2.17016,2.1668,4.92511,6.39742,7.18446
95.20128427,2.04447,2.0411,5.02466,6.44402,7.16826
95.20310308,1.92491,1.92152,5.11622,6.486,7.15107
95.20544588,1.76966,1.76625,5.23064,6.5372,7.12623
95.20806386,1.59459,1.59115,5.35392,6.59059,7.09489
95.21329982,1.23965,1.23616,5.58647,6.68533,7.02106
95.22377173,0.512355,0.508784,5.99792,6.82707,6.82977
95.23438681,-0.245594,-0.249232,6.34432,6.90667,6.57825
95.2435647,-0.914777,-0.918452,6.58781,6.92432,6.31562
95.24802924,-1.24407,-1.24776,6.6877,6.91597,6.1731
95.25197209,-1.53641,-1.54009,6.76594,6.89949,6.03941
95.25304885,-1.61624,-1.61992,6.78534,6.89321,6.00138
95.25412003,-1.69586,-1.69954,6.80464,6.88695,5.96354
95.25577503,-1.81886,-1.82254,6.83258,6.87559,5.90365
95.25908504,-2.06487,-2.06854,6.88359,6.84849,5.78018
95.26570504,-2.55473,-2.55835,6.96625,6.77694,5.51885
95.27894505,-3.50974,-3.51318,7.05528,6.56648,4.94142
95.30184279,-4.97729,-4.98006,6.97777,6.00302,3.7869
95.30954149,-5.40483,-5.40733,6.88717,5.75866,3.35677
95.31699825,-5.78118,-5.78342,6.76954,5.49712,2.92194
95.3218542,-6.00573,-6.00779,6.67749,5.3141,2.62971
95.3273034,-6.2385,-6.24038,6.56003,5.09725,2.29383
95.33820181,-6.64473,-6.64625,6.28172,4.62896,1.59915
95.34814699,-6.94784,-6.94904,5.97893,4.16334,0.941018
95.36803734,-7.366,-7.36658,5.24345,3.13355,-0.43049
95.37786375,-7.48145,-7.48172,4.8192,2.57967,-1.12951
95.38295328,-7.51788,-7.51799,4.58438,2.28188,-1.49535
95.38471278,-7.5268,-7.52686,4.50088,2.17727,-1.6223
95.38634754,-7.5334,-7.53341,4.42225,2.07935,-1.74025
95.38923829,-7.54116,-7.54109,4.28085,1.90456,-1.94881
95.39501978,-7.54177,-7.54153,3.98919,1.549,-2.36462
95.40658276,-7.48451,-7.48393,3.37253,0.816079,-3.18057
95.42970873,-7.14641,-7.1452,2.02199,-0.716963,-4.65423
95.43724705,-6.97335,-6.97195,1.55033,-1.23177,-5.07485
95.43960848,-6.91292,-6.91146,1.3996,-1.39425,-5.19954
95.44105754,-6.87389,-6.87239,1.30645,-1.49395,-5.27417
95.44244137,-6.83662,-6.83508,1.21706,-1.58929,-5.34404
95.44520904,-6.75815,-6.75655,1.03704,-1.77998,-5.47967
95.45074437,-6.58983,-6.58809,0.672322,-2.16026,-5.73493
95.46181503,-6.20916,-6.20716,-0.0737135,-2.90804,-6.1844
95.4720002,-5.8091,-5.80688,-0.776475,-3.56911,-6.52834
95.47652629,-5.61643,-5.61412,-1.09293,-3.85198,-6.66014
95.47943362,-5.48796,-5.48559,-1.29724,-4.02936,-6.73807
95.48185773,-5.3781,-5.37568,-1.46802,-4.1742,-6.79906
95.48417502,-5.27081,-5.26834,-1.63141,-4.3097,-6.85399
95.48825377,-5.07668,-5.07413,-1.91899,-4.54042,-6.94271
95.49138283,-4.92325,-4.92065,-2.13905,-4.71018,-7.0039
95.49286291,-4.84909,-4.84645,-2.24314,-4.78773,-7.03039
95.4937243,-4.80593,-4.80328,-2.30347,-4.83286,-7.0458
95.49561099,-4.70985,-4.70717,-2.43563,-4.92887,-7.07715
95.49675447,-4.65054,-4.64783,-2.51529,-4.98582,-7.09441
95.49875697,-4.54666,-4.54392,-2.6548,-5.08334,-7.12465
95.50276195,-4.33363,-4.33082,-2.93123,-5.27022,-7.17652
95.51077193,-3.89061,-3.88766,-3.47142,-5.61269,-7.25168
95.52237735,-3.21122,-3.2081,-4.20935,-6.03801,-7.294
95.53420052,-2.47733,-2.47405,-4.88403,-6.38768,-7.25785
95.53911357,-2.16068,-2.15734,-5.1387,-6.50849,-7.21964
95.54357367,-1.86774,-1.86435,-5.35586,-6.6059,-7.17338
95.54833337,-1.54977,-1.54632,-5.57284,-6.69707,-7.11207
95.5533267,-1.21061,-1.20711,-5.78444,-6.77863,-7.03472
95.56331337,-0.516999,-0.513409,-6.16006,-6.89896,-6.84102
95.57464957,0.291665,0.295337,-6.51155,-6.96739,-6.56017
95.58345378,0.932582,0.936298,-6.73059,-6.97133,-6.2988
95.58784613,1.25569,1.25942,-6.82243,-6.95742,-6.15464
95.5909865,1.48776,1.49149,-6.88103,-6.94108,-6.04609
95.59187867,1.55369,1.55742,-6.89637,-6.93525,-6.01425
95.59276694,1.61948,1.62321,-6.91165,-6.92946,-5.98255
95.59413442,1.72075,1.72448,-6.9339,-6.91939,-5.93277
95.59686161,1.92273,1.92646,-6.97498,-6.89636,-5.83104
95.60215425,2.31388,2.31759,-7.04229,-6.84057,-5.62441
95.61273952,3.08495,3.08855,-7.1283,-6.68609,-5.17611
95.63391007,4.50878,4.5119,-7.11185,-6.21424,-4.15111
95.64326975,5.06688,5.06967,-7.02621,-5.93887,-3.64659
95.64826393,5.34195,5.34455,-6.96131,-5.77583,-3.36532
95.65302441,5.58762,5.59004,-6.88733,-5.6104,-3.08992
95.65643765,5.75368,5.75597,-6.82711,-5.48592,-2.88826
95.66015989,5.92527,5.92743,-6.75473,-5.34471,-2.66454
95.66760436,6.23965,6.24155,-6.5894,-5.04581,-2.20586
95.67594388,6.54747,6.54908,-6.37247,-4.68583,-1.67545
95.6911486,6.99174,6.99284,-5.8948,-3.96587,-0.669235
95.7110287,7.35092,7.35138,-5.12146,-2.91311,0.706104
95.71878043,7.42387,7.42409,-4.77627,-2.47065,1.25656
95.72649796,7.45991,7.45988,-4.40999,-2.01419,1.80789
95.72858791,7.46343,7.46334,-4.307,-1.88794,1.95739
95.73065862,7.46433,7.46417,-4.20344,-1.76182,2.10552
95.73480005,7.45846,7.45818,-3.99191,-1.50663,2.40068
95.74308291,7.41652,7.416,-3.55196,-0.985328,2.9832
95.75964862,7.2156,7.21459,-2.61052,0.0944044,4.08326
95.77088769,6.99309,6.99178,-1.92901,0.849665,4.75613
95.7757639,6.8754,6.87396,-1.62332,1.18171,5.02499
95.77739378,6.8327,6.83122,-1.51985,1.2932,5.11137
95.77867773,6.79907,6.79755,-1.43792,1.38103,5.17808
95.77994209,6.76403,6.76248,-1.35688,1.46764,5.24257
95.78166021,6.71642,6.71482,-1.2462,1.58533,5.32831
95.78507326,6.61632,6.61464,-1.02452,1.81911,5.49229
95.79189936,6.39886,6.39701,-0.574388,2.28443,5.796
95.8023152,6.02419,6.02209,0.127902,2.9806,6.19974
95.81221322,5.6221,5.61978,0.809548,3.61542,6.51866
95.81652165,5.43344,5.43103,1.10981,3.88127,6.63808
95.81888901,5.32635,5.32388,1.27552,4.02415,6.69874
95.82137017,5.21156,5.20905,1.44964,4.17099,6.75859
95.82339823,5.11585,5.11329,1.59197,4.28855,6.80469
95.82681322,4.9509,4.94828,1.83163,4.48102,6.8766
95.82956692,4.81451,4.81183,2.0245,4.63086,6.92939
95.83186754,4.69827,4.69554,2.18563,4.75212,6.96993
95.83378354,4.59989,4.59713,2.31928,4.85028,7.00124
95.8346248,4.55605,4.55328,2.37796,4.89217,7.01397
95.83584486,4.49248,4.48968,2.46267,4.95292,7.03243
95.8371814,4.42199,4.41916,2.55547,5.01785,7.05127
95.83985448,4.27901,4.27614,2.73996,5.14397,7.08573
95.84520065,3.98534,3.98238,3.10431,5.38178,7.14178
95.85589298,3.36883,3.36569,3.8054,5.80244,7.20309
95.86619749,2.74036,2.73707,4.43226,6.14085,7.19919
95.87312182,2.3004,2.29701,4.81928,6.33212,7.16241
95.87625036,2.09719,2.09376,4.98393,6.40913,7.1369
95.8792368,1.90079,1.89732,5.1347,6.47723,7.10746
95.8815968,1.74398,1.74049,5.24937,6.52732,7.08071
95.8841106,1.57545,1.57193,5.36721,6.57709,7.04886
95.8891382,1.23397,1.23039,5.59001,6.66555,6.97493
95.89534045,0.805112,0.801471,5.84192,6.75446,6.8652
95.90774496,-0.074511,-0.0782581,6.27257,6.86621,6.58633
95.91929081,-0.914785,-0.9186,6.58787,6.89244,6.25811
95.92440269,-1.29213,-1.29596,6.70148,6.88041,6.09221
95.92744891,-1.51819,-1.52202,6.76167,6.86643,5.9875
95.92837912,-1.58722,-1.59105,6.77869,6.86092,5.95446
95.92930453,-1.65604,-1.65987,6.79561,6.85543,5.9216
95.93105527,-1.78624,-1.79007,6.82575,6.84337,5.858
95.93455674,-2.04665,-2.05047,6.88057,6.81433,5.72669
95.94155968,-2.56508,-2.56886,6.96853,6.73691,5.44806
95.95556556,-3.57326,-3.57685,7.05916,6.50711,4.83012
95.96788628,-4.40342,-4.4067,7.04683,6.22526,4.22361
95.97808181,-5.0298,-5.03273,6.97312,5.93799,3.68028
95.98243645,-5.27726,-5.28001,6.9244,5.80078,3.43729
95.98507671,-5.42075,-5.42339,6.88992,5.71347,3.28693
95.98758234,-5.55214,-5.55469,6.8538,5.62781,3.1422
95.98995587,-5.67232,-5.67477,6.81655,5.54418,3.00331
95.99470293,-5.90049,-5.90277,6.73337,5.36985,2.72055
96.00419704,-6.31009,-6.31203,6.53298,4.9938,2.13626
96.01488144,-6.69905,-6.70062,6.25491,4.52893,1.45127
96.02897832,-7.09909,-7.10018,5.80692,3.85275,0.508885
96.04526473,-7.40483,-7.40539,5.18171,2.99069,-0.623849
96.0527118,-7.48951,-7.48983,4.85906,2.56948,-1.15428
96.05857275,-7.53222,-7.53235,4.58977,2.22701,-1.57504
96.06041594,-7.54132,-7.54139,4.50235,2.11738,-1.70776
96.06208972,-7.5478,-7.54782,4.42186,2.01706,-1.82829
96.06543728,-7.55573,-7.55564,4.25784,1.81435,-2.06935
96.07213241,-7.55163,-7.55134,3.91803,1.40106,-2.54872
96.08552266,-7.46541,-7.46472,3.19434,0.54629,-3.4805
96.09883577,-7.27959,-7.27851,2.42142,-0.335296,-4.34308
96.1070099,-7.11739,-7.11608,1.92252,-0.889314,-4.82856
96.11103553,-7.02436,-7.02294,1.67045,-1.16491,-5.05258
96.11234646,-6.99178,-6.99033,1.58749,-1.25503,-5.12319
96.1135992,-6.96066,-6.95917,1.50783,-1.34115,-5.18949
96.11479352,-6.92935,-6.92784,1.43155,-1.42341,-5.25161
96.11631861,-6.88938,-6.88782,1.33368,-1.52845,-5.3294
96.11927406,-6.80766,-6.80602,1.14256,-1.73201,-5.47536
96.12518498,-6.63116,-6.62937,0.75489,-2.13822,-5.74899
96.13532147,-6.2892,-6.28717,0.0749206,-2.82481,-6.16402
96.14628152,-5.86592,-5.86362,-0.67846,-3.53955,-6.53842
96.15139339,-5.65002,-5.64762,-1.03522,-3.85969,-6.68707
96.15649418,-5.42335,-5.42083,-1.39342,-4.16783,-6.81924
96.1578685,-5.35999,-5.35745,-1.49029,-4.24875,-6.85152
96.15922625,-5.2974,-5.29483,-1.58599,-4.32771,-6.88342
96.16138668,-5.19564,-5.19302,-1.73828,-4.45113,-6.93094
96.16570755,-4.98649,-4.98378,-2.04243,-4.68906,-7.01744
96.16753508,-4.89542,-4.89268,-2.17107,-4.78593,-7.05002
96.16859355,-4.84268,-4.83992,-2.24527,-4.8406,-7.0689
96.16959439,-4.79184,-4.78906,-2.31542,-4.89228,-7.08522
96.17070844,-4.73525,-4.73245,-2.39352,-4.94809,-7.1034
96.17187719,-4.6747,-4.67188,-2.475,-5.00663,-7.1206
96.17389251,-4.5703,-4.56744,-2.6155,-5.10454,-7.15026
96.17792314,-4.35613,-4.3532,-2.894,-5.29207,-7.20086
96.18598441,-3.91056,-3.90748,-3.43851,-5.63546,-7.27311
96.19733115,-3.24698,-3.24372,-4.16275,-6.05023,-7.31042
96.20931961,-2.50357,-2.50013,-4.85132,-6.40399,-7.26984
96.21384471,-2.21226,-2.20877,-5.08812,-6.51524,-7.23343
96.21820966,-1.92615,-1.9226,-5.30346,-6.61115,-7.18758
96.22200996,-1.67319,-1.6696,-5.48041,-6.68561,-7.13921
96.22625959,-1.38631,-1.38267,-5.66687,-6.75895,-7.07591
96.23475886,-0.800973,-0.79725,-6.00489,-6.87451,-6.92086
96.24475711,-0.0948621,-0.091053,-6.34458,-6.95793,-6.69119
96.26033347,1.03384,1.03773,-6.75244,-6.97739,-6.23644
96.2656922,1.42844,1.43233,-6.85894,-6.95335,-6.05337
96.26840972,1.62947,1.63336,-6.9064,-6.93522,-5.95545
96.26942969,1.70493,1.70882,-6.92247,-6.92684,-5.91738
96.27146963,1.85585,1.85973,-6.95461,-6.9101,-5.84123
96.27554952,2.1577,2.16156,-7.01035,-6.86896,-5.6826
96.2837093,2.75638,2.76017,-7.09283,-6.76098,-5.34426
96.30002885,3.90304,3.90652,-7.14418,-6.44599,-4.58861
96.31198349,4.67287,4.67598,-7.08787,-6.13472,-3.97253
96.31900024,5.08713,5.08995,-7.01866,-5.92147,-3.5878
96.32237014,5.27442,5.27709,-6.97607,-5.81124,-3.39723
96.32464361,5.39608,5.39866,-6.94396,-5.73408,-3.26663
96.32685837,5.51086,5.51335,-6.9101,-5.6568,-3.13788
96.32893098,5.61495,5.61734,-6.87613,-5.58261,-3.01607
96.33307619,5.8137,5.81593,-6.80162,-5.42891,-2.76872
96.34136663,6.17503,6.17694,-6.62694,-5.10089,-2.25993
96.35191739,6.56767,6.56917,-6.35656,-4.6454,-1.58745
96.36440796,6.9381,6.93915,-5.96982,-4.05451,-0.759376
96.3803826,7.26655,7.26704,-5.3763,-3.22439,0.340972
96.39057144,7.3923,7.39244,-4.94279,-2.65466,1.06162
96.39521184,7.42822,7.4282,-4.73173,-2.38542,1.39337
96.3968193,7.43757,7.43749,-4.65623,-2.29078,1.50875
96.39834152,7.44497,7.44484,-4.58474,-2.20055,1.61801
96.3999872,7.45138,7.4512,-4.50599,-2.10234,1.73613
96.40327855,7.45931,7.45902,-4.3456,-1.90395,1.97238
96.40986126,7.45575,7.45524,-4.01354,-1.49967,2.44268
96.42302667,7.37267,7.37174,-3.30723,-0.664217,3.35929
96.43988474,7.12365,7.12221,-2.32879,0.448574,4.43865
96.44760884,6.95744,6.95577,-1.85478,0.971445,4.88517
96.45178967,6.85417,6.85239,-1.59198,1.25689,5.11123
96.45320573,6.81662,6.8148,-1.50202,1.35395,5.1851
96.4545226,6.7817,6.77985,-1.41796,1.44421,5.25249
96.45647107,6.7277,6.72578,-1.29288,1.57776,5.34985
96.45941736,6.64238,6.64039,-1.10222,1.77971,5.49184
96.46530993,6.45882,6.45667,-0.715747,2.18232,5.75763
96.47539967,6.10571,6.1033,-0.0396404,2.86066,6.15882
96.486235,5.67422,5.67155,0.703289,3.56054,6.51636
96.49121909,5.45809,5.45531,1.04986,3.86935,6.65576
96.49616132,5.23324,5.23035,1.39544,4.16468,6.77868
96.49749746,5.1703,5.16738,1.48916,4.2425,6.80875
96.49881653,5.10817,5.10523,1.58169,4.31839,6.83845
96.50100324,5.00301,5.00002,1.73508,4.44194,6.88441
96.50537667,4.78697,4.78388,2.04129,4.67981,6.96755
96.50721087,4.69373,4.69061,2.16971,4.77574,6.99835
96.50827465,4.63966,4.63652,2.24392,4.8299,7.0162
96.5092842,4.58736,4.5842,2.31434,4.88131,7.03161
96.5104115,4.52897,4.52578,2.3927,4.93692,7.0488
96.51160961,4.46615,4.46294,2.47598,4.99603,7.06587
96.51376545,4.35176,4.34851,2.62515,5.09897,7.09439
96.51807712,4.1179,4.11457,2.92086,5.29535,7.14304
96.52670047,3.63072,3.62724,3.49717,5.65178,7.20711
96.53769474,2.97442,2.97076,4.18919,6.03876,7.22558
96.54693858,2.39436,2.39057,4.72112,6.30716,7.1873
96.55090937,2.13766,2.13382,4.93334,6.40669,7.15596
96.55325895,1.98376,1.97988,5.05383,6.46117,7.13325
96.55548328,1.83674,1.83284,5.16428,6.50974,7.10894
96.55777576,1.68392,1.67999,5.27444,6.55675,7.08103
96.56151281,1.4321,1.42813,5.4462,6.6268,7.02942
96.56898689,0.919114,0.915067,5.76177,6.74251,6.9038
96.58074051,0.0900911,0.0859421,6.18566,6.85957,6.64763
96.59230556,-0.747833,-0.752053,6.51888,6.89859,6.32813
96.5983698,-1.19432,-1.19856,6.6609,6.88928,6.13462
96.60238926,-1.49216,-1.49641,6.74278,6.87199,5.99681
96.60481342,-1.67242,-1.67666,6.78747,6.85731,5.91006
96.60620457,-1.77586,-1.78009,6.81154,6.84746,5.85908
96.60898688,-1.98274,-1.98697,6.85622,6.82465,5.75452
96.61455148,-2.39554,-2.39974,6.93188,6.76679,5.53525
96.62568069,-3.20754,-3.2116,7.02903,6.60322,5.05771
96.64793911,-4.6898,-4.69322,7.01345,6.09499,3.96056
96.65662397,-5.19767,-5.20072,6.93304,5.83345,3.48401
96.66187484,-5.48103,-5.48385,6.86471,5.65882,3.18361
96.66661796,-5.72035,-5.72295,6.79051,5.4908,2.90483
96.67110901,-5.9323,-5.93471,6.70955,5.32299,2.63471
96.67738172,-6.20501,-6.20715,6.57942,5.07488,2.248
96.68992713,-6.67174,-6.67338,6.26158,4.53308,1.4447
96.70126693,-7.0055,-7.0067,5.91072,3.99396,0.687915
96.71988516,-7.3771,-7.37759,5.21287,3.01741,-0.604353
96.72760654,-7.46773,-7.46793,4.88088,2.58112,-1.15485
96.73311729,-7.51,-7.51,4.62947,2.25939,-1.55097
96.73488671,-7.51964,-7.51958,4.54625,2.15433,-1.67857
96.7365022,-7.52679,-7.52667,4.46924,2.0577,-1.79507
96.73973317,-7.53639,-7.53615,4.31237,1.86248,-2.02806
96.74619512,-7.53697,-7.5365,3.98755,1.46464,-2.49178
96.75911902,-7.46524,-7.46433,3.29638,0.642314,-3.3958
96.77552608,-7.23896,-7.23751,2.34673,-0.444057,-4.45379
96.7831095,-7.08453,-7.08284,1.88244,-0.95926,-4.89692
96.78720357,-6.98839,-6.98658,1.62561,-1.23991,-5.12121
96.7885849,-6.9535,-6.95164,1.53802,-1.33496,-5.19433
96.78987154,-6.92101,-6.91911,1.45602,-1.42349,-5.26118
96.79168734,-6.87305,-6.87109,1.33967,-1.54859,-5.35348
96.79448591,-6.79586,-6.79382,1.15892,-1.7414,-5.49105
96.80008304,-6.62977,-6.62757,0.792529,-2.12614,-5.74984
96.81127731,-6.25231,-6.24979,0.0422456,-2.88335,-6.20495
96.82138533,-5.86156,-5.85879,-0.652337,-3.54132,-6.54662
96.82657748,-5.64301,-5.64011,-1.01435,-3.86632,-6.69705
96.83178309,-5.41222,-5.40918,-1.37965,-4.18031,-6.83106
96.8331715,-5.34831,-5.34525,-1.47747,-4.26187,-6.86339
96.83455074,-5.28483,-5.28173,-1.57463,-4.34187,-6.8955
96.83652096,-5.19223,-5.18909,-1.71344,-4.45422,-6.93852
96.84046138,-5.00236,-4.99912,-1.9908,-4.67151,-7.01746
96.84224501,-4.91402,-4.91075,-2.11635,-4.76647,-7.04952
96.84328663,-4.86243,-4.85914,-2.18943,-4.82059,-7.06824
96.84410661,-4.82111,-4.8178,-2.24697,-4.8632,-7.08187
96.84490878,-4.78069,-4.77736,-2.30325,-4.90376,-7.09521
96.84612045,-4.71867,-4.71531,-2.38795,-4.96504,-7.11385
96.84742529,-4.65188,-4.6485,-2.47916,-5.02948,-7.13391
96.85003496,-4.5158,-4.51236,-2.66065,-5.15483,-7.17002
96.8552543,-4.23618,-4.23263,-3.01967,-5.39184,-7.23001
96.86569298,-3.6487,-3.64496,-3.71346,-5.81374,-7.30173
96.87607928,-3.02928,-3.02536,-4.35782,-6.16693,-7.31026
96.88296035,-2.60095,-2.59692,-4.75232,-6.36513,-7.28194
96.88624443,-2.39173,-2.38766,-4.93007,-6.44979,-7.259
96.88807964,-2.27353,-2.26942,-5.02617,-6.49433,-7.24355
96.88980762,-2.16141,-2.15728,-5.11446,-6.53446,-7.2273
96.89199818,-2.01818,-2.01402,-5.2233,-6.58282,-7.20435
96.89447718,-1.85464,-1.85045,-5.34242,-6.63418,-7.17521
96.8994352,-1.52318,-1.51893,-5.56811,-6.72618,-7.107
96.90935122,-0.844198,-0.839835,-5.97153,-6.86771,-6.93166
96.91995064,-0.0974798,-0.0930207,-6.33437,-6.95717,-6.68855
96.93444166,0.950564,0.955103,-6.7195,-6.97842,-6.26739
96.93990261,1.35195,1.3565,-6.83178,-6.95655,-6.08276
96.94295762,1.57766,1.58221,-6.88683,-6.93726,-5.97345
96.94378264,1.63862,1.64316,-6.90035,-6.93084,-5.9429
96.94543267,1.76067,1.76521,-6.92738,-6.91799,-5.8818
96.94873274,2.00477,2.0093,-6.97584,-6.88727,-5.75543
96.95533287,2.49092,2.49539,-7.05373,-6.80887,-5.48871
96.96853313,3.43939,3.44364,-7.13446,-6.58624,-4.90219
96.99493365,5.09116,5.09441,-7.00811,-5.89547,-3.54016
97.00434574,5.58395,5.58677,-6.87257,-5.57322,-2.99772
97.01282298,5.97801,5.98043,-6.71145,-5.25103,-2.4864
97.02122436,6.32084,6.32289,-6.51657,-4.90348,-1.96047
97.03011972,6.6327,6.63435,-6.27339,-4.5065,-1.38484
97.04740589,7.09221,7.09313,-5.69882,-3.65712,-0.220182
97.06290852,7.34334,7.34362,-5.07605,-2.81574,0.864929
97.06917113,7.40221,7.40223,-4.79688,-2.45586,1.31155
97.07095536,7.41398,7.41393,-4.71418,-2.35131,1.43956
97.07195845,7.4206,7.42051,-4.66768,-2.29204,1.51152
97.07293008,7.42532,7.42519,-4.62161,-2.23462,1.58123
97.07487335,7.43476,7.43456,-4.52948,-2.11883,1.72076
97.07875989,7.44566,7.4453,-4.34045,-1.88449,1.99982
97.08653296,7.44043,7.43977,-3.94672,-1.40544,2.55429
97.10207912,7.32462,7.32338,-3.10142,-0.411038,3.62337
97.11397948,7.14374,7.14207,-2.40639,0.378083,4.3813
97.12173576,6.98403,6.9821,-1.93286,0.902783,4.83573
97.12558081,6.89289,6.89083,-1.69249,1.16522,5.04704
97.1268262,6.86131,6.8592,-1.61386,1.25057,5.11332
97.12801591,6.83113,6.82899,-1.53842,1.33209,5.17558
97.1291766,6.80018,6.798,-1.4645,1.41163,5.23529
97.13061005,6.76196,6.75973,-1.37282,1.51,5.30765
97.13347693,6.68153,6.67921,-1.18812,1.70673,5.44785
97.1392107,6.50833,6.50583,-0.813742,2.09923,5.7109
97.14939045,6.16155,6.15874,-0.134323,2.78614,6.12342
97.16022881,5.73935,5.73624,0.606611,3.49064,6.48872
97.16587167,5.49859,5.49532,0.998286,3.84237,6.64932
97.16997615,5.31476,5.31138,1.285,4.08984,6.75359
97.17238702,5.20343,5.19999,1.454,4.2315,6.80995
97.17374689,5.13957,5.13609,1.54933,4.31003,6.84016
97.17646664,5.00958,5.00604,1.74013,4.4638,6.89717
97.18124982,4.7738,4.77014,2.07512,4.72256,6.98643
97.18294113,4.68789,4.68419,2.19322,4.81034,7.01406
97.18408089,4.63,4.62628,2.2728,4.86791,7.03268
97.18517981,4.57303,4.56927,2.34924,4.92341,7.0488
97.18672837,4.49274,4.48895,2.45695,4.99952,7.07152
97.18839544,4.40495,4.40112,2.57243,5.07955,7.0938
97.19172958,4.2263,4.2224,2.80194,5.23389,7.13333
97.19839786,3.8571,3.85305,3.25312,5.52051,7.19243
97.20852654,3.26767,3.26343,3.90922,5.90194,7.232
97.22005056,2.55834,2.55389,4.59435,6.25942,7.20486
97.22515303,2.23181,2.22728,4.87271,6.39208,7.16865
97.22781825,2.05837,2.05381,5.01124,6.45519,7.14391
97.23038453,1.88961,1.88501,5.13988,6.51199,7.11636
97.23281965,1.72793,1.72329,5.25762,6.56231,7.08687
97.23551056,1.54758,1.54291,5.3829,6.61386,7.05051
97.2408924,1.18186,1.17712,5.61877,6.70429,6.96613
97.24975752,0.566053,0.56121,5.96616,6.81671,6.79387
97.26181629,-0.294662,-0.299613,6.35926,6.89773,6.49534
97.27105774,-0.969117,-0.974121,6.59989,6.90464,6.21813
97.27540722,-1.29012,-1.29513,6.69515,6.89152,6.0735
97.27779057,-1.46678,-1.47179,6.74251,6.87993,5.99047
97.28018137,-1.64441,-1.64942,6.78659,6.86521,5.90456
97.28207771,-1.78531,-1.79032,6.81914,6.85136,5.83459
97.2852222,-2.01895,-2.02394,6.86841,6.82416,5.71503
97.29151118,-2.48468,-2.48962,6.94946,6.75417,5.46304
97.30408914,-3.39589,-3.40061,7.0426,6.55348,4.90994
97.32924506,-5.00765,-5.01141,6.96353,5.92464,3.62746
97.33038717,-5.07348,-5.07717,6.95066,5.88817,3.56314
97.33267139,-5.20274,-5.2063,6.92491,5.81522,3.4345
97.33425492,-5.29021,-5.29368,6.90521,5.76312,3.34421
97.33632714,-5.40174,-5.4051,6.87746,5.69332,3.22488
97.33821332,-5.50039,-5.50364,6.85025,5.62818,3.11511
97.34148218,-5.66508,-5.66816,6.79872,5.51172,2.92233
97.34801991,-5.97154,-5.97428,6.67923,5.26548,2.52751
97.35932698,-6.43274,-6.43493,6.42236,4.79948,1.81768
97.37017418,-6.7959,-6.79757,6.11815,4.30705,1.10759
97.38395987,-7.14857,-7.14961,5.6541,3.6219,0.170043
97.39549927,-7.35181,-7.35234,5.20245,3.00122,-0.639804
97.40185034,-7.42837,-7.42862,4.93031,2.64241,-1.09334
97.40611864,-7.46589,-7.46596,4.7384,2.39481,-1.40035
97.40870493,-7.48322,-7.48317,4.61866,2.24235,-1.58708
97.41025991,-7.49168,-7.49157,4.54546,2.14984,-1.69935
97.41336986,-7.50426,-7.50401,4.39638,1.963,-1.924
97.41958977,-7.51211,-7.5116,4.08783,1.58231,-2.37184
97.43202959,-7.46,-7.45897,3.43163,0.795616,-3.24895
97.45690923,-7.09739,-7.0954,1.98295,-0.852176,-4.80855
97.45813541,-7.07021,-7.06818,1.90686,-0.935918,-4.8784
97.45928894,-7.04464,-7.04257,1.83495,-1.01487,-4.94321
97.46063118,-7.01324,-7.01112,1.75079,-1.10674,-5.0171
97.46125655,-6.99861,-6.99647,1.71158,-1.14965,-5.05153
97.46174159,-6.98727,-6.9851,1.68095,-1.18293,-5.0777
97.46222595,-6.97536,-6.97318,1.65037,-1.21616,-5.10384
97.46292651,-6.95815,-6.95594,1.60614,-1.26423,-5.14094
97.46386667,-6.93504,-6.9328,1.54639,-1.32888,-5.19073
97.46490512,-6.90817,-6.90589,1.48038,-1.40028,-5.24468
97.46679553,-6.85925,-6.85691,1.35939,-1.53026,-5.34083
97.47054342,-6.75594,-6.75346,1.11721,-1.78796,-5.52384
97.47789907,-6.53294,-6.53021,0.63354,-2.2915,-5.85486
97.48840181,-6.16965,-6.16658,-0.0741482,-2.99639,-6.26566
97.49905561,-5.7495,-5.74611,-0.808906,-3.68082,-6.61044
97.50350247,-5.55917,-5.55565,-1.11973,-3.95475,-6.73324
97.50583094,-5.45608,-5.45249,-1.28326,-4.09493,-6.79263
97.5083488,-5.34202,-5.33836,-1.46047,-4.24346,-6.85311
97.51059912,-5.23787,-5.23415,-1.61901,-4.37321,-6.90387
97.51453701,-5.05069,-5.04686,-1.89643,-4.59279,-6.98528
97.51754557,-4.90352,-4.89961,-2.10791,-4.75365,-7.04112
97.51892507,-4.83451,-4.83056,-2.20488,-4.82533,-7.06436
97.52020394,-4.77053,-4.76655,-2.29446,-4.89057,-7.0859
97.52154368,-4.70215,-4.69813,-2.38829,-4.95767,-7.10632
97.52285153,-4.63539,-4.63134,-2.47961,-5.02195,-7.12625
97.52546724,-4.49929,-4.49517,-2.66149,-5.14697,-7.16199
97.53069866,-4.2196,-4.21537,-3.02128,-5.38331,-7.22119
97.5411615,-3.6319,-3.62743,-3.71646,-5.80375,-7.29115
97.55148263,-3.01757,-3.01289,-4.35666,-6.1526,-7.29793
97.55838661,-2.58868,-2.58388,-4.75245,-6.35019,-7.26851
97.56166779,-2.38005,-2.37519,-4.93,-6.43418,-7.24511
97.56350553,-2.26191,-2.25701,-5.02622,-6.47844,-7.22938
97.5652364,-2.14982,-2.1449,-5.11463,-6.51832,-7.21285
97.56741719,-2.0075,-2.00254,-5.22297,-6.56608,-7.18969
97.56991339,-1.84314,-1.83814,-5.34288,-6.61735,-7.16
97.57490578,-1.50997,-1.5049,-5.56999,-6.70904,-7.09055
97.58489058,-0.827367,-0.822169,-5.9756,-6.84944,-6.91229
97.59545281,-0.0844176,-0.0791076,-6.33644,-6.93638,-6.66824
97.61003559,0.96858,0.973981,-6.72281,-6.95472,-6.24196
97.61544088,1.36522,1.37062,-6.83345,-6.93194,-6.05831
97.61819031,1.56799,1.57339,-6.88303,-6.91429,-5.95971
97.61904921,1.63133,1.63674,-6.89717,-6.90756,-5.92788
97.620767,1.75816,1.76355,-6.92544,-6.8941,-5.86422
97.6242026,2.01181,2.01719,-6.97592,-6.86174,-5.73238
97.63107378,2.51679,2.52209,-7.05623,-6.77871,-5.45359
97.64481614,3.49977,3.50478,-7.13563,-6.54155,-4.8388
97.66151649,4.59618,4.60053,-7.09032,-6.13174,-3.99688
97.66957361,5.07219,5.07609,-7.01401,-5.88801,-3.5557
97.67372841,5.30116,5.30482,-6.9611,-5.75102,-3.3198
97.67723122,5.48453,5.48798,-6.90946,-5.62974,-3.11673
97.67999964,5.62306,5.62635,-6.86416,-5.53023,-2.95362
97.68295877,5.76495,5.76807,-6.81142,-5.42036,-2.77682
97.68887702,6.03013,6.03293,-6.69276,-5.19004,-2.41594
97.69576186,6.30836,6.31079,-6.53305,-4.9049,-1.98461
97.70953155,6.77062,6.77234,-6.1465,-4.28231,-1.08881
97.72201657,7.08365,7.08474,-5.72204,-3.66143,-0.243239
97.73517137,7.30666,7.30711,-5.20321,-2.95428,0.675265
97.7415288,7.37565,7.3758,-4.9272,-2.59423,1.12725
97.74794407,7.42005,7.4199,-4.63289,-2.2198,1.58635
97.74966268,7.42767,7.42744,-4.5514,-2.11765,1.70971
97.75137097,7.43347,7.43316,-4.46933,-2.01539,1.83233
97.7546991,7.43972,7.43925,-4.30645,-1.81413,2.07103
97.76135535,7.43242,7.43165,-3.96921,-1.40408,2.54565
97.77466784,7.34044,7.33908,-3.25187,-0.556991,3.46772
97.78834461,7.14176,7.13982,-2.46046,0.344951,4.34758
97.79653898,6.97353,6.97126,-1.96192,0.897739,4.82922
97.80060777,6.87662,6.87419,-1.70804,1.17484,5.05291
97.8019381,6.84259,6.84011,-1.62415,1.26579,5.12361
97.80320663,6.81014,6.80761,-1.54378,1.35251,5.18982
97.80443914,6.77691,6.77433,-1.46535,1.4369,5.25299
97.80596975,6.73564,6.733,-1.36748,1.5417,5.32988
97.80903098,6.64858,6.64582,-1.17023,1.75129,5.47853
97.81515344,6.46045,6.45747,-0.770086,2.16916,5.75613
97.82526095,6.11032,6.10698,-0.0946662,2.84808,6.15947
97.83637283,5.67094,5.66723,0.665709,3.56489,6.52664
97.84162636,5.44396,5.44008,1.03057,3.88938,6.67291
97.84688911,5.20469,5.20065,1.39826,4.20199,6.80216
97.84829881,5.13821,5.13413,1.49708,4.28343,6.83325
97.84969746,5.07224,5.06812,1.59513,4.36315,6.86409
97.85184914,4.96858,4.96439,1.74597,4.4835,6.90826
97.8561525,4.75573,4.75142,2.04708,4.71511,6.9881
97.85784531,4.66962,4.66526,2.16553,4.80275,7.01579
97.85903204,4.60925,4.60486,2.24825,4.86252,7.0352
97.86011181,4.55318,4.54876,2.32351,4.9169,7.05104
97.86168801,4.47133,4.46686,2.43287,4.99411,7.07417
97.86336565,4.38284,4.37833,2.54926,5.07436,7.09659
97.86672095,4.20275,4.19816,2.78028,5.22906,7.13634
97.87343154,3.83057,3.82581,3.2345,5.51617,7.19561
97.88356436,3.23996,3.23496,3.89138,5.8957,7.23476
97.89511718,2.52787,2.52263,4.57921,6.25171,7.20695
97.90030785,2.19523,2.1899,4.86278,6.38546,7.16967
97.90301593,2.01873,2.01335,5.00363,6.44886,7.1442
97.90561357,1.84763,1.8422,5.13388,6.50561,7.11595
97.90799042,1.68958,1.68411,5.24885,6.55406,7.08685
97.91062652,1.51268,1.50718,5.37175,6.60393,7.05097
97.91589873,1.1541,1.14852,5.60341,6.69151,6.968
97.92477301,0.537317,0.531612,5.95242,6.80267,6.7953
97.93678125,-0.320059,-0.325891,6.3457,6.88173,6.49779
97.94573179,-0.973199,-0.979091,6.58102,6.88811,6.22985
97.94999454,-1.28765,-1.29356,6.67594,6.87557,6.08872
97.95228979,-1.45768,-1.46359,6.7225,6.8647,6.00919
97.95468106,-1.63523,-1.64117,6.76766,6.85033,5.92375
97.95648957,-1.76951,-1.77547,6.79955,6.83743,5.85742
97.95944346,-1.98893,-1.99482,6.84745,6.8126,5.74593
97.96535126,-2.42652,-2.43235,6.9278,6.74918,5.51154
97.97716684,-3.28542,-3.29103,7.0275,6.56859,4.99905
98.00079801,-4.83237,-4.83698,6.99122,6.00505,3.81591
98.00240965,-4.9283,-4.93281,6.97662,5.95625,3.72716
98.00563292,-5.11559,-5.11991,6.9441,5.85587,3.54762
98.00787412,-5.24165,-5.24581,6.91852,5.78362,3.42099
98.00952292,-5.33195,-5.336,6.89805,5.72911,3.32683
98.0105706,-5.38823,-5.39221,6.88392,5.69354,3.26633
98.01196471,-5.4618,-5.46569,6.86511,5.64621,3.18583
98.01475294,-5.60455,-5.60827,6.82367,5.54844,3.02258
98.02007072,-5.86117,-5.86456,6.73353,5.35294,2.70488
98.03070628,-6.31582,-6.31858,6.51054,4.92775,2.04613
98.04120113,-6.69056,-6.69274,6.23643,4.46555,1.36816
98.0546164,-7.066,-7.06745,5.81153,3.81737,0.466516
98.07194857,-7.3833,-7.38383,5.14697,2.89389,-0.744115
98.07885942,-7.45773,-7.4579,4.84711,2.50024,-1.23817
98.08445443,-7.49658,-7.49647,4.59057,2.17179,-1.6408
98.0860537,-7.50418,-7.50399,4.51502,2.07636,-1.75615
98.08763981,-7.5102,-7.50993,4.43915,1.98106,-1.87054
98.09081204,-7.51773,-7.51729,4.28467,1.78862,-2.09933
98.09715649,-7.51489,-7.51414,3.96506,1.39667,-2.55425
98.10984539,-7.43917,-7.43781,3.28589,0.587417,-3.44018
98.1254022,-7.22308,-7.22101,2.38716,-0.443219,-4.44371
98.13279209,-7.07404,-7.07164,1.93651,-0.94496,-4.87754
98.13679116,-6.98122,-6.97866,1.68671,-1.2189,-5.09807
98.13812906,-6.94786,-6.94523,1.60225,-1.31089,-5.16943
98.1393765,-6.91675,-6.91407,1.52311,-1.39667,-5.2348
98.14097919,-6.87505,-6.8723,1.42091,-1.50703,-5.31709
98.14331362,-6.81198,-6.80913,1.27101,-1.66778,-5.4336
98.14798246,-6.67763,-6.6746,0.967722,-1.98896,-5.65507
98.15732015,-6.37706,-6.37366,0.34831,-2.62499,-6.05391
98.16770547,-5.99464,-5.99085,-0.358162,-3.31192,-6.43094
98.17479735,-5.70539,-5.70135,-0.849545,-3.76247,-6.64905
98.1783893,-5.55043,-5.54626,-1.10069,-3.98344,-6.74751
98.18020917,-5.46978,-5.46555,-1.22843,-4.0933,-6.79433
98.18265815,-5.35905,-5.35475,-1.40067,-4.2385,-6.85412
98.1842281,-5.28677,-5.28241,-1.51126,-4.32985,-6.89052
98.18669517,-5.17113,-5.16669,-1.68504,-4.47048,-6.94466
98.19155543,-4.93621,-4.93162,-2.02701,-4.736,-7.04048
98.19321202,-4.85359,-4.84895,-2.14356,-4.82285,-7.06921
98.1944956,-4.78958,-4.78489,-2.23357,-4.88883,-7.09147
98.19566557,-4.72998,-4.72526,-2.31562,-4.94794,-7.1098
98.19709194,-4.65732,-4.65256,-2.41518,-5.01869,-7.13214
98.19911507,-4.5525,-4.54768,-2.55641,-5.1166,-7.16102
98.20316131,-4.33834,-4.3334,-2.83644,-5.30411,-7.21142
98.21125381,-3.89266,-3.8875,-3.38452,-5.64728,-7.28303
98.22228617,-3.25015,-3.24472,-4.093,-6.04948,-7.31893
98.23450135,-2.4958,-2.49011,-4.80178,-6.40913,-7.27746
98.23907461,-2.20238,-2.19659,-5.04372,-6.52091,-7.24026
98.24349562,-1.91348,-1.90761,-5.2642,-6.61729,-7.19331
98.24677655,-1.69592,-1.68999,-5.41919,-6.68144,-7.15156
98.25041559,-1.45164,-1.44565,-5.58262,-6.74529,-7.09848
98.25769367,-0.954393,-0.94829,-5.88359,-6.85013,-6.97133
98.2664945,-0.339125,-0.332905,-6.20272,-6.93657,-6.78108
98.28035823,0.655528,0.661884,-6.60885,-6.98491,-6.40368
98.28724721,1.15921,1.1656,-6.76731,-6.96953,-6.18181
98.29106325,1.44018,1.44657,-6.84284,-6.94991,-6.04936
98.29340661,1.61327,1.61966,-6.88492,-6.93398,-5.96472
98.29452359,1.69578,1.70216,-6.90383,-6.9247,-5.92296
98.29675753,1.86076,1.86713,-6.93946,-6.90613,-5.83944
98.30122542,2.19073,2.19707,-7.00192,-6.85985,-5.6648
98.31016119,2.84418,2.85039,-7.09206,-6.73656,-5.29035
98.32803275,4.08403,4.08964,-7.13642,-6.37213,-4.44788
98.34049749,4.86314,4.86807,-7.06275,-6.02883,-3.7915
98.34707429,5.2366,5.2411,-6.99001,-5.81929,-3.42381
98.35048626,5.41866,5.42293,-6.94323,-5.70309,-3.22755
98.35369793,5.58227,5.58633,-6.89366,-5.58918,-3.03954
98.35682753,5.73445,5.73831,-6.84026,-5.47404,-2.85342
98.36251464,5.99311,5.99662,-6.73056,-5.25465,-2.50817
98.37388886,6.44413,6.44696,-6.46365,-4.77822,-1.79259
98.38426236,6.7806,6.78282,-6.16676,-4.30209,-1.1135
98.39988873,7.15659,7.15794,-5.62879,-3.5162,-0.050714
98.41121222,7.33254,7.33326,-5.17427,-2.89906,0.744017
98.41700449,7.3916,7.392,-4.92164,-2.56887,1.15681
98.42275524,7.42983,7.42992,-4.65804,-2.23209,1.56904
98.42431802,7.43599,7.43599,-4.58379,-2.13907,1.68135
98.42585874,7.44206,7.44198,-4.5106,-2.04676,1.79207
98.42894019,7.44845,7.44822,-4.36076,-1.86042,2.01351
98.43510308,7.44424,7.44368,-4.05118,-1.48121,2.45427
98.44742886,7.36922,7.36803,-3.39471,-0.699215,3.31516
98.46681285,7.07869,7.07656,-2.27261,0.581359,4.54912
98.47419306,6.91398,6.91152,-1.81854,1.08191,4.96802
98.47839904,6.80716,6.8045,-1.55369,1.36927,5.19126
98.47984375,6.76783,6.76511,-1.46175,1.46826,5.26515
98.48117234,6.73167,6.72889,-1.37678,1.55929,5.33177
98.48368087,6.66001,6.65712,-1.21531,1.73116,5.45408
98.48869794,6.50726,6.50416,-0.888518,2.07417,5.68536
98.49873207,6.1652,6.16169,-0.22097,2.75098,6.09694
98.50908272,5.76322,5.7593,0.484448,3.42509,6.45277
98.51577762,5.47759,5.47341,0.948176,3.84248,6.64657
98.51927265,5.3207,5.3164,1.19208,4.05315,6.73654
98.52140484,5.22243,5.21805,1.34142,4.17893,6.78769
98.52245599,5.1729,5.16848,1.41504,4.24005,6.81129
98.52424583,5.08855,5.08408,1.54057,4.34269,6.85147
98.52719259,4.94623,4.94165,1.74723,4.50746,6.91238
98.52964,4.82538,4.82073,1.91887,4.64007,6.95892
98.53167969,4.72249,4.71776,2.06158,4.7475,6.99432
98.5326328,4.67441,4.66965,2.12827,4.79644,7.01086
98.53336564,4.63681,4.63203,2.17954,4.83408,7.02258
98.53408409,4.59994,4.59514,2.22962,4.87007,7.03407
98.53515601,4.5442,4.53936,2.30433,4.92377,7.05004
98.53627221,4.48616,4.48128,2.38213,4.97852,7.06666
98.53850462,4.36821,4.36327,2.53702,5.08538,7.09691
98.54296945,4.12686,4.12178,2.84423,5.28892,7.14841
98.5518991,3.62325,3.61791,3.44333,5.65707,7.21573
98.56323785,2.94634,2.9407,4.15985,6.05276,7.23383
98.57588784,2.14635,2.14042,4.87441,6.40236,7.1672
98.58095737,1.81328,1.80725,5.13266,6.51562,7.11519
98.58559148,1.50311,1.49698,5.35359,6.60591,7.05525
98.59173405,1.08427,1.07803,5.62419,6.7063,6.95793
98.59731232,0.696839,0.690511,5.84845,6.77854,6.85221
98.60846886,-0.0954843,-0.10197,6.23778,6.86974,6.59287
98.6187704,-0.844409,-0.850999,6.52878,6.89184,6.29857
98.62386894,-1.22009,-1.22671,6.64878,6.881,6.13392
98.62895592,-1.59699,-1.60362,6.75288,6.85604,5.95752
98.63166487,-1.79831,-1.80493,6.80198,6.83703,5.85872
98.63368433,-1.94839,-1.95501,6.83573,6.8203,5.78292
98.63772325,-2.24819,-2.25479,6.89598,6.78038,5.62594
98.64580108,-2.84274,-2.84922,6.98773,6.67511,5.29105
98.66195675,-3.98032,-3.98631,7.05856,6.36658,4.54282
98.67409751,-4.76154,-4.7669,7.01514,6.05208,3.91609
98.68063873,-5.14746,-5.15238,6.95808,5.85425,3.55681
98.68385648,-5.32677,-5.33146,6.9215,5.74985,3.37478
98.68691126,-5.48999,-5.49447,6.88168,5.64653,3.19889
98.68936979,-5.61632,-5.62063,6.84606,5.56045,3.05523
98.69203967,-5.7485,-5.75263,6.8038,5.46408,2.89715
98.69737944,-5.99765,-6.00144,6.70832,5.26248,2.57479
98.70480819,-6.31169,-6.31501,6.5516,4.96295,2.11332
98.71701319,-6.74818,-6.75076,6.23584,4.42516,1.32537
98.72977585,-7.10154,-7.10337,5.83145,3.80587,0.466595
98.74919485,-7.44256,-7.44326,5.08127,2.76395,-0.891453
98.75583793,-7.50538,-7.50572,4.78871,2.3815,-1.36702
98.75796912,-7.51978,-7.52,4.6911,2.25614,-1.52054
98.75929792,-7.52684,-7.52698,4.62902,2.17735,-1.61626
98.76057295,-7.53362,-7.53369,4.56946,2.10132,-1.70822
98.763123,-7.54321,-7.54314,4.44789,1.94804,-1.89213
98.76822311,-7.55074,-7.55039,4.19769,1.63675,-2.25912
98.77842334,-7.5199,-7.51901,3.67042,0.996778,-2.98293
98.79882379,-7.2815,-7.27957,2.51938,-0.340323,-4.32639
98.80795316,-7.1005,-7.09812,1.96565,-0.958755,-4.86395
98.81288616,-6.98411,-6.9815,1.65731,-1.29654,-5.13339
98.814567,-6.94085,-6.93816,1.55085,-1.41212,-5.22151
98.81612826,-6.90066,-6.8979,1.45137,-1.51948,-5.30155
98.81859071,-6.83368,-6.8308,1.29334,-1.68885,-5.42421
98.82236489,-6.7251,-6.72205,1.04858,-1.94845,-5.60389
98.82991326,-6.48694,-6.48356,0.550429,-2.46394,-5.93418
98.84125296,-6.07849,-6.07464,-0.216866,-3.21838,-6.36048
98.84982389,-5.7309,-5.72671,-0.809506,-3.76361,-6.62841
98.85389774,-5.55429,-5.54994,-1.09433,-4.01313,-6.73962
98.85604143,-5.45847,-5.45404,-1.24488,-4.14155,-6.794
98.85850811,-5.34582,-5.3413,-1.41848,-4.2864,-6.85307
98.86028045,-5.26333,-5.25875,-1.54339,-4.38836,-6.89322
98.8631436,-5.12737,-5.12269,-1.74518,-4.54902,-6.95403
98.86542957,-5.01647,-5.0117,-1.90629,-4.6735,-6.99899
98.8678843,-4.89507,-4.89022,-2.079,-4.80321,-7.04374
98.8691626,-4.83092,-4.82602,-2.16893,-4.86907,-7.06559
98.87119594,-4.72758,-4.72262,-2.31158,-4.9714,-7.09832
98.87304465,-4.63226,-4.62724,-2.4409,-5.06189,-7.12592
98.87674207,-4.43782,-4.43268,-2.69805,-5.23587,-7.17496
98.88394021,-4.04521,-4.03984,-3.1904,-5.54887,-7.24708
98.894193,-3.45573,-3.45007,-3.86296,-5.93854,-7.29726
98.9060766,-2.73157,-2.7256,-4.57998,-6.31035,-7.27973
98.9115236,-2.38579,-2.37969,-4.88134,-6.45256,-7.24492
98.91432668,-2.20463,-2.19847,-5.02886,-6.51891,-7.22054
98.91702307,-2.02842,-2.02221,-5.16557,-6.57839,-7.19299
98.91956514,-1.86062,-1.85435,-5.28978,-6.63058,-7.16338
98.92237537,-1.6733,-1.66697,-5.42188,-6.68391,-7.12657
98.92799583,-1.29321,-1.28678,-5.67023,-6.77688,-7.0403
98.93695909,-0.673351,-0.666767,-6.02416,-6.88769,-6.86856
98.94922157,0.198158,0.204911,-6.42719,-6.96586,-6.56791
98.95986653,0.972442,0.979289,-6.70268,-6.96618,-6.24768
98.96454665,1.31698,1.32384,-6.80218,-6.94672,-6.08992
98.96702831,1.50052,1.50738,-6.84962,-6.93159,-6.00214
98.96804637,1.57581,1.58268,-6.8676,-6.92405,-5.96501
98.96945774,1.68036,1.68722,-6.89253,-6.9136,-5.91353
98.97173004,1.84868,1.85554,-6.92951,-6.89395,-5.82828
98.97573653,2.1452,2.15204,-6.98734,-6.85273,-5.6725
98.98374952,2.73387,2.74059,-7.07494,-6.74551,-5.34063
98.99977549,3.86386,3.87009,-7.14027,-6.4357,-4.60068
99.01170643,4.6375,4.6431,-7.09589,-6.12563,-3.98801
99.01990179,5.12182,5.12686,-7.02052,-5.87497,-3.53866
99.02355734,5.32345,5.32822,-6.97531,-5.75355,-3.33108
99.02704033,5.50648,5.51099,-6.92571,-5.63251,-3.12943
99.0297428,5.6423,5.64661,-6.88289,-5.53507,-2.97045
99.03267692,5.7837,5.78782,-6.83217,-5.42587,-2.79544
99.03854516,6.0482,6.05191,-6.71772,-5.19707,-2.43826
99.04605985,6.35236,6.35558,-6.54638,-4.88447,-1.96772
99.05865348,6.77799,6.7804,-6.19911,-4.31395,-1.14942
99.0719116,7.11495,7.11654,-5.75588,-3.65449,-0.253059
99.08583163,7.34877,7.34951,-5.20997,-2.90296,0.718824
99.0921511,7.41486,7.41523,-4.93599,-2.54298,1.16828
99.09841568,7.4561,7.4561,-4.64916,-2.17552,1.61659
99.1001234,7.46317,7.46307,-4.56838,-2.07357,1.73912
99.10180489,7.4684,7.4682,-4.48781,-1.97248,1.85977
99.10516787,7.47375,7.47336,-4.32362,-1.76828,2.10083
99.11189384,7.46422,7.46345,-3.9835,-1.35224,2.57991
99.12534578,7.36614,7.36463,-3.25943,-0.492974,3.5093
99.13771781,7.18553,7.18336,-2.54596,0.324669,4.30631
99.14688359,6.99756,6.99492,-1.99051,0.94359,4.84563
99.15106283,6.89687,6.89403,-1.73012,1.2286,5.07418
99.15251931,6.85909,6.85618,-1.63837,1.32829,5.15104
99.15389508,6.8234,6.82042,-1.55125,1.42245,5.22221
99.15555746,6.77835,6.77529,-1.44541,1.53636,5.30634
99.15769866,6.71824,6.71507,-1.3082,1.68308,5.41171
99.16198106,6.5911,6.58773,-1.0309,1.97613,5.61264
99.17054585,6.30984,6.30608,-0.465697,2.5569,5.97698
99.18123179,5.91033,5.90611,0.256826,3.26105,6.36405
99.18911432,5.58234,5.57779,0.800159,3.75833,6.60275
99.19305535,5.40805,5.40335,1.0745,3.99806,6.70739
99.19552798,5.29529,5.29049,1.24736,4.14493,6.76809
99.19795008,5.18233,5.17744,1.41712,4.28575,6.82387
99.19966356,5.10096,5.09601,1.53721,4.38335,6.86115
99.20239676,4.9687,4.96365,1.72889,4.5353,6.91689
99.20466186,4.85683,4.85169,1.88775,4.65756,6.9596
99.20655033,4.76168,4.75648,2.01994,4.75682,6.99231
99.20742406,4.71766,4.71242,2.0811,4.80167,7.00745
99.20813407,4.68131,4.67605,2.1308,4.83812,7.01884
99.20883398,4.64548,4.64019,2.17963,4.87319,7.03008
99.20993328,4.58844,4.58311,2.25632,4.92827,7.04651
99.21103477,4.53129,4.52592,2.33317,4.98231,7.06298
99.21323773,4.41515,4.40971,2.48622,5.08783,7.09298
99.21764365,4.17753,4.17194,2.78996,5.28891,7.1442
99.2264555,3.68181,3.67594,3.38321,5.65314,7.2119
99.23787523,3.00149,2.9953,4.10906,6.05295,7.23187
99.25038076,2.21194,2.20544,4.82263,6.40013,7.16808
99.25504694,1.90607,1.89946,5.06415,6.5057,7.12167
99.25955771,1.60507,1.59836,5.28363,6.59556,7.06537
99.26321298,1.35753,1.35075,5.45128,6.65964,7.01162
99.26733978,1.07441,1.06755,5.62976,6.72265,6.94233
99.27559337,0.497598,0.490597,5.95352,6.81924,6.77698
99.28551813,-0.212463,-0.219606,6.28585,6.88405,6.53221
99.29449959,-0.868003,-0.875239,6.53411,6.89513,6.26884
99.29909468,-1.20731,-1.21457,6.64207,6.88352,6.1191
99.30366753,-1.5467,-1.55397,6.73686,6.86055,5.96029
99.30608397,-1.72659,-1.73386,6.78188,6.84383,5.87248
99.30767103,-1.84474,-1.85201,6.80954,6.83115,5.81338
99.31084516,-2.08105,-2.0883,6.86039,6.80179,5.69183
99.31719341,-2.55164,-2.55882,6.94424,6.72723,5.43565
99.32988992,-3.47057,-3.47744,7.04161,6.51656,4.87344
99.35528293,-5.08462,-5.09007,6.9658,5.86495,3.57052
99.35630466,-5.14276,-5.14813,6.95449,5.83172,3.5127
99.35834812,-5.25709,-5.26229,6.93187,5.76528,3.39707
99.36061759,-5.38052,-5.38554,6.90385,5.68912,3.26692
99.3620996,-5.459,-5.4639,6.88411,5.6382,3.18107
99.36412708,-5.56367,-5.56842,6.85524,5.56703,3.06254
99.36818204,-5.76397,-5.76841,6.7911,5.4195,2.82182
99.37629195,-6.12987,-6.13374,6.63764,5.10429,2.32641
99.38736488,-6.55784,-6.56096,6.37552,4.63241,1.62233
99.39880472,-6.91578,-6.91814,6.04332,4.09743,0.864934
99.41494516,-7.27919,-7.28052,5.4748,3.26776,-0.246403
99.42506329,-7.42385,-7.42454,5.06171,2.70623,-0.963655
99.42970771,-7.46904,-7.46944,4.85803,2.43842,-1.29696
99.43211831,-7.48727,-7.48752,4.74892,2.29702,-1.47079
99.43309539,-7.49307,-7.49326,4.7037,2.23927,-1.54125
99.43504955,-7.50468,-7.50476,4.61324,2.12302,-1.68236
99.43895787,-7.51986,-7.51969,4.42737,1.88766,-1.96458
99.4467745,-7.52296,-7.52232,4.0392,1.40612,-2.526
99.46240776,-7.42293,-7.42139,3.20208,0.405005,-3.61069
99.47434413,-7.25385,-7.25165,2.51258,-0.388604,-4.37978
99.48192752,-7.10589,-7.10328,2.05365,-0.903375,-4.83088
99.48575195,-7.01958,-7.01677,1.81643,-1.1654,-5.04496
99.48699168,-6.98956,-6.98668,1.73873,-1.25066,-5.11224
99.48817276,-6.96096,-6.95802,1.66419,-1.3319,-5.17529
99.48935474,-6.93083,-6.92784,1.58959,-1.41335,-5.23735
99.4906509,-6.8978,-6.89474,1.50724,-1.50267,-5.3042
99.49274774,-6.84191,-6.83875,1.3732,-1.64717,-5.40974
99.49694142,-6.7235,-6.72012,1.10223,-1.93604,-5.61143
99.50532878,-6.46073,-6.45695,0.549573,-2.50943,-5.97889
99.51607715,-6.07526,-6.07099,-0.177056,-3.22524,-6.38253
99.52478481,-5.72439,-5.71974,-0.778467,-3.78012,-6.65562
99.52895729,-5.54438,-5.53954,-1.06998,-4.03587,-6.76962
99.5317685,-5.41885,-5.41391,-1.26735,-4.20378,-6.84034
99.53417315,-5.30885,-5.3038,-1.43659,-4.34416,-6.89696
99.53614163,-5.21703,-5.2119,-1.57528,-4.45657,-6.94068
99.53942136,-5.06056,-5.05531,-1.80635,-4.63845,-7.00826
99.54193973,-4.93752,-4.93217,-1.98378,-4.77322,-7.0557
99.54419377,-4.82527,-4.81984,-2.14222,-4.89009,-7.0949
99.54518984,-4.7748,-4.76933,-2.21224,-4.94012,-7.11086
99.54645591,-4.71065,-4.70513,-2.3009,-5.00372,-7.13115
99.5481081,-4.6257,-4.62012,-2.4166,-5.08443,-7.15567
99.55141248,-4.45276,-4.44707,-2.64666,-5.24025,-7.19978
99.55802123,-4.09507,-4.08915,-3.10029,-5.53033,-7.26846
99.56825019,-3.51212,-3.50587,-3.77618,-5.92508,-7.32403
99.57967277,-2.82221,-2.81563,-4.47531,-6.29054,-7.31463
99.5865137,-2.39064,-2.38389,-4.85838,-6.47203,-7.2735
99.58969317,-2.18562,-2.17879,-5.02614,-6.54695,-7.24544
99.59273446,-1.98703,-1.98013,-5.18004,-6.61307,-7.21338
99.59530703,-1.81723,-1.81027,-5.30517,-6.66479,-7.18232
99.59818816,-1.62516,-1.61814,-5.43989,-6.71814,-7.14327
99.60395043,-1.23537,-1.22823,-5.69273,-6.81044,-7.0519
99.61282957,-0.621225,-0.613922,-6.0405,-6.91544,-6.87717
99.62551662,0.2806,0.288087,-6.45226,-6.98836,-6.55864
99.63509171,0.976661,0.984237,-6.69801,-6.98434,-6.26645
99.63955247,1.30451,1.31211,-6.79363,-6.96535,-6.11552
99.64187946,1.47631,1.48391,-6.83878,-6.95117,-6.03312
99.64294884,1.55526,1.56286,-6.85802,-6.9433,-5.99411
99.64429685,1.65493,1.66253,-6.88228,-6.93338,-5.94494
99.64627814,1.80143,1.80902,-6.91537,-6.91649,-5.87072
99.64960996,2.04779,2.05536,-6.96579,-6.88344,-5.74205
99.6562736,2.53819,2.54567,-7.0472,-6.80011,-5.47052
99.66960088,3.49354,3.50066,-7.13342,-6.56659,-4.87354
99.69298924,4.97647,4.98221,-7.04688,-5.95462,-3.6696
99.69408823,5.03947,5.04511,-7.03454,-5.91887,-3.60766
99.6962862,5.16323,5.16869,-7.00987,-5.84736,-3.48378
99.69771088,5.24165,5.24699,-6.9921,-5.79955,-3.40242
99.69833625,5.27536,5.28064,-6.9843,-5.77857,-3.36671
99.69925842,5.32506,5.33026,-6.97186,-5.74686,-3.31349
99.70022902,5.3764,5.38152,-6.95876,-5.71348,-3.25748
99.7019448,5.46539,5.47037,-6.934,-5.65317,-3.15754
99.7052897,5.63251,5.63721,-6.88137,-5.53207,-2.96019
99.71143059,5.91824,5.92246,-6.76995,-5.29786,-2.58961
99.72273732,6.37642,6.37979,-6.51608,-4.82813,-1.88142
99.73303729,6.71967,6.72231,-6.23162,-4.35888,-1.20974
99.74851841,7.10686,7.10842,-5.71401,-3.58557,-0.160189
99.76475843,7.35079,7.35126,-5.0624,-2.69518,0.979659
99.77071465,7.39913,7.3992,-4.79665,-2.34952,1.40514
99.77284899,7.41114,7.41107,-4.69804,-2.22328,1.55837
99.77456011,7.41875,7.41857,-4.61774,-2.12124,1.68122
99.77624064,7.42451,7.42422,-4.53782,-2.0203,1.80188
99.77960168,7.43093,7.43042,-4.37495,-1.8164,2.04308
99.78632378,7.4236,7.42266,-4.03739,-1.40092,2.52274
99.79976797,7.33008,7.32831,-3.31813,-0.542546,3.45454
99.81325741,7.13376,7.13119,-2.54222,0.349803,4.32371
99.82140261,6.96688,6.96384,-2.04944,0.900754,4.80412
99.82544571,6.87082,6.86757,-1.79848,1.17681,5.02742
99.82676575,6.83716,6.83383,-1.71567,1.26728,5.09794
99.82802492,6.80504,6.80164,-1.63629,1.35358,5.16401
99.82924519,6.77228,6.76881,-1.55902,1.43735,5.22691
99.83066373,6.73419,6.73065,-1.46878,1.53472,5.29864
99.83323354,6.66178,6.6581,-1.30417,1.71112,5.42481
99.83837315,6.50706,6.50311,-0.970832,2.06321,5.66314
99.84865238,6.15921,6.15474,-0.28924,2.75793,6.0863
99.85889371,5.76364,5.75868,0.406999,3.42643,6.43944
99.86590721,5.46556,5.46029,0.891962,3.86435,6.64276
99.8694204,5.30818,5.30275,1.13689,4.0762,6.73299
99.87111346,5.23044,5.22494,1.25538,4.1763,6.77372
99.87224285,5.17759,5.17205,1.33442,4.24223,6.79942
99.87363971,5.11223,5.10663,1.43237,4.32279,6.8312
99.87543214,5.02678,5.0211,1.55806,4.42448,6.86961
99.87839936,4.88248,4.87667,1.76612,4.58841,6.92885
99.88070614,4.76788,4.76198,1.92787,4.71182,6.97118
99.88268478,4.66792,4.66194,2.06632,4.81475,7.0049
99.8840764,4.5967,4.59067,2.16369,4.88545,7.02718
99.8863146,4.48062,4.4745,2.31981,4.99622,7.06055
99.88860775,4.35974,4.35353,2.47916,5.10603,7.0916
99.89284561,4.13127,4.12491,2.77145,5.29952,7.14064
99.90132132,3.65546,3.6488,3.34318,5.65135,7.20657
99.91225793,3.0067,2.9997,4.04264,6.03885,7.22932
99.92470444,2.22498,2.21763,4.76175,6.3915,7.17178
99.92933432,1.92305,1.91558,5.00514,6.49898,7.12802
99.9338329,1.62437,1.61679,5.22769,6.59128,7.07414
99.93703603,1.40868,1.40103,5.37766,6.64977,7.02904
99.94051126,1.17199,1.16426,5.53247,6.70645,6.97385
99.94746172,0.69087,0.683011,5.81821,6.79884,6.84432
99.95483887,0.169916,0.161929,6.08759,6.86657,6.67949
99.96959318,-0.8973,-0.905459,6.52505,6.91026,6.26896
99.97498343,-1.29411,-1.30229,6.65157,6.89604,6.0927
99.97939778,-1.62094,-1.62912,6.7421,6.87257,5.93823
99.98064756,-1.71347,-1.72165,6.76514,6.86359,5.89251
99.9818888,-1.80556,-1.81374,6.78802,6.85467,5.8471
99.98437128,-1.98975,-1.99791,6.83011,6.83353,5.75352
99.98933623,-2.35728,-2.36538,6.90332,6.78148,5.55826
99.99926614,-3.08246,-3.09033,7.00643,6.6392,5.13653
100,-3.13548,-3.14333,7.01176,6.62667,5.10372
