"TIME","SIN1","SIN2","SIN3","SIN4","SIN5"
90,-4.27348,-4.27348,-2.87243,-4.12985,-6.69564
90.00095296,-4.34141,-4.34141,-2.94549,-4.19819,-6.67307
90.00285887,-4.47617,-4.47617,-3.09161,-4.33381,-6.62684
90.00667069,-4.73988,-4.73988,-3.38125,-4.59948,-6.52922
90.01429434,-5.23872,-5.23872,-3.94675,-5.10277,-6.31314
90.01721352,-5.41867,-5.41867,-4.15755,-5.28453,-6.22311
90.01890661,-5.51999,-5.51999,-4.27811,-5.38693,-6.16906
90.02050482,-5.6135,-5.6135,-4.39059,-5.48147,-6.11622
90.02211768,-5.70574,-5.70574,-4.50271,-5.57478,-6.06291
90.02384431,-5.80216,-5.80216,-4.62105,-5.67235,-6.00389
90.02729758,-5.98797,-5.98797,-4.85195,-5.86048,-5.88182
90.03012317,-6.13318,-6.13318,-5.03469,-6.0076,-5.77801
90.03247949,-6.24968,-6.24968,-5.18245,-6.12569,-5.68821
90.0335651,-6.3017,-6.3017,-5.24876,-6.17845,-5.64684
90.03422586,-6.33336,-6.33336,-5.28912,-6.21056,-5.62086
90.03576813,-6.40541,-6.40541,-5.38122,-6.28366,-5.5602
90.03672538,-6.44867,-6.44867,-5.43739,-6.32759,-5.52156
90.03845001,-6.52661,-6.52661,-5.53671,-6.40672,-5.45195
90.04189926,-6.67497,-6.67497,-5.7283,-6.55751,-5.30833
90.04879777,-6.94664,-6.94664,-6.08456,-6.8343,-5.00666
90.05646218,-7.20983,-7.20983,-6.43999,-7.1036,-4.64974
90.06457258,-7.44457,-7.44457,-6.77137,-7.34534,-4.24826
90.07693569,-7.71718,-7.71718,-7.1905,-7.6296,-3.59249
90.09609455,-7.94096,-7.94096,-7.63956,-7.87353,-2.48344
90.11662057,-7.9216,-7.9216,-7.85718,-7.87776,-1.18869
90.13765925,-7.63688,-7.63688,-7.80755,-7.61817,0.228561
90.15019794,-7.34507,-7.34507,-7.65096,-7.34132,1.1054
90.15593117,-7.18227,-7.18227,-7.54857,-7.18526,1.51167
90.15798189,-7.11966,-7.11966,-7.50734,-7.12504,1.65751
90.15989978,-7.05908,-7.05908,-7.46662,-7.06668,1.7939
90.16346297,-6.94141,-6.94141,-7.38554,-6.95308,2.04729
90.17058933,-6.68666,-6.68666,-7.20259,-6.70624,2.55071
90.18484206,-6.10318,-6.10318,-6.75688,-6.13733,3.52497
90.19248139,-5.75136,-5.75136,-6.47551,-5.79262,4.02081
90.20150031,-5.303,-5.303,-6.10706,-5.35221,4.57028
90.20695396,-5.01524,-5.01524,-5.86584,-5.06912,4.87948
90.20980008,-4.86025,-4.86025,-5.73458,-4.91655,5.03298
90.2113322,-4.77504,-4.77504,-5.66195,-4.83266,5.11321
90.21277568,-4.69477,-4.69477,-5.59351,-4.75362,5.18721
90.21475458,-4.58284,-4.58284,-5.49758,-4.64339,5.28615
90.21674024,-4.46904,-4.46904,-5.39964,-4.53131,5.38254
90.22071155,-4.23711,-4.23711,-5.19884,-4.30287,5.56693
90.22865418,-3.75666,-3.75666,-4.77823,-3.82955,5.90352
90.24059618,-2.99573,-2.99573,-4.10103,-3.07971,6.33205
90.25236981,-2.20441,-2.20441,-3.38466,-2.2996,6.66602
90.26858291,-1.05782,-1.05782,-2.32843,-1.16862,6.98606
90.29369125,0.814194,0.814194,-0.564311,0.68014,7.17265
90.30571315,1.73848,1.73848,0.326875,1.59592,7.13217
90.31120982,2.16397,2.16397,0.742734,2.01847,7.08627
90.31315907,2.31486,2.31486,0.891318,2.16859,7.06592
90.31497604,2.45551,2.45551,1.03026,2.30851,7.04506
90.31816842,2.70178,2.70178,1.27524,2.55385,7.00405
90.32111046,2.92757,2.92757,1.50184,2.77909,6.96139
90.32444258,3.18153,3.18153,1.75929,3.0328,6.90747
90.32512495,3.23319,3.23319,1.81202,3.08446,6.89552
90.3261134,3.30802,3.30802,1.88853,3.15931,6.87822
90.32813451,3.46009,3.46009,2.04497,3.31155,6.84086
90.32946854,3.55985,3.55985,2.14823,3.41148,6.81504
90.33172037,3.72696,3.72696,2.32243,3.57905,6.76935
90.33622403,4.05556,4.05556,2.66973,3.90907,6.67016
90.34523136,4.68324,4.68324,3.3541,4.5412,6.44129
90.34748319,4.83195,4.83195,3.52192,4.69138,6.37653
90.35198686,5.12077,5.12077,3.85318,4.98326,6.24118
90.35311277,5.19057,5.19057,3.93473,5.05384,6.2053
90.35536461,5.32772,5.32772,4.09608,5.19257,6.13353
90.35621378,5.37828,5.37828,4.15692,5.24372,6.10552
90.3568207,5.41442,5.41442,4.19984,5.28029,6.0855
90.35738124,5.44715,5.44715,4.23949,5.31342,6.067
90.3581708,5.49326,5.49326,4.29476,5.36008,6.0403
90.35899595,5.54024,5.54024,4.35253,5.40765,6.0124
90.36030266,5.61465,5.61465,4.44297,5.48299,5.96733
90.36291609,5.75842,5.75842,4.62081,5.62865,5.87487
90.36711454,5.97814,5.97814,4.89707,5.85145,5.71991
90.37036108,6.13879,6.13879,5.10197,6.01449,5.59475
90.37206031,6.21914,6.21914,5.20596,6.09609,5.52707
90.37296718,6.26203,6.26203,5.26019,6.13965,5.49095
90.3738133,6.30068,6.30068,5.31079,6.17892,5.45646
90.37475128,6.34352,6.34352,5.36545,6.22246,5.41821
90.37573504,6.38684,6.38684,5.42277,6.26714,5.37715
90.3775415,6.46637,6.46637,5.52527,6.34738,5.30175
90.38115442,6.61719,6.61719,5.72252,6.50095,5.14616
90.38791833,6.8749,6.8749,6.06527,6.76401,4.84073
90.39698941,7.17077,7.17077,6.47296,7.06756,4.40339
90.40515624,7.389,7.389,6.79067,7.29323,3.98376
90.4180431,7.64213,7.64213,7.19965,7.55907,3.27561
90.43740014,7.81766,7.81766,7.60652,7.75555,2.11852
90.45896326,7.73452,7.73452,7.77474,7.6974,0.719188
90.47654552,7.45891,7.45891,7.69696,7.44262,-0.490351
90.48587856,7.23955,7.23955,7.57942,7.23424,-1.15131
90.49124978,7.09112,7.09112,7.48842,7.09203,-1.53553
90.49306058,7.03749,7.03749,7.45395,7.04048,-1.66552
90.4947359,6.98629,6.98629,7.42038,6.99119,-1.78578
90.49808655,6.87944,6.87944,7.34849,6.88811,-2.02629
90.50478784,6.64829,6.64829,7.18604,6.6643,-2.50487
90.51819043,6.11925,6.11925,6.78908,6.14886,-3.43602
90.52560793,5.78954,5.78954,6.52927,5.82603,-3.92894
90.53174934,5.49754,5.49754,6.29331,5.53941,-4.31985
90.53689422,5.24017,5.24017,6.08157,5.28641,-4.63222
90.5424626,4.94904,4.94904,5.83842,4.99995,-4.95151
90.54469952,4.82849,4.82849,5.73673,4.88127,-5.07383
90.54608733,4.75232,4.75232,5.67208,4.80626,-5.14789
90.54741264,4.67958,4.67958,5.61035,4.73463,-5.21728
90.54913267,4.58368,4.58368,5.52855,4.64018,-5.30539
90.55116676,4.46879,4.46879,5.43015,4.52703,-5.4068
90.55523494,4.23436,4.23436,5.22805,4.29611,-5.60081
90.56337129,3.74766,3.74766,4.80341,3.81663,-5.95514
90.5743861,3.05345,3.05345,4.18756,3.13254,-6.36605
90.58670833,2.23319,2.23319,3.44695,2.32393,-6.73487
90.6017545,1.17751,1.17751,2.47661,1.28269,-7.05838
90.62894493,-0.841338,-0.841338,0.575693,-0.710982,-7.30157
90.64085577,-1.75681,-1.75681,-0.307913,-1.61802,-7.2727
90.64653237,-2.19631,-2.19631,-0.738125,-2.05445,-7.23057
90.6485355,-2.3514,-2.3514,-0.891169,-2.20874,-7.21139
90.6503934,-2.49525,-2.49525,-1.0336,-2.35184,-7.19162
90.65410919,-2.78181,-2.78181,-1.31963,-2.63733,-7.14645
90.65688994,-2.99505,-2.99505,-1.53455,-2.85006,-7.10777
90.66019271,-3.24652,-3.24652,-1.79061,-3.10127,-7.05646
90.66094039,-3.30305,-3.30305,-1.84857,-3.15782,-7.04386
90.66186728,-3.37314,-3.37314,-1.92056,-3.22791,-7.02824
90.66413902,-3.54375,-3.54375,-2.097,-3.39869,-6.98759
90.66599616,-3.68209,-3.68209,-2.24123,-3.5373,-6.95236
90.66949994,-3.93982,-3.93982,-2.51289,-3.79585,-6.88104
90.67650749,-4.43925,-4.43925,-3.05182,-4.29795,-6.71974
90.68595017,-5.06767,-5.06767,-3.75951,-4.93136,-6.46405
90.69004567,-5.3218,-5.3218,-4.05762,-5.18795,-6.33972
90.6922235,-5.45185,-5.45185,-4.21341,-5.31936,-6.27035
90.69405915,-5.55853,-5.55853,-4.34298,-5.42721,-6.21016
90.69581895,-5.65825,-5.65825,-4.46552,-5.52806,-6.15099
90.69747803,-5.74999,-5.74999,-4.57943,-5.62089,-6.0939
90.7007962,-5.92701,-5.92701,-4.80201,-5.80011,-5.97601
90.70421112,-6.10041,-6.10041,-5.02307,-5.97579,-5.84955
90.70695152,-6.23327,-6.23327,-5.19407,-6.11048,-5.74437
90.70818781,-6.29088,-6.29088,-5.26927,-6.16893,-5.69554
90.70932729,-6.34398,-6.34398,-5.33747,-6.2228,-5.65054
90.71160838,-6.44646,-6.44646,-5.47079,-6.32683,-5.55818
90.7138511,-6.5436,-6.5436,-5.59778,-6.42552,-5.46524
90.71833655,-6.72728,-6.72728,-5.84008,-6.61239,-5.27313
90.72608756,-7.01182,-7.01182,-6.22377,-6.90277,-4.92221
90.7344868,-7.27373,-7.27373,-6.59134,-7.17153,-4.51596
90.74302837,-7.49116,-7.49116,-6.91525,-7.3965,-4.07652
90.75856622,-7.76255,-7.76255,-7.37884,-7.68297,-3.21523
90.77833604,-7.88241,-7.88241,-7.73957,-7.82408,-2.0181
90.80725143,-7.62678,-7.62678,-7.82321,-7.60155,-0.10797
90.82460132,-7.2396,-7.2396,-7.62959,-7.23433,1.10414
90.83204098,-7.02201,-7.02201,-7.49226,-7.02512,1.63333
90.83476563,-6.93479,-6.93479,-7.43399,-6.94094,1.82786
90.83731164,-6.84978,-6.84978,-7.37578,-6.85872,2.00963
90.84240364,-6.66984,-6.66984,-7.2487,-6.68426,2.37179
90.85258766,-6.27175,-6.27175,-6.95316,-6.29654,3.0836
90.86021668,-5.94129,-5.94129,-6.69662,-5.97325,3.59979
90.86533507,-5.70462,-5.70462,-6.50809,-5.7411,3.93498
90.87216554,-5.37093,-5.37093,-6.23672,-5.41315,4.36346
90.87687567,-5.1293,-5.1293,-6.03677,-5.17535,4.64413
90.88210891,-4.85024,-4.85024,-5.80272,-4.9005,4.93911
90.88416081,-4.73783,-4.73783,-5.70759,-4.78974,5.04957
90.88553565,-4.66125,-4.66125,-5.64241,-4.71427,5.12187
90.88685841,-4.58757,-4.58757,-5.57971,-4.64166,5.19008
90.88839581,-4.5007,-4.5007,-5.50542,-4.55603,5.26773
90.89073904,-4.36659,-4.36659,-5.39026,-4.42385,5.38274
90.89542549,-4.09242,-4.09242,-5.1531,-4.15358,5.60108
90.90479839,-3.52145,-3.52145,-4.65257,-3.59066,5.99313
90.91518677,-2.85585,-2.85585,-4.05929,-2.9343,6.36067
90.92898497,-1.92439,-1.92439,-3.2142,-2.01546,6.74344
90.94356002,-0.889941,-0.889941,-2.25856,-0.994515,7.02021
90.97271012,1.28361,1.28361,-0.197203,1.15553,7.19594
90.9815902,1.96445,1.96445,0.465414,1.83139,7.15121
90.98487045,2.21694,2.21694,0.713673,2.08254,7.1233
90.98612091,2.31319,2.31319,0.808746,2.17828,7.11066
90.98729072,2.40323,2.40323,0.897873,2.26785,7.09884
90.98963032,2.5829,2.5829,1.07661,2.44684,7.07212
90.99430953,2.94011,2.94011,1.43568,2.80324,7.00975
90.99665686,3.11798,3.11798,1.61668,2.98097,6.97401
90.99954572,3.33531,3.33531,1.83944,3.19841,6.92598
91.00142446,3.47558,3.47558,1.98459,3.33888,6.89237
91.00440335,3.69584,3.69584,2.21473,3.55974,6.83527
91.0076663,3.93358,3.93358,2.46637,3.79844,6.76744
91.01419221,4.39508,4.39508,2.96599,4.26277,6.6155
91.02724401,5.23955,5.23955,3.93085,5.11469,6.24871
91.03189067,5.51175,5.51175,4.25972,5.38999,6.09828
91.03608831,5.74352,5.74352,4.54764,5.62471,5.9537
91.03927945,5.91063,5.91063,4.75959,5.7941,5.83839
91.04280041,6.086,6.086,4.98538,5.97199,5.70587
91.04561148,6.21934,6.21934,5.15894,6.10735,5.59614
91.04686573,6.27648,6.27648,5.23436,6.16539,5.54579
91.04790502,6.32382,6.32382,5.29545,6.21348,5.50407
91.04891588,6.36825,6.36825,5.35486,6.25864,5.46253
91.05001717,6.41665,6.41665,5.41815,6.30784,5.41728
91.05216971,6.50797,6.50797,5.53903,6.40074,5.3269
91.05614362,6.66795,6.66795,5.75265,6.56367,5.15499
91.06409144,6.95483,6.95483,6.14453,6.85677,4.79217
91.072611,7.21404,7.21404,6.5143,7.12312,4.37626
91.08112135,7.42371,7.42371,6.83332,7.34044,3.93435
91.095735,7.67105,7.67105,7.26693,7.60202,3.11916
91.11581216,7.78495,7.78495,7.63284,7.73726,1.89752
91.14221596,7.5559,7.5559,7.72377,7.53772,0.148274
91.15933043,7.18855,7.18855,7.55442,7.18942,-1.04972
91.16645456,6.98675,6.98675,7.43248,6.99538,-1.55836
91.169065,6.90581,6.90581,7.38038,6.91723,-1.74566
91.17151698,6.82648,6.82648,7.32792,6.8405,-1.92159
91.17609253,6.67009,6.67009,7.22105,6.68885,-2.24925
91.18524364,6.32575,6.32575,6.97321,6.35355,-2.89668
91.19480505,5.92276,5.92276,6.66717,5.95918,-3.55266
91.20071528,5.65231,5.65231,6.4546,5.69366,-3.94346
91.20800199,5.2975,5.2975,6.16887,5.3446,-4.40354
91.21299445,5.04126,5.04126,5.95845,5.09216,-4.70209
91.21666798,4.8461,4.8461,5.7962,4.89976,-4.91174
91.21868149,4.73638,4.73638,5.70418,4.79155,-5.02272
91.21973915,4.67874,4.67874,5.65584,4.73471,-5.07944
91.22072912,4.62379,4.62379,5.60945,4.6805,-5.13254
91.22184118,4.56205,4.56205,5.55733,4.61961,-5.19038
91.2230118,4.49633,4.49633,5.50111,4.55432,-5.25126
91.22507095,4.37945,4.37945,5.40222,4.43948,-5.35505
91.22918927,4.14097,4.14097,5.19798,4.2042,-5.55357
91.23742591,3.64594,3.64594,4.76861,3.71576,-5.91592
91.24866886,2.93407,2.93407,4.14013,3.01325,-6.33903
91.26087033,2.11874,2.11874,3.4069,2.20842,-6.70777
91.27539438,1.09795,1.09795,2.47199,1.20035,-7.02708
91.29940898,-0.680692,-0.680692,0.804976,-0.557735,-7.2787
91.31114671,-1.58005,-1.58005,-0.0569667,-1.44909,-7.27902
91.3165862,-2.00073,-2.00073,-0.46539,-1.86692,-7.25238
91.31831309,-2.13456,-2.13456,-0.596128,-2.00002,-7.23987
91.31944101,-2.22197,-2.22197,-0.681769,-2.08696,-7.2317
91.32053372,-2.30665,-2.30665,-0.764906,-2.17118,-7.22193
91.32271913,-2.47576,-2.47576,-0.931648,-2.33962,-7.20238
91.32708994,-2.81256,-2.81256,-1.26679,-2.6755,-7.15413
91.33040082,-3.06591,-3.06591,-1.5219,-2.92858,-7.1107
91.3335558,-3.30546,-3.30546,-1.76585,-3.16823,-7.06384
91.33428137,-3.36017,-3.36017,-1.82195,-3.22302,-7.05213
91.33521597,-3.43064,-3.43064,-1.89435,-3.29359,-7.03705
91.33736739,-3.59175,-3.59175,-2.06102,-3.45509,-7.00017
91.33902035,-3.71458,-3.71458,-2.18906,-3.57832,-6.97018
91.34200144,-3.93371,-3.93371,-2.41975,-3.79839,-6.91252
91.34796362,-4.36068,-4.36068,-2.87853,-4.22801,-6.78356
91.35988797,-5.15222,-5.15222,-3.77103,-5.02665,-6.47276
91.36429901,-5.42075,-5.42075,-4.0898,-5.29822,-6.34024
91.36691367,-5.57301,-5.57301,-4.27496,-5.45236,-6.2573
91.36941572,-5.71367,-5.71367,-4.44892,-5.59485,-6.17495
91.37170884,-5.83825,-5.83825,-4.60524,-5.72114,-6.09694
91.37587464,-6.0542,-6.0542,-4.88043,-5.94022,-5.94915
91.37906336,-6.21068,-6.21068,-5.08269,-6.09909,-5.83079
91.38093572,-6.29906,-6.29906,-5.1978,-6.18888,-5.75882
91.38187744,-6.34224,-6.34224,-5.25429,-6.23276,-5.72262
91.38276794,-6.38307,-6.38307,-5.30771,-6.27427,-5.68747
91.38381021,-6.42936,-6.42936,-5.36852,-6.32135,-5.64634
91.38492934,-6.47907,-6.47907,-5.43381,-6.37191,-5.60091
91.38716761,-6.57499,-6.57499,-5.56043,-6.46955,-5.51005
91.39164414,-6.75629,-6.75629,-5.80203,-6.65437,-5.32103
91.39932568,-7.03504,-7.03504,-6.18212,-6.93946,-4.97788
91.40768147,-7.29242,-7.29242,-6.54799,-7.20421,-4.57872
91.4162002,-7.50625,-7.50625,-6.87148,-7.42608,-4.14539
91.43146763,-7.76902,-7.76902,-7.32946,-7.70448,-3.30793
91.45125854,-7.88564,-7.88564,-7.69573,-7.84321,-2.12022
91.47939321,-7.63832,-7.63832,-7.79125,-7.62889,-0.27507
91.49715933,-7.24466,-7.24466,-7.60401,-7.25594,0.961393
91.50468767,-7.02457,-7.02457,-7.46859,-7.04441,1.49658
91.50734315,-6.93959,-6.93959,-7.41303,-6.9624,1.68637
91.50987072,-6.85526,-6.85526,-7.35647,-6.88086,1.86703
91.51233124,-6.77001,-6.77001,-7.29803,-6.79829,2.04289
91.51725228,-6.59037,-6.59037,-7.17127,-6.62388,2.39317
91.52709437,-6.1958,-6.1958,-6.87942,-6.23914,3.08208
91.53458765,-5.8649,-5.8649,-6.62388,-5.91509,3.59044
91.5396074,-5.62898,-5.62898,-6.43701,-5.68344,3.92044
91.54625924,-5.29953,-5.29953,-6.1707,-5.35936,4.34012
91.55099457,-5.05368,-5.05368,-5.96848,-5.11718,4.6244
91.5574074,-4.70642,-4.70642,-5.67847,-4.77481,4.98608
91.55969791,-4.57847,-4.57847,-5.57046,-4.6486,5.10833
91.56191013,-4.453,-4.453,-5.46398,-4.52481,5.22275
91.56381843,-4.3433,-4.3433,-5.37045,-4.41658,5.31855
91.56586667,-4.22408,-4.22408,-5.26837,-4.29893,5.41842
91.56996314,-3.98115,-3.98115,-5.05903,-4.0592,5.60925
91.57689444,-3.55708,-3.55708,-4.68967,-3.64067,5.90604
91.58750623,-2.87827,-2.87827,-4.08929,-2.9706,6.2993
91.59933408,-2.08344,-2.08344,-3.37404,-2.18577,6.65303
91.61472441,-0.997399,-0.997399,-2.37871,-1.11287,6.98326
91.63776394,0.711319,0.711319,-0.776628,0.576846,7.21117
91.64933015,1.59587,1.59587,0.0708721,1.45399,7.20772
91.65466075,2.00721,2.00721,0.469774,1.86251,7.18012
91.65633312,2.13626,2.13626,0.595897,1.99106,7.16762
91.65740421,2.21891,2.21891,0.676891,2.07339,7.15961
91.65844111,2.29893,2.29893,0.755446,2.15309,7.15015
91.6605149,2.45885,2.45885,0.912959,2.31249,7.13125
91.66466248,2.77738,2.77738,1.22941,2.63036,7.08513
91.6680889,3.03871,3.03871,1.49207,2.8916,7.03995
91.6714182,3.29055,3.29055,1.74817,3.14377,6.98996
91.67209147,3.34111,3.34111,1.79996,3.19445,6.97895
91.67306769,3.41442,3.41442,1.87519,3.26794,6.96299
91.67511892,3.56743,3.56743,2.03325,3.42147,6.92743
91.67651524,3.67086,3.67086,2.14085,3.52535,6.90195
91.67890728,3.84651,3.84651,2.32505,3.70191,6.85592
91.68369135,4.19098,4.19098,2.69211,4.04876,6.75498
91.6932595,4.84392,4.84392,3.41373,4.70818,6.51836
91.6998038,5.25681,5.25681,3.89242,5.12631,6.33045
91.70273272,5.43156,5.43156,4.10167,5.30354,6.23961
91.70449889,5.53369,5.53369,4.22604,5.4072,6.18285
91.70617776,5.62843,5.62843,4.34282,5.50341,6.12753
91.70794949,5.72594,5.72594,4.46439,5.60248,6.06773
91.71110771,5.89358,5.89358,4.67637,5.77292,5.95756
91.71512026,6.09548,6.09548,4.93594,5.97838,5.81106
91.71827692,6.24581,6.24581,5.13174,6.1315,5.69076
91.71968853,6.31016,6.31016,5.21676,6.1971,5.63526
91.72061251,6.35229,6.35229,5.27119,6.24004,5.59893
91.72151911,6.39217,6.39217,5.32459,6.28073,5.56241
91.72268805,6.44359,6.44359,5.39199,6.33319,5.51533
91.72428481,6.51173,6.51173,5.48226,6.40275,5.44977
91.72747833,6.64259,6.64259,5.65674,6.53649,5.31541
91.73386537,6.88285,6.88285,5.98248,6.78268,5.03411
91.74175279,7.14057,7.14057,6.34378,7.04807,4.66441
91.75018344,7.369,7.369,6.68164,7.28516,4.24321
91.76176962,7.60483,7.60483,7.06679,7.53364,3.62342
91.77990127,7.7966,7.7966,7.48997,7.74667,2.56845
91.79911391,7.77122,7.77122,7.70515,7.74509,1.35294
91.82399109,7.40802,7.40802,7.64177,7.41297,-0.336016
91.83585564,7.10878,7.10878,7.47973,7.12818,-1.17599
91.84204064,6.92179,6.92179,7.36253,6.94852,-1.61929
91.8441932,6.85184,6.85184,7.31657,6.88108,-1.77412
91.84618506,6.78494,6.78494,7.27172,6.81647,-1.91738
91.85016877,6.645,6.645,7.17542,6.68104,-2.20346
91.85813621,6.3413,6.3413,6.95707,6.38595,-2.77035
91.87177783,5.75117,5.75117,6.50669,5.80908,-3.70505
91.8731368,5.68715,5.68715,6.45609,5.74627,-3.79517
91.87585475,5.55714,5.55714,6.35274,5.61863,-3.97349
91.87963556,5.37122,5.37122,6.20334,5.4359,-4.21609
91.88375675,5.16172,5.16172,6.03287,5.22979,-4.47213
91.89199912,4.72194,4.72194,5.66857,4.79663,-4.9521
91.89473959,4.56969,4.56969,5.54065,4.64656,-5.10151
91.896979,4.44311,4.44311,5.43366,4.52176,-5.21958
91.89905783,4.3239,4.3239,5.3324,4.40421,-5.3259
91.90097283,4.21266,4.21266,5.23748,4.29451,-5.42106
91.90480281,3.98617,3.98617,5.04306,4.07114,-5.60361
91.91246279,3.51792,3.51792,4.63648,3.60924,-5.93885
91.92312607,2.83445,2.83445,4.03328,2.93487,-6.34173
91.93533653,2.01092,2.01092,3.29342,2.12196,-6.71466
91.95035002,0.94676,0.94676,2.3196,1.07094,-7.04706
91.97723784,-1.06153,-1.06153,0.434508,-0.915611,-7.30655
91.98650859,-1.77599,-1.77599,-0.25219,-1.62455,-7.29785
91.99159442,-2.17017,-2.17017,-0.635557,-2.01661,-7.27216
91.99332018,-2.30393,-2.30393,-0.766604,-2.14964,-7.26011
91.99491103,-2.42724,-2.42724,-0.887779,-2.27234,-7.24753
91.99809275,-2.6732,-2.6732,-1.13106,-2.51772,-7.21818
92.00184049,-2.96131,-2.96131,-1.419,-2.80545,-7.1765
92.00408511,-3.1328,-3.1328,-1.59206,-2.97696,-7.14788
92.00678212,-3.3375,-3.3375,-1.80051,-3.18193,-7.10989
92.0077561,-3.41091,-3.41091,-1.87578,-3.25552,-7.09499
92.00863347,-3.47704,-3.47704,-1.94367,-3.3218,-7.08156
92.01122351,-3.67063,-3.67063,-2.14407,-3.51607,-7.03888
92.01366126,-3.85084,-3.85084,-2.33269,-3.69713,-6.99549
92.01853676,-4.20422,-4.20422,-2.70848,-4.05278,-6.89944
92.02828776,-4.87363,-4.87363,-3.44715,-4.72851,-6.67122
92.03474564,-5.28352,-5.28352,-3.92164,-5.14338,-6.49414
92.03764686,-5.45786,-5.45786,-4.12991,-5.3201,-6.40797
92.03955561,-5.56898,-5.56898,-4.26491,-5.43281,-6.34908
92.04138989,-5.67301,-5.67301,-4.39292,-5.5384,-6.29087
92.0432106,-5.7736,-5.7736,-4.51813,-5.64055,-6.23153
92.04685201,-5.96703,-5.96703,-4.76235,-5.83712,-6.10828
92.05014071,-6.13304,-6.13304,-4.97512,-6.00595,-5.99179
92.0527844,-6.26064,-6.26064,-5.14031,-6.13583,-5.89463
92.0547637,-6.35281,-6.35281,-5.26038,-6.22971,-5.81986
92.05658594,-6.43517,-6.43517,-5.36806,-6.31364,-5.74951
92.05773153,-6.48573,-6.48573,-5.43436,-6.3652,-5.70401
92.05991211,-6.5794,-6.5794,-5.55766,-6.46078,-5.6174
92.06427328,-6.75672,-6.75672,-5.79319,-6.642,-5.4371
92.0719414,-7.03653,-7.03653,-6.17324,-6.92896,-5.10124
92.08017654,-7.29218,-7.29218,-6.53485,-7.19278,-4.71484
92.08864389,-7.50721,-7.50721,-6.85791,-7.41672,-4.29111
92.10370411,-7.77197,-7.77197,-7.31363,-7.69855,-3.47684
92.12343487,-7.89682,-7.89682,-7.68557,-7.84762,-2.3064
92.15104731,-7.66973,-7.66973,-7.79323,-7.65602,-0.51065
92.16947373,-7.27057,-7.27057,-7.60733,-7.28039,0.766925
92.17782565,-7.02706,-7.02706,-7.45726,-7.04727,1.36074
92.18028472,-6.94811,-6.94811,-7.40541,-6.97133,1.53691
92.18144445,-6.90943,-6.90943,-7.37941,-6.93405,1.62
92.18254492,-6.87272,-6.87272,-7.35474,-6.89868,1.69895
92.18474586,-6.79679,-6.79679,-7.30269,-6.82538,1.85683
92.18914774,-6.63759,-6.63759,-7.1907,-6.67135,2.172
92.1979515,-6.29074,-6.29074,-6.93589,-6.33433,2.79572
92.20915525,-5.7969,-5.7969,-6.55432,-5.85185,3.56395
92.21566592,-5.48395,-5.48395,-6.304,-5.54492,3.9917
92.22260488,-5.13045,-5.13045,-6.01503,-5.19749,4.42633
92.2283297,-4.82396,-4.82396,-5.75998,-4.8958,4.76454
92.23208343,-4.61595,-4.61595,-5.5848,-4.6909,4.97478
92.23385376,-4.5156,-4.5156,-5.49963,-4.59201,5.07051
92.2349507,-4.45341,-4.45341,-5.44685,-4.53073,5.12823
92.23600585,-4.39253,-4.39253,-5.39486,-4.47071,5.18375
92.2375037,-4.30611,-4.30611,-5.32107,-4.38553,5.26051
92.23922344,-4.20554,-4.20554,-5.2348,-4.28639,5.34657
92.24266291,-4.00125,-4.00125,-5.05865,-4.08498,5.51228
92.24954186,-3.58058,-3.58058,-4.69228,-3.67017,5.81904
92.26004064,-2.90949,-2.90949,-4.09892,-3.00825,6.22656
92.27154257,-2.13762,-2.13762,-3.40481,-2.24663,6.59166
92.2852643,-1.1731,-1.1731,-2.52261,-1.29442,6.91892
92.30528179,0.301317,0.301317,-1.14674,0.162413,7.19079
92.31799662,1.26976,1.26976,-0.226031,1.1208,7.23952
92.32379496,1.71714,1.71714,0.204349,1.56434,7.2303
92.32528488,1.8326,1.8326,0.315919,1.67893,7.2244
92.32615606,1.90011,1.90011,0.381324,1.74594,7.22096
92.32699892,1.96542,1.96542,0.444712,1.81076,7.21661
92.32797969,2.04142,2.04142,0.5186,1.8863,7.21156
92.32907119,2.12601,2.12601,0.600986,1.97038,7.20467
92.33028632,2.22017,2.22017,0.692894,2.06398,7.19699
92.33217614,2.36646,2.36646,0.836209,2.20954,7.18282
92.33566338,2.6357,2.6357,1.10177,2.47775,7.15145
92.33944625,2.92615,2.92615,1.39124,2.76757,7.10982
92.34218338,3.13491,3.13491,1.60145,2.9762,7.0748
92.34535474,3.37488,3.37488,1.84567,3.21637,7.02914
92.34717633,3.51163,3.51163,1.98594,3.35341,7.00045
92.35015146,3.7329,3.7329,2.21522,3.5754,6.9498
92.35331061,3.9645,3.9645,2.45829,3.80812,6.89089
92.35962891,4.4147,4.4147,2.94111,4.26153,6.75752
92.37226552,5.24248,5.24248,3.87582,5.09797,6.43059
92.37464908,5.38673,5.38673,4.04676,5.24415,6.3594
92.37526898,5.42331,5.42331,4.0907,5.28123,6.34089
92.37635761,5.48754,5.48754,4.16786,5.34635,6.30717
92.37723784,5.53822,5.53822,4.2295,5.39774,6.27991
92.37808994,5.58727,5.58727,4.28918,5.44749,6.25265
92.37959788,5.67205,5.67205,4.39348,5.53352,6.2044
92.38261375,5.83611,5.83611,4.59809,5.7001,6.10411
92.38773169,6.0983,6.0983,4.93146,5.96658,5.92435
92.39108641,6.25938,6.25938,5.13956,6.13048,5.80007
92.39267635,6.3328,6.3328,5.23511,6.20523,5.73898
92.39388705,6.38697,6.38697,5.3065,6.26042,5.69247
92.39501079,6.43724,6.43724,5.37167,6.31165,5.64802
92.39626587,6.49177,6.49177,5.44324,6.36724,5.59837
92.39864393,6.59201,6.59201,5.57537,6.46952,5.50186
92.40340006,6.78049,6.78049,5.82649,6.66218,5.30166
92.41094966,7.04728,7.04728,6.19069,6.93589,4.96485
92.41947801,7.30143,7.30143,6.55326,7.19837,4.55742
92.42828498,7.51195,7.51195,6.87488,7.41804,4.1082
92.44415322,7.76068,7.76068,7.32254,7.68457,3.23227
92.46415914,7.84165,7.84165,7.651,7.7898,2.02094
92.49366648,7.51395,7.51395,7.67541,7.4992,0.064545
92.51109794,7.08273,7.08273,7.44222,7.08948,-1.15974
92.51869008,6.84208,6.84208,7.28505,6.85791,-1.70261
92.5214668,6.74631,6.74631,7.21933,6.76539,-1.90184
92.52405463,6.65344,6.65344,7.15424,6.6755,-2.08752
92.52923027,6.45758,6.45758,7.01315,6.48546,-2.45723
92.53958157,6.02693,6.02693,6.68874,6.0657,-3.1827
92.54598551,5.73532,5.73532,6.46057,5.78027,-3.61793
92.55043947,5.52152,5.52152,6.28982,5.57054,-3.91241
92.55576857,5.25434,5.25434,6.07295,5.30801,-4.25329
92.56078392,4.99195,4.99195,5.85666,5.04984,-4.56047
92.56503781,4.76134,4.76134,5.66419,4.82274,-4.80907
92.5685526,4.56538,4.56538,5.49906,4.62967,-5.0052
92.5701108,4.47654,4.47654,5.42362,4.54211,-5.08933
92.57155248,4.39434,4.39434,5.35383,4.4611,-5.16557
92.5729946,4.31049,4.31049,5.28217,4.37844,-5.24028
92.57454201,4.22052,4.22052,5.20527,4.28975,-5.31873
92.57763684,4.03714,4.03714,5.04755,4.10896,-5.47049
92.58382649,3.6603,3.6603,4.72048,3.73739,-5.75411
92.59398244,3.01467,3.01467,4.15193,3.10064,-6.16449
92.60514493,2.26917,2.26917,3.48437,2.36517,-6.53938
92.61938982,1.27012,1.27012,2.57408,1.37908,-6.90521
92.63686608,-0.015425,-0.015425,1.38021,0.109327,-7.18575
92.65048786,-1.05334,-1.05334,0.399456,-0.916938,-7.27858
92.65731806,-1.58253,-1.58253,-0.106772,-1.44103,-7.28432
92.66090519,-1.86212,-1.86212,-0.376046,-1.71828,-7.27657
92.66191074,-1.9405,-1.9405,-0.451926,-1.796,-7.27286
92.66266052,-1.99894,-1.99894,-0.508658,-1.85411,-7.27009
92.66356088,-2.0692,-2.0692,-0.576784,-1.9239,-7.26579
92.66478036,-2.16436,-2.16436,-0.669309,-2.01842,-7.25996
92.66632989,-2.28527,-2.28527,-0.787169,-2.13853,-7.25096
92.66889251,-2.48491,-2.48491,-0.982767,-2.33715,-7.23313
92.67401776,-2.88221,-2.88221,-1.37615,-2.73303,-7.18661
92.6767314,-3.09113,-3.09113,-1.58545,-2.94155,-7.15614
92.68008604,-3.34747,-3.34747,-1.84494,-3.19777,-7.11296
92.68103696,-3.41959,-3.41959,-1.9185,-3.26993,-7.0994
92.68189601,-3.48474,-3.48474,-1.98505,-3.33513,-7.08715
92.68487159,-3.70841,-3.70841,-2.21554,-3.5592,-7.04091
92.6880102,-3.94114,-3.94114,-2.45835,-3.79268,-6.98708
92.69428742,-4.39417,-4.39417,-2.94092,-4.24809,-6.86409
92.70684186,-5.23016,-5.23016,-3.87643,-5.09087,-6.55866
92.71140885,-5.50768,-5.50768,-4.20365,-5.37136,-6.42824
92.71472823,-5.69946,-5.69946,-4.43555,-5.56541,-6.32714
92.71734054,-5.84433,-5.84433,-4.61385,-5.71212,-6.24392
92.72003442,-5.98815,-5.98815,-4.79331,-5.85785,-6.15477
92.72337223,-6.15866,-6.15866,-5.00867,-6.03073,-6.0397
92.72576376,-6.27569,-6.27569,-5.15784,-6.14947,-5.95416
92.72763306,-6.36422,-6.36422,-5.27128,-6.23933,-5.88523
92.72832433,-6.39606,-6.39606,-5.31221,-6.27166,-5.85974
92.72934653,-6.44313,-6.44313,-5.37273,-6.31947,-5.82099
92.73042464,-6.4917,-6.4917,-5.43532,-6.36881,-5.78013
92.73246243,-6.58122,-6.58122,-5.55107,-6.45983,-5.70106
92.73653801,-6.75146,-6.75146,-5.77285,-6.63312,-5.5376
92.74468918,-7.05717,-7.05717,-6.17947,-6.94528,-5.19003
92.75252091,-7.30778,-7.30778,-6.52548,-7.20257,-4.8311
92.76084508,-7.5284,-7.5284,-6.84678,-7.43084,-4.42405
92.77472718,-7.79324,-7.79324,-7.27887,-7.70962,-3.69109
92.79542317,-7.95511,-7.95511,-7.68789,-7.89451,-2.48747
92.82085277,-7.78909,-7.78909,-7.81788,-7.7589,-0.859335
92.84048865,-7.39979,-7.39979,-7.64818,-7.39342,0.486092
92.85066866,-7.11236,-7.11236,-7.47073,-7.11811,1.20565
92.85636068,-6.9272,-6.9272,-7.34571,-6.93955,1.61188
92.85831605,-6.85963,-6.85963,-7.29857,-6.87422,1.75183
92.86011273,-6.79581,-6.79581,-7.2534,-6.81243,1.88041
92.86370609,-6.66328,-6.66328,-7.15782,-6.68391,2.13724
92.87089279,-6.37922,-6.37922,-6.94621,-6.40756,2.64704
92.88526621,-5.739,-5.739,-6.44458,-5.78124,3.63047
92.89160556,-5.42715,-5.42715,-6.19107,-5.4749,4.04307
92.89834141,-5.07712,-5.07712,-5.90105,-5.13042,4.46105
92.90783884,-4.55289,-4.55289,-5.45779,-4.6138,5.00272
92.9114281,-4.34571,-4.34571,-5.28008,-4.40946,5.19165
92.91470818,-4.15222,-4.15222,-5.11295,-4.21859,5.35628
92.91788798,-3.96099,-3.96099,-4.94676,-4.02993,5.50854
92.92137782,-3.74711,-3.74711,-4.75975,-3.81889,5.6675
92.92835749,-3.30735,-3.30735,-4.37183,-3.38495,5.96068
92.93859366,-2.63558,-2.63558,-3.77128,-2.72194,6.33303
92.95170119,-1.73364,-1.73364,-2.95198,-1.8315,6.71267
92.96709279,-0.623716,-0.623716,-1.92627,-0.735182,7.02258
92.98623468,0.815161,0.815161,-0.571332,0.687311,7.20883
92.99703644,1.64687,1.64687,0.226167,1.51158,7.21848
93.00177712,2.01465,2.01465,0.582651,1.87659,7.20134
93.00336523,2.13785,2.13785,0.702868,1.99917,7.19217
93.00456428,2.23087,2.23087,0.793868,2.09173,7.18524
93.00573971,2.32206,2.32206,0.883255,2.18246,7.17714
93.00809058,2.50418,2.50418,1.06252,2.36379,7.1586
93.01279232,2.86659,2.86659,1.4227,2.72516,7.11234
93.01524929,3.05471,3.05471,1.61167,2.91303,7.08332
93.01829983,3.28667,3.28667,1.84689,3.14498,7.0427
93.02014851,3.42623,3.42623,1.98944,3.28469,7.01563
93.02305088,3.64343,3.64343,2.21341,3.50234,6.96942
93.02606577,3.86612,3.86612,2.44573,3.72582,6.91668
93.03209556,4.30031,4.30031,2.90754,4.16237,6.79694
93.04415514,5.10626,5.10626,3.8047,4.97497,6.50209
93.04870214,5.38503,5.38503,4.13069,5.25664,6.37209
93.05135872,5.5407,5.5407,4.3171,5.41407,6.29147
93.05384703,5.68142,5.68142,4.48841,5.55648,6.21289
93.05653704,5.82799,5.82799,4.66953,5.70491,6.12465
93.05971306,5.99366,5.99366,4.87726,5.8728,6.0161
93.06207917,6.11199,6.11199,5.02738,5.99278,5.93219
93.06413007,6.21122,6.21122,5.15404,6.09345,5.85703
93.06501815,6.25287,6.25287,5.20763,6.13572,5.82449
93.06556183,6.27837,6.27837,5.24045,6.1616,5.80399
93.06609265,6.30327,6.30327,5.27189,6.18687,5.78398
93.06680845,6.33594,6.33594,5.31429,6.22004,5.75699
93.06757454,6.3709,6.3709,5.35866,6.25554,5.72748
93.06871763,6.42199,6.42199,5.42487,6.30743,5.68345
93.0710038,6.52133,6.52133,5.55337,6.40841,5.5933
93.07466504,6.67267,6.67267,5.7506,6.56242,5.44425
93.08198753,6.9471,6.9471,6.11489,6.84245,5.12933
93.09059936,7.22229,7.22229,6.49395,7.12473,4.7314
93.09851604,7.43048,7.43048,6.79674,7.33993,4.34048
93.11370206,7.71204,7.71204,7.25872,7.63617,3.52882
93.1319271,7.85043,7.85043,7.6114,7.79395,2.45897
93.15894478,7.67401,7.67401,7.74393,7.64817,0.717108
93.17778869,7.2944,7.2944,7.57076,7.29009,-0.585092
93.18720459,7.0291,7.0291,7.40516,7.03531,-1.25535
93.19657149,6.71794,6.71794,7.19041,6.73421,-1.92708
93.1991165,6.62541,6.62541,7.12358,6.64434,-2.10975
93.20162382,6.53102,6.53102,7.05428,6.55252,-2.28971
93.20663847,6.33292,6.33292,6.90563,6.3594,-2.64735
93.21666776,5.90076,5.90076,6.56937,5.93651,-3.34726
93.22265442,5.62064,5.62064,6.3445,5.66144,-3.75157
93.22773444,5.37044,5.37044,6.13996,5.41527,-4.08404
93.23214992,5.14395,5.14395,5.95223,5.19213,-4.3633
93.23685722,4.89357,4.89357,5.74217,4.94523,-4.64915
93.24072297,4.68127,4.68127,5.56221,4.73574,-4.87354
93.24321875,4.54108,4.54108,5.44251,4.59736,-5.01298
93.24529294,4.42274,4.42274,5.34097,4.48053,-5.12543
93.24740803,4.3004,4.3004,5.23554,4.35972,-5.23677
93.24878314,4.21996,4.21996,5.16598,4.2803,-5.30736
93.25153336,4.05704,4.05704,5.02453,4.11942,-5.44441
93.2570338,3.72319,3.72319,4.73245,3.78973,-5.70258
93.26803468,3.02555,3.02555,4.11359,3.10074,-6.1583
93.27826725,2.34356,2.34356,3.499,2.4271,-6.51208
93.29369274,1.26328,1.26328,2.50914,1.35973,-6.92183
93.30836822,0.186365,0.186365,1.50528,0.2952,-7.17669
93.32247824,-0.88455,-0.88455,0.491753,-0.764149,-7.3004
93.33038513,-1.49613,-1.49613,-0.0942239,-1.36997,-7.31857
93.33431708,-1.8025,-1.8025,-0.389883,-1.67368,-7.31412
93.33564982,-1.90635,-1.90635,-0.490693,-1.777,-7.31033
93.33635174,-1.96115,-1.96115,-0.543946,-1.83141,-7.30833
93.3372654,-2.03249,-2.03249,-0.613264,-1.90224,-7.30467
93.3383763,-2.11922,-2.11922,-0.697763,-1.98836,-7.30023
93.33972284,-2.22436,-2.22436,-0.800411,-2.09282,-7.29356
93.3418392,-2.38942,-2.38942,-0.962217,-2.257,-7.28103
93.34592415,-2.70704,-2.70704,-1.27599,-2.57328,-7.24978
93.34923402,-2.96297,-2.96297,-1.53145,-2.8285,-7.2177
93.35243231,-3.20862,-3.20862,-1.77916,-3.0738,-7.181
93.35313861,-3.26253,-3.26253,-1.83387,-3.1277,-7.17196
93.35409205,-3.33531,-3.33531,-1.90786,-3.20045,-7.15975
93.35619237,-3.49469,-3.49469,-2.07086,-3.35989,-7.13074
93.35769829,-3.60821,-3.60821,-2.18774,-3.47354,-7.10849
93.3603334,-3.80514,-3.80514,-2.3921,-3.67087,-7.06664
93.36560363,-4.1911,-4.1911,-2.79913,-4.05821,-6.972
93.37614409,-4.91974,-4.91974,-3.59656,-4.79123,-6.74002
93.38270784,-5.33762,-5.33762,-4.07602,-5.21234,-6.56743
93.38569021,-5.51718,-5.51718,-4.28831,-5.39348,-6.482
93.38815111,-5.66009,-5.66009,-4.46023,-5.53773,-6.40828
93.39023662,-5.77741,-5.77741,-4.6033,-5.65623,-6.34354
93.39237066,-5.89389,-5.89389,-4.74695,-5.77393,-6.27518
93.39663875,-6.1163,-6.1163,-5.02479,-5.99882,-6.13214
93.39976437,-6.27046,-6.27046,-5.21953,-6.15481,-6.02211
93.40117504,-6.33766,-6.33766,-5.3049,-6.22283,-5.97059
93.40249492,-6.39859,-6.39859,-5.3833,-6.28456,-5.92238
93.4037919,-6.45847,-6.45847,-5.45894,-6.34521,-5.87345
93.40518487,-6.52076,-6.52076,-5.53867,-6.40835,-5.8209
93.4079708,-6.64121,-6.64121,-5.69353,-6.53051,-5.71248
93.41354267,-6.86572,-6.86572,-5.98554,-6.75863,-5.48573
93.42057119,-7.11816,-7.11816,-6.32158,-7.01595,-5.18139
93.42858362,-7.36458,-7.36458,-6.66222,-7.26844,-4.81053
93.43870436,-7.61372,-7.61372,-7.02963,-7.52598,-4.30763
93.4546011,-7.86763,-7.86763,-7.46835,-7.79463,-3.44674
93.47163445,-7.95791,-7.95791,-7.75459,-7.90242,-2.43849
93.50570115,-7.60887,-7.60887,-7.78321,-7.59063,-0.218233
93.52450547,-7.12961,-7.12961,-7.5011,-7.13183,1.09265
93.53271262,-6.85952,-6.85952,-7.31399,-6.87039,1.67623
93.53570364,-6.7522,-6.7522,-7.23639,-6.76615,1.88968
93.53849482,-6.64793,-6.64793,-7.15957,-6.66471,2.08887
93.54407718,-6.42787,-6.42787,-6.99357,-6.45013,2.48512
93.5552419,-5.94367,-5.94367,-6.6138,-5.97606,3.25996
93.56180191,-5.63267,-5.63267,-6.36178,-5.67043,3.69941
93.56656644,-5.39495,-5.39495,-6.16574,-5.43637,4.00871
93.57092658,-5.16901,-5.16901,-5.97706,-5.21363,4.28268
93.57558492,-4.91904,-4.91904,-5.76594,-4.96698,4.56399
93.57954187,-4.69997,-4.69997,-5.57908,-4.75067,4.79244
93.58281652,-4.51411,-4.51411,-5.41931,-4.5671,4.9734
93.58418955,-4.43469,-4.43469,-5.35063,-4.48863,5.04699
93.58534187,-4.36803,-4.36803,-5.29299,-4.42277,5.10717
93.58646374,-4.30212,-4.30212,-5.23573,-4.35765,5.16576
93.5877313,-4.22765,-4.22765,-5.17103,-4.28407,5.23027
93.58989757,-4.09862,-4.09862,-5.05845,-4.15658,5.33778
93.59416472,-3.83967,-3.83967,-4.83122,-3.90072,5.53973
93.60269902,-3.30376,-3.30376,-4.35593,-3.37117,5.90628
93.61364757,-2.58371,-2.58371,-3.70799,-2.65962,6.30654
93.6262582,-1.71385,-1.71385,-2.91307,-1.79989,6.67324
93.64065979,-0.675242,-0.675242,-1.94897,-0.773061,6.97156
93.66175268,0.910885,0.910885,-0.448748,0.796326,7.18343
93.67095892,1.62083,1.62083,0.234494,1.50025,7.19351
93.67551314,1.97447,1.97447,0.577944,1.85127,7.1803
93.67694916,2.08598,2.08598,0.68692,1.96223,7.17325
93.67795723,2.16426,2.16426,0.763659,2.04012,7.1683
93.67894306,2.24081,2.24081,0.838704,2.11629,7.16196
93.68091472,2.39391,2.39391,0.989276,2.26864,7.14927
93.68485804,2.69901,2.69901,1.29167,2.57263,7.11629
93.68805436,2.9449,2.9449,1.53782,2.81798,7.08324
93.69122768,3.18735,3.18735,1.78297,3.06022,7.04488
93.69194102,3.2415,3.2415,1.83808,3.11438,7.03532
93.69289568,3.31398,3.31398,1.91195,3.18687,7.02251
93.69499824,3.47263,3.47263,2.07464,3.34566,6.99218
93.69650373,3.58547,3.58547,2.19113,3.45869,6.969
93.6991358,3.78102,3.78102,2.39459,3.65474,6.92557
93.70439992,4.16415,4.16415,2.79968,4.03944,6.82777
93.71492818,4.88708,4.88708,3.59282,4.76708,6.5895
93.72155514,5.30572,5.30572,4.0744,5.18916,6.411
93.72456077,5.48506,5.48506,4.28708,5.37017,6.32291
93.72691696,5.62068,5.62068,4.45072,5.50714,6.2508
93.72907454,5.74095,5.74095,4.59784,5.62867,6.18245
93.73110506,5.85074,5.85074,4.73369,5.73966,6.11612
93.73516612,6.06069,6.06069,4.99682,5.95205,5.97773
93.73823316,6.21093,6.21093,5.18731,6.10415,5.86822
93.73961057,6.27555,6.27555,5.27044,6.16961,5.81731
93.7407094,6.3271,6.3271,5.33516,6.22183,5.7767
93.74175627,6.37443,6.37443,5.39682,6.2698,5.73692
93.74287929,6.4252,6.4252,5.46144,6.32126,5.69425
93.74512532,6.52317,6.52317,5.58763,6.42063,5.60675
93.74904529,6.68553,6.68553,5.79838,6.58551,5.44881
93.75688525,6.97788,6.97788,6.18544,6.88319,5.11365
93.7651699,7.24051,7.24051,6.54644,7.15194,4.73258
93.77338438,7.45453,7.45453,6.85715,7.37255,4.32873
93.78838015,7.72836,7.72836,7.30641,7.65963,3.53011
93.80763582,7.86417,7.86417,7.66486,7.81434,2.40129
93.83503166,7.65946,7.65946,7.76731,7.63843,0.633433
93.8537088,7.26536,7.26536,7.57331,7.26409,-0.657634
93.86267746,7.00589,7.00589,7.40666,7.01387,-1.29549
93.86921689,6.7893,6.7893,7.25617,6.80382,-1.76424
93.87113849,6.72134,6.72134,7.20737,6.73775,-1.90228
93.8730418,6.65216,6.65216,7.15703,6.6704,-2.039
93.87684841,6.50831,6.50831,7.05048,6.53016,-2.31178
93.88446162,6.19933,6.19933,6.81443,6.22804,-2.8518
93.89493226,5.72994,5.72994,6.44149,5.76715,-3.57237
93.90102226,5.43407,5.43407,6.19958,5.47575,-3.97518
93.90719859,5.11762,5.11762,5.93619,5.16357,-4.36696
93.91425584,4.7368,4.7368,5.61383,4.78743,-4.78833
93.91820272,4.51515,4.51515,5.42385,4.56837,-5.01002
93.92009836,4.40654,4.40654,5.33019,4.46101,-5.11264
93.92192224,4.30076,4.30076,5.23863,4.35643,-5.20887
93.92354215,4.20578,4.20578,5.15613,4.26252,-5.29228
93.92525237,4.10446,4.10446,5.06785,4.16234,-5.37826
93.92867282,3.89868,3.89868,4.88771,3.95888,-5.54393
93.93514073,3.49858,3.49858,4.53445,3.56329,-5.83523
93.94536743,2.83857,2.83857,3.944,2.91072,-6.23952
93.95670488,2.07109,2.07109,3.24699,2.15183,-6.60969
93.97068465,1.07964,1.07964,2.33246,1.17127,-6.95614
93.99116416,-0.443503,-0.443503,0.90087,-0.335917,-7.2503
94.00301968,-1.35478,-1.35478,0.0293676,-1.2389,-7.30694
94.0084021,-1.77342,-1.77342,-0.375293,-1.65436,-7.30559
94.01014485,-1.90949,-1.90949,-0.507412,-1.78953,-7.30127
94.01075025,-1.95675,-1.95675,-0.553466,-1.83648,-7.29977
94.01170827,-2.03155,-2.03155,-0.626346,-1.91078,-7.29619
94.01280918,-2.11751,-2.11751,-0.710305,-1.99626,-7.29207
94.01429658,-2.23364,-2.23364,-0.823998,-2.11174,-7.28502
94.0167074,-2.42167,-2.42167,-1.00887,-2.29891,-7.27097
94.02152906,-2.79617,-2.79617,-1.38054,-2.67217,-7.23315
94.02450549,-3.02589,-3.02589,-1.61106,-2.90147,-7.20341
94.02786827,-3.28356,-3.28356,-1.87226,-3.15899,-7.16397
94.02877632,-3.35265,-3.35265,-1.9428,-3.22811,-7.15205
94.02966387,-3.42018,-3.42018,-2.01183,-3.29567,-7.1404
94.03280195,-3.65685,-3.65685,-2.25589,-3.53268,-7.09504
94.0362754,-3.91509,-3.91509,-2.52557,-3.79163,-7.03873
94.04322232,-4.41635,-4.41635,-3.06068,-4.29518,-6.90722
94.05567929,-5.24334,-5.24334,-3.98766,-5.12751,-6.61023
94.05806865,-5.39037,-5.39037,-4.15991,-5.2757,-6.54376
94.05868806,-5.42759,-5.42759,-4.20404,-5.31321,-6.52653
94.0596483,-5.48528,-5.48528,-4.27246,-5.37136,-6.49879
94.0604837,-5.53438,-5.53438,-4.33131,-5.42086,-6.47465
94.06124217,-5.57895,-5.57895,-4.38475,-5.4658,-6.45205
94.06251668,-5.65233,-5.65233,-4.47354,-5.53982,-6.41406
94.06454922,-5.76662,-5.76662,-4.61318,-5.65514,-6.35152
94.06861431,-5.98542,-5.98542,-4.8844,-5.87608,-6.22064
94.07172492,-6.14427,-6.14427,-5.08405,-6.03659,-6.11534
94.07382229,-6.24727,-6.24727,-5.21448,-6.14073,-6.04134
94.07485507,-6.29643,-6.29643,-5.27702,-6.19045,-6.00491
94.07579853,-6.34135,-6.34135,-5.33415,-6.23588,-5.97056
94.07672903,-6.3843,-6.3843,-5.38897,-6.27935,-5.93669
94.07779403,-6.43345,-6.43345,-5.45171,-6.3291,-5.89685
94.07937562,-6.50442,-6.50442,-5.54257,-6.40096,-5.83769
94.0825388,-6.64103,-6.64103,-5.71837,-6.53938,-5.71535
94.08878448,-6.89014,-6.89014,-6.04326,-6.79229,-5.46129
94.09590971,-7.14129,-7.14129,-6.37928,-7.04815,-5.1518
94.10376077,-7.37777,-7.37777,-6.70824,-7.29029,-4.78748
94.11553309,-7.65441,-7.65441,-7.1227,-7.57633,-4.19825
94.13540732,-7.91411,-7.91411,-7.61314,-7.85407,-3.0986
94.15464742,-7.9249,-7.9249,-7.84349,-7.8843,-1.92455
94.19169529,-7.32917,-7.32917,-7.64922,-7.32707,0.552255
94.20488761,-6.92977,-6.92977,-7.38436,-6.94098,1.4824
94.21757794,-6.45999,-6.45999,-7.03862,-6.48319,2.37867
94.22101273,-6.31882,-6.31882,-6.93005,-6.34509,2.61999
94.22459874,-6.16537,-6.16537,-6.81016,-6.19475,2.87014
94.23177075,-5.84071,-5.84071,-6.55102,-5.87592,3.36111
94.23666445,-5.60595,-5.60595,-6.35972,-5.64485,3.68704
94.24158749,-5.35932,-5.35932,-6.15575,-5.4017,4.00547
94.24575971,-5.14234,-5.14234,-5.97406,-5.18754,4.26652
94.25016563,-4.90553,-4.90553,-5.77364,-4.9536,4.53192
94.25416768,-4.68378,-4.68378,-5.58416,-4.73443,4.76263
94.25745065,-4.49729,-4.49729,-5.42356,-4.55003,4.94375
94.25884261,-4.41671,-4.41671,-5.35375,-4.47034,5.01821
94.2599563,-4.35223,-4.35223,-5.2979,-4.40658,5.07631
94.26101208,-4.29017,-4.29017,-5.2439,-4.3452,5.13138
94.26230212,-4.21434,-4.21434,-5.1779,-4.2702,5.197
94.26424015,-4.09893,-4.09893,-5.07707,-4.15606,5.29326
94.26811622,-3.8642,-3.8642,-4.8709,-3.9239,5.47771
94.27586835,-3.37975,-3.37975,-4.44126,-3.44477,5.81565
94.28741815,-2.62379,-2.62379,-3.76101,-2.6971,6.24589
94.29909568,-1.82193,-1.82193,-3.02826,-1.90397,6.59455
94.31381709,-0.765231,-0.765231,-2.0476,-0.85854,6.91375
94.33957719,1.17053,1.17053,-0.210988,1.05892,7.16024
94.34805782,1.82488,1.82488,0.42298,1.7087,7.1559
94.35116208,2.06564,2.06564,0.658178,1.94819,7.1439
94.35233319,2.15646,2.15646,0.747297,2.03854,7.13757
94.35344077,2.24237,2.24237,0.831752,2.12399,7.13158
94.35565593,2.41401,2.41401,1.00111,2.29489,7.11681
94.36008626,2.75591,2.75591,1.34136,2.6358,7.07907
94.36315356,2.9911,2.9911,1.57795,2.87066,7.04659
94.3665836,3.25211,3.25211,1.84328,3.13163,7.00418
94.36739554,3.31345,3.31345,1.90609,3.19303,6.993
94.36830035,3.38181,3.38181,1.97616,3.26145,6.98054
94.37102484,3.58602,3.58602,2.18717,3.46603,6.93979
94.3736331,3.77934,3.77934,2.38897,3.6599,6.89707
94.37884962,4.15813,4.15813,2.79077,4.04034,6.80088
94.38928266,4.87313,4.87313,3.57773,4.76005,6.56667
94.39586161,5.28819,5.28819,4.05672,5.17849,6.39091
94.39884424,5.46601,5.46601,4.26827,5.35792,6.30421
94.4011243,5.59722,5.59722,4.42709,5.49041,6.23502
94.40317735,5.7118,5.7118,4.56764,5.60615,6.17061
94.40516284,5.81939,5.81939,4.70113,5.7149,6.10643
94.40913383,6.02535,6.02535,4.96006,5.92322,5.97258
94.41214143,6.17335,6.17335,5.14838,6.073,5.8664
94.41438053,6.27912,6.27912,5.28395,6.18012,5.78469
94.41618574,6.36171,6.36171,5.39023,6.26381,5.71718
94.41728455,6.41083,6.41083,5.45359,6.31359,5.67488
94.41936363,6.50138,6.50138,5.57081,6.40543,5.59485
94.42352179,6.67327,6.67327,5.79506,6.57994,5.4282
94.4318381,6.98065,6.98065,6.20483,6.89292,5.07325
94.43991091,7.23326,7.23326,6.55506,7.15142,4.7021
94.44837546,7.45032,7.45032,6.87357,7.37518,4.28616
94.46255968,7.70632,7.70632,7.29843,7.6435,3.53252
94.48340142,7.84438,7.84438,7.68126,7.80164,2.3117
94.50962358,7.63451,7.63451,7.76934,7.61874,0.619512
94.52848964,7.23275,7.23275,7.57217,7.23638,-0.682076
94.53724253,6.97804,6.97804,7.40903,6.99042,-1.30332
94.54233962,6.81056,6.81056,7.29376,6.8279,-1.66803
94.54553369,6.6986,6.6986,7.21406,6.71898,-1.89713
94.54871373,6.58195,6.58195,7.12916,6.6053,-2.125
94.55507379,6.3336,6.3336,6.94313,6.36263,-2.57806
94.56779392,5.77939,5.77939,6.50855,5.81862,-3.45941
94.57478555,5.44327,5.44327,6.23522,5.48746,-3.92339
94.58241637,5.05229,5.05229,5.91024,5.10151,-4.40545
94.58795992,4.75312,4.75312,5.6573,4.80583,-4.73587
94.59173003,4.54264,4.54264,5.47741,4.59769,-4.94949
94.59357685,4.43715,4.43715,5.38659,4.49333,-5.05057
94.59461565,4.37781,4.37781,5.33551,4.43464,-5.10595
94.59559917,4.32067,4.32067,5.28607,4.37812,-5.15839
94.59686538,4.24712,4.24712,5.22242,4.30535,-5.22433
94.59822239,4.16738,4.16738,5.15317,4.22647,-5.29367
94.60082383,4.01267,4.01267,5.0183,4.07341,-5.42286
94.60602671,3.69613,3.69613,4.74039,3.76025,-5.66697
94.61643247,3.03631,3.03631,4.1535,3.1075,-6.10082
94.62673852,2.35035,2.35035,3.53391,2.42887,-6.46158
94.64151589,1.31763,1.31763,2.5858,1.40704,-6.86301
94.65606892,0.252671,0.252671,1.59154,0.352996,-7.12789
94.67065289,-0.852044,-0.852044,0.544186,-0.74102,-7.26637
94.67889937,-1.48923,-1.48923,-0.067664,-1.37288,-7.28937
94.68291668,-1.80204,-1.80204,-0.370273,-1.68328,-7.28629
94.68428496,-1.90859,-1.90859,-0.473969,-1.78939,-7.28286
94.68496901,-1.96196,-1.96196,-0.525968,-1.84244,-7.28114
94.68588064,-2.03309,-2.03309,-0.595266,-1.91314,-7.27779
94.68701456,-2.12157,-2.12157,-0.681684,-2.00107,-7.27363
94.68844328,-2.23305,-2.23305,-0.790818,-2.11194,-7.26698
94.69072374,-2.41078,-2.41078,-0.965558,-2.2889,-7.254
94.69527863,-2.76444,-2.76444,-1.31634,-2.64145,-7.21941
94.69848732,-3.01205,-3.01205,-1.56466,-2.88864,-7.18817
94.70164251,-3.25383,-3.25383,-1.80963,-3.13033,-7.15196
94.70240131,-3.31161,-3.31161,-1.86854,-3.18813,-7.14225
94.70332546,-3.38197,-3.38197,-1.94041,-3.25854,-7.13043
94.70565737,-3.55833,-3.55833,-2.12175,-3.43514,-7.09809
94.70761009,-3.7048,-3.7048,-2.27361,-3.58194,-7.06876
94.71137388,-3.98338,-3.98338,-2.56571,-3.86146,-7.00655
94.71890145,-4.52179,-4.52179,-3.14436,-4.40271,-6.86004
94.72496008,-4.93287,-4.93287,-3.60123,-4.81676,-6.72111
94.7300194,-5.25776,-5.25776,-3.97391,-5.1443,-6.59102
94.7325667,-5.41427,-5.41427,-4.15784,-5.30216,-6.52075
94.73387618,-5.49275,-5.49275,-4.25089,-5.38134,-6.483
94.7351209,-5.56605,-5.56605,-4.33934,-5.45531,-6.44712
94.73636536,-5.63805,-5.63805,-4.42655,-5.528,-6.40972
94.73768857,-5.71322,-5.71322,-4.51834,-5.60391,-6.36995
94.74029689,-5.85728,-5.85728,-4.69615,-5.74946,-6.28838
94.74551353,-6.12959,-6.12959,-5.03778,-6.02482,-6.11576
94.7484448,-6.27357,-6.27357,-5.22083,-6.17054,-6.0133
94.74993319,-6.34423,-6.34423,-5.31118,-6.24209,-5.95933
94.75130715,-6.40802,-6.40802,-5.39298,-6.30672,-5.90951
94.75269238,-6.47096,-6.47096,-5.47389,-6.3705,-5.85751
94.75420388,-6.53806,-6.53806,-5.5604,-6.43854,-5.80078
94.75722687,-6.66741,-6.66741,-5.72803,-6.56978,-5.6834
94.76327285,-6.90688,-6.90688,-6.04256,-6.81324,-5.43703
94.77033726,-7.15461,-7.15461,-6.37641,-7.06596,-5.13008
94.77819073,-7.38989,-7.38989,-6.7064,-7.30727,-4.76569
94.79017706,-7.66877,-7.66877,-7.12888,-7.59625,-4.16545
94.80964078,-7.91981,-7.91981,-7.61111,-7.86571,-3.08882
94.82881775,-7.93022,-7.93022,-7.84538,-7.89612,-1.92038
94.86717169,-7.3002,-7.3002,-7.63965,-7.30682,0.641973
94.87994821,-6.90599,-6.90599,-7.37825,-6.92567,1.54211
94.88630042,-6.67751,-6.67751,-7.21389,-6.70344,1.99318
94.88866053,-6.58731,-6.58731,-7.14716,-6.6155,2.16077
94.89148657,-6.47565,-6.47565,-7.06333,-6.5065,2.36098
94.89713866,-6.24083,-6.24083,-6.8832,-6.27678,2.75813
94.90844283,-5.72713,-5.72713,-6.47487,-5.77234,3.52897
94.91474528,-5.41609,-5.41609,-6.22015,-5.46592,3.94046
94.92092088,-5.09501,-5.09501,-5.95248,-5.14909,4.32646
94.92776219,-4.72138,-4.72138,-5.63591,-4.77996,4.72892
94.93170353,-4.49785,-4.49785,-5.44422,-4.55898,4.94708
94.93359449,-4.38851,-4.38851,-5.34988,-4.45086,5.0479
94.93520519,-4.29434,-4.29434,-5.26782,-4.35773,5.13169
94.93677669,-4.20155,-4.20155,-5.18776,-4.26596,5.21159
94.9383235,-4.10935,-4.10935,-5.10745,-4.17478,5.28845
94.94141714,-3.92245,-3.92245,-4.94395,-3.98993,5.43699
94.9476044,-3.53898,-3.53898,-4.60578,-3.61067,5.71412
94.95773778,-2.8849,-2.8849,-4.02143,-2.96374,6.11299
94.96887185,-2.13219,-2.13219,-3.33876,-2.21919,6.47513
94.98316315,-1.12073,-1.12073,-2.40676,-1.21847,6.82648
95.00062041,0.170727,0.170727,-1.19564,0.0598402,7.08691
95.01362992,1.16401,1.16401,-0.249053,1.04394,7.16289
95.01974258,1.63731,1.63731,0.207048,1.51353,7.16432
95.02300879,1.89142,1.89142,0.453364,1.76586,7.15622
95.02386445,1.95799,1.95799,0.518225,1.83196,7.15288
95.02468735,2.02201,2.02201,0.580602,1.89566,7.14968
95.02559298,2.09247,2.09247,0.649415,1.96577,7.14515
95.0269034,2.19442,2.19442,0.749176,2.06722,7.13859
95.02876454,2.33894,2.33894,0.891232,2.2113,7.12715
95.03207865,2.59628,2.59628,1.14517,2.4675,7.10197
95.03564725,2.87181,2.87181,1.41984,2.74242,7.06806
95.03827034,3.07314,3.07314,1.6224,2.94356,7.03866
95.04129477,3.30365,3.30365,1.85654,3.17413,7.00009
95.04314063,3.44333,3.44333,1.99945,3.31399,6.97412
95.04604592,3.66126,3.66126,2.22453,3.53242,6.92954
95.04908133,3.886,3.886,2.45934,3.75797,6.87817
95.05515217,4.32411,4.32411,2.92603,4.19843,6.76096
95.06729384,5.13673,5.13673,3.83214,5.01739,6.47043
95.07183481,5.41532,5.41532,4.15853,5.29867,6.34288
95.07445671,5.5691,5.5691,4.34297,5.45407,6.26465
95.07694147,5.70978,5.70978,4.51446,5.59631,6.18747
95.07940434,5.84434,5.84434,4.68086,5.73246,6.10809
95.0823072,5.99681,5.99681,4.87188,5.88684,6.0109
95.08528472,6.14648,6.14648,5.06153,6.03846,5.90719
95.08730263,6.2441,6.2441,5.18618,6.13741,5.83419
95.08823815,6.28809,6.28809,5.2426,6.18201,5.80035
95.0889308,6.32066,6.32066,5.28436,6.21504,5.77448
95.09049775,6.39249,6.39249,5.37676,6.28792,5.71596
95.09146734,6.43605,6.43605,5.43291,6.33212,5.67865
95.09340651,6.52113,6.52113,5.54291,6.41851,5.60402
95.09728485,6.68323,6.68323,5.754,6.58328,5.44908
95.10504154,6.97564,6.97564,6.14223,6.88134,5.12027
95.11337167,7.24313,7.24313,6.51077,7.15537,4.74012
95.12135821,7.4549,7.4549,6.81854,7.37389,4.35055
95.13538427,7.72282,7.72282,7.25413,7.65476,3.61146
95.15498196,7.88084,7.88084,7.64401,7.83277,2.47458
95.18005852,7.73131,7.73131,7.78335,7.71063,0.873609
95.19942567,7.35907,7.35907,7.62523,7.35976,-0.452047
95.20971298,7.07433,7.07433,7.45026,7.08609,-1.1796
95.21501904,6.90474,6.90474,7.33605,6.92207,-1.55895
95.21687839,6.84173,6.84173,7.29223,6.86098,-1.69231
95.21859443,6.78198,6.78198,7.25009,6.80298,-1.81539
95.22202652,6.65793,6.65793,7.16094,6.68239,-2.06156
95.22889069,6.39218,6.39218,6.96366,6.42327,-2.55098
95.24261904,5.79346,5.79346,6.49614,5.83644,-3.50088
95.24999869,5.43598,5.43598,6.20589,5.48463,-3.98791
95.25739233,5.05419,5.05419,5.88901,5.10815,-4.45158
95.26344342,4.72494,4.72494,5.61098,4.78307,-4.80823
95.2673393,4.50524,4.50524,5.42334,4.56603,-5.02523
95.26924721,4.39551,4.39551,5.32903,4.45759,-5.12762
95.2709893,4.29411,4.29411,5.24156,4.35738,-5.21877
95.27272744,4.19182,4.19182,5.15301,4.25629,-5.30748
95.27463916,4.07805,4.07805,5.05418,4.14384,-5.40251
95.27846258,3.84661,3.84661,4.85205,3.91509,-5.58481
95.28610943,3.36886,3.36886,4.43064,3.44288,-5.91959
95.29832377,2.56787,2.56787,3.71306,2.65109,-6.37533
95.30972495,1.78216,1.78216,2.99771,1.87427,-6.71559
95.32601158,0.606181,0.606181,1.90909,0.711181,-7.06298
95.35088347,-1.27515,-1.27515,0.126115,-1.15283,-7.28883
95.359043,-1.9079,-1.9079,-0.486548,-1.78152,-7.28401
95.36187954,-2.1289,-2.1289,-0.702327,-2.00147,-7.27333
95.36298035,-2.21466,-2.21466,-0.786411,-2.08683,-7.26764
95.36401359,-2.29516,-2.29516,-0.865489,-2.16696,-7.26229
95.36608009,-2.45601,-2.45601,-1.02405,-2.3272,-7.24916
95.37021308,-2.77646,-2.77646,-1.34258,-2.6469,-7.21579
95.37315408,-3.00312,-3.00312,-1.57023,-2.87335,-7.18632
95.37640522,-3.25191,-3.25191,-1.82265,-3.12222,-7.14825
95.37719735,-3.31211,-3.31211,-1.88415,-3.18251,-7.13791
95.3781134,-3.38174,-3.38174,-1.95537,-3.25223,-7.12595
95.3806632,-3.57411,-3.57411,-2.15361,-3.44504,-7.08974
95.38297068,-3.74651,-3.74651,-2.33301,-3.618,-7.05398
95.38758565,-4.08542,-4.08542,-2.69061,-3.95849,-6.97406
95.39681558,-4.7321,-4.7321,-3.39501,-4.60969,-6.7813
95.40375222,-5.18412,-5.18412,-3.90912,-5.06574,-6.60817
95.40725142,-5.39933,-5.39933,-4.16191,-5.28306,-6.51179
95.40904492,-5.50599,-5.50599,-4.28944,-5.39084,-6.46008
95.41074167,-5.60452,-5.60452,-4.40861,-5.49043,-6.40973
95.41273228,-5.71714,-5.71714,-4.54639,-5.60433,-6.34892
95.41462088,-5.82105,-5.82105,-4.67491,-5.70948,-6.28949
95.41839809,-6.02058,-6.02058,-4.92483,-5.9115,-6.16567
95.42127761,-6.1654,-6.1654,-5.10842,-6.05823,-6.06687
95.42304531,-6.25066,-6.25066,-5.21795,-6.14467,-6.004
95.42393042,-6.29335,-6.29335,-5.27155,-6.18795,-5.97252
95.42475585,-6.33183,-6.33183,-5.32154,-6.22699,-5.94234
95.42568086,-6.37496,-6.37496,-5.37619,-6.27074,-5.90853
95.42660089,-6.41636,-6.41636,-5.43054,-6.31276,-5.87398
95.42844094,-6.49916,-6.49916,-5.53649,-6.39682,-5.80489
95.43153504,-6.63195,-6.63195,-5.7086,-6.53176,-5.68476
95.43772326,-6.87742,-6.87742,-6.03108,-6.78171,-5.43233
95.44490966,-7.12921,-7.12921,-6.37065,-7.03906,-5.1194
95.4528333,-7.36591,-7.36591,-6.70302,-7.28234,-4.75074
95.46436665,-7.63483,-7.63483,-7.11025,-7.56167,-4.17253
95.4839641,-7.8909,-7.8909,-7.59916,-7.83741,-3.08852
95.50234938,-7.90784,-7.90784,-7.83072,-7.87447,-1.96965
95.53911995,-7.34117,-7.34117,-7.6717,-7.34872,0.48048
95.55239424,-6.94847,-6.94847,-7.41745,-6.97028,1.41478
95.56560712,-6.46623,-6.46623,-7.0671,-6.50129,2.34724
95.56915406,-6.3217,-6.3217,-6.9569,-6.36012,2.59637
95.57266717,-6.17256,-6.17256,-6.84127,-6.2142,2.84142
95.5796934,-5.85716,-5.85716,-6.59133,-5.90487,3.32285
95.58476484,-5.61574,-5.61574,-6.39582,-5.6675,3.66108
95.58922224,-5.39431,-5.39431,-6.21378,-5.44941,3.95032
95.59324698,-5.18716,-5.18716,-6.04142,-5.24515,4.20377
95.59745066,-4.96372,-4.96372,-5.85349,-5.02462,4.45939
95.605858,-4.49618,-4.49618,-5.45437,-4.56277,4.93649
95.60858605,-4.33868,-4.33868,-5.31831,-4.40709,5.0809
95.61123146,-4.18333,-4.18333,-5.1834,-4.25353,5.2158
95.61348211,-4.04919,-4.04919,-5.06636,-4.12092,5.32656
95.61594819,-3.90017,-3.90017,-4.93579,-3.9736,5.44376
95.62088035,-3.59598,-3.59598,-4.66751,-3.67285,5.66549
95.6287818,-3.09239,-3.09239,-4.21873,-3.17496,5.98677
95.64195734,-2.21226,-2.21226,-3.42228,-2.30465,6.43301
95.65408644,-1.36222,-1.36222,-2.64049,-1.46388,6.7474
95.67316725,0.0368629,0.0368629,-1.33088,-0.0793754,7.06027
95.68699197,1.08751,1.08751,-0.330179,0.961312,7.15114
95.6938413,1.61633,1.61633,0.179578,1.48594,7.1546
95.69737098,1.89033,1.89033,0.445433,1.75804,7.1458
95.69824315,1.95804,1.95804,0.511486,1.82528,7.14232
95.69901743,2.01814,2.01814,0.570124,1.88511,7.13924
95.69992716,2.08876,2.08876,0.639186,1.95541,7.13462
95.70123303,2.19015,2.19015,0.73851,2.05631,7.128
95.70304698,2.33099,2.33099,0.876835,2.19648,7.11674
95.7062223,2.5769,2.5769,1.11989,2.44154,7.0926
95.7102349,2.88606,2.88606,1.42847,2.75008,7.05411
95.71258934,3.06638,3.06638,1.61017,2.93029,7.02741
95.71547654,3.28607,3.28607,1.83353,3.15009,6.99053
95.71724118,3.41944,3.41944,1.97004,3.28367,6.96577
95.71981671,3.61258,3.61258,2.16938,3.47729,6.92663
95.72220273,3.78966,3.78966,2.35406,3.65502,6.88721
95.72697478,4.13735,4.13735,2.7219,4.0045,6.79941
95.73651888,4.79832,4.79832,3.44512,4.67059,6.58871
95.74336671,5.23762,5.23762,3.94794,5.11429,6.40935
95.7464497,5.4245,5.4245,4.1687,5.30325,6.32103
95.74813544,5.52356,5.52356,4.28764,5.40348,6.27079
95.74972603,5.61491,5.61491,4.39855,5.49594,6.22213
95.75155964,5.71765,5.71765,4.52466,5.59998,6.16455
95.75356484,5.8269,5.8269,4.66025,5.71066,6.09977
95.75757524,6.03594,6.03594,4.92335,5.92261,5.96462
95.76062275,6.18657,6.18657,5.11543,6.07545,5.857
95.76227037,6.26456,6.26456,5.21627,6.15464,5.79674
95.76313676,6.30557,6.30557,5.26812,6.19629,5.76506
95.76394898,6.34275,6.34275,5.31672,6.23406,5.73459
95.76487418,6.38509,6.38509,5.37071,6.27708,5.69987
95.76584678,6.42805,6.42805,5.42747,6.32076,5.66243
95.76756109,6.50377,6.50377,5.52496,6.39774,5.59644
95.7709897,6.6477,6.6477,5.71295,6.54426,5.45993
95.77747393,6.89725,6.89725,6.04406,6.79888,5.18822
95.78507993,7.15266,7.15266,6.39338,7.06061,4.84767
95.79326669,7.38315,7.38315,6.72385,7.29837,4.45592
95.80520107,7.63788,7.63788,7.12337,7.56456,3.84108
95.82499285,7.85303,7.85303,7.57631,7.80056,2.71931
95.8443341,7.8214,7.8214,7.77253,7.79085,1.5164
95.87723804,7.25711,7.25711,7.57716,7.26397,-0.703986
95.88874122,6.91427,6.91427,7.35656,6.93372,-1.51687
95.89279792,6.77605,6.77605,7.26049,6.79981,-1.80632
95.8947456,6.70659,6.70659,7.21106,6.73239,-1.94529
95.89703224,6.62255,6.62255,7.15038,6.65072,-2.10845
95.90160552,6.44662,6.44662,7.02055,6.47939,-2.43353
95.91075208,6.06439,6.06439,6.72799,6.1058,-3.07355
95.91767686,5.74894,5.74894,6.47808,5.79631,-3.54457
95.92233452,5.52452,5.52452,6.29658,5.57564,-3.85261
95.92827902,5.2244,5.2244,6.04979,5.28002,-4.23218
95.93405918,4.91838,4.91838,5.79403,4.9782,-4.5835
95.9404122,4.56656,4.56656,5.49558,4.63089,-4.9453
95.94284923,4.4274,4.4274,5.37637,4.49345,-5.07679
95.94489862,4.30863,4.30863,5.27414,4.37613,-5.18404
95.94685339,4.19388,4.19388,5.17498,4.26278,-5.28348
95.94865348,4.08698,4.08698,5.08225,4.15718,-5.37259
95.95225367,3.86972,3.86972,4.89283,3.94253,-5.54394
95.95945405,3.42195,3.42195,4.49868,3.50013,-5.86022
95.97026545,2.71875,2.71875,3.87067,2.80526,-6.27156
95.98195513,1.92064,1.92064,3.14644,2.01643,-6.6331
95.99686498,0.85373,0.85373,2.16217,0.961546,-6.97203
96.02257734,-1.07941,-1.07941,0.337338,-0.952209,-7.2452
96.0314865,-1.76916,-1.76916,-0.327873,-1.63687,-7.24945
96.03643986,-2.15476,-2.15476,-0.703804,-2.02042,-7.2321
96.03811431,-2.28511,-2.28511,-0.831767,-2.15007,-7.22308
96.03965706,-2.40521,-2.40521,-0.950007,-2.26958,-7.21338
96.04274257,-2.64486,-2.64486,-1.18734,-2.50859,-7.19002
96.04597923,-2.89506,-2.89506,-1.43735,-2.75835,-7.15988
96.04843028,-3.08349,-3.08349,-1.62729,-2.94667,-7.13324
96.05119085,-3.29433,-3.29433,-1.84172,-3.15762,-7.09933
96.05207916,-3.36172,-3.36172,-1.91072,-3.22511,-7.08732
96.05302539,-3.43351,-3.43351,-1.98431,-3.29701,-7.07453
96.05580348,-3.64251,-3.64251,-2.20035,-3.50654,-7.03354
96.0586656,-3.85524,-3.85524,-2.42271,-3.72007,-6.98705
96.06438985,-4.27085,-4.27085,-2.86513,-4.13797,-6.88123
96.07583834,-5.04757,-5.04757,-3.72799,-4.92098,-6.61976
96.08037856,-5.33216,-5.33216,-4.05913,-5.20839,-6.49796
96.08289519,-5.48334,-5.48334,-4.23916,-5.36121,-6.42611
96.08495501,-5.60336,-5.60336,-4.38427,-5.48258,-6.36503
96.08691391,-5.71432,-5.71432,-4.52015,-5.59487,-6.30508
96.08874944,-5.81551,-5.81551,-4.64543,-5.69732,-6.24726
96.0924205,-6.01004,-6.01004,-4.88935,-5.89438,-6.12695
96.09524684,-6.1528,-6.1528,-5.0706,-6.03911,-6.03011
96.09714945,-6.24554,-6.24554,-5.18918,-6.13318,-5.9625
96.09804034,-6.28783,-6.28783,-5.24347,-6.1761,-5.93084
96.09869649,-6.31898,-6.31898,-5.28346,-6.2077,-5.9068
96.10018041,-6.38779,-6.38779,-5.37202,-6.27756,-5.85244
96.1010994,-6.429,-6.429,-5.42595,-6.31942,-5.81778
96.10293738,-6.51143,-6.51143,-5.53176,-6.40316,-5.74846
96.10661335,-6.66789,-6.66789,-5.73539,-6.56229,-5.60472
96.11396529,-6.95248,-6.95248,-6.11219,-6.8525,-5.30023
96.12239212,-7.23282,-7.23282,-6.49626,-7.13977,-4.92433
96.12998362,-7.44395,-7.44395,-6.79987,-7.3576,-4.56214
96.14397473,-7.73194,-7.73194,-7.25728,-7.65907,-3.84057
96.16257347,-7.91649,-7.91649,-7.66477,-7.8634,-2.78407
96.18718317,-7.82703,-7.82703,-7.86299,-7.80215,-1.2438
96.20972697,-7.42942,-7.42942,-7.71758,-7.43081,0.278742
96.22221995,-7.08529,-7.08529,-7.50729,-7.10087,1.15597
96.22827518,-6.88799,-6.88799,-7.37313,-6.91025,1.58652
96.23041981,-6.81346,-6.81346,-7.32066,-6.83804,1.73953
96.23241441,-6.74202,-6.74202,-7.26959,-6.76873,1.88183
96.23640359,-6.59316,-6.59316,-7.16102,-6.62406,2.16598
96.24438195,-6.27222,-6.27222,-6.91876,-6.31109,2.72905
96.25811366,-5.65113,-5.65113,-6.42671,-5.70219,3.66211
96.26413734,-5.35219,-5.35219,-6.18175,-5.40803,4.05181
96.2704398,-5.02306,-5.02306,-5.90729,-5.08363,4.44147
96.27756622,-4.63179,-4.63179,-5.5755,-4.69751,4.85373
96.2808561,-4.44451,-4.44451,-5.41483,-4.51259,5.0327
96.28265953,-4.34012,-4.34012,-5.3248,-4.40949,5.12753
96.28436428,-4.24035,-4.24035,-5.23844,-4.31093,5.21496
96.28661364,-4.1071,-4.1071,-5.12267,-4.1793,5.32704
96.28887561,-3.9713,-3.9713,-5.00418,-4.04515,5.43604
96.29339954,-3.69447,-3.69447,-4.76114,-3.77166,5.64324
96.30192566,-3.15471,-3.15471,-4.28206,-3.23836,5.99623
96.31374352,-2.37084,-2.37084,-3.57561,-2.46375,6.4074
96.32633022,-1.49538,-1.49538,-2.77378,-1.59839,6.74836
96.34326923,-0.262613,-0.262613,-1.62509,-0.379251,7.05353
96.35898131,0.92445,0.92445,-0.499462,0.795689,7.18267
96.36710014,1.5499,1.5499,0.101792,1.4158,7.19238
96.37123352,1.87049,1.87049,0.412373,1.73392,7.18262
96.37252471,1.97063,1.97063,0.509963,1.83362,7.17731
96.37319011,2.02224,2.02224,0.560396,1.88499,7.17457
96.37409384,2.0924,2.0924,0.628892,1.95477,7.1698
96.37536453,2.19103,2.19103,0.725443,2.05288,7.16308
96.37723436,2.33618,2.33618,0.867891,2.19725,7.15107
96.38047232,2.58682,2.58682,1.11553,2.44698,7.12564
96.38450565,2.89737,2.89737,1.42545,2.75688,7.08584
96.38686717,3.07809,3.07809,1.60755,2.93748,7.05838
96.38976035,3.29805,3.29805,1.83121,3.15753,7.02058
96.39152578,3.43134,3.43134,1.96768,3.29103,6.99529
96.3941112,3.62501,3.62501,2.16763,3.48519,6.95523
96.39651445,3.80314,3.80314,2.3535,3.66397,6.9148
96.40132095,4.15276,4.15276,2.72369,4.01543,6.82483
96.41093394,4.81675,4.81675,3.45131,4.6847,6.60929
96.4177153,5.25029,5.25029,3.94861,5.12271,6.42931
96.42075567,5.43398,5.43398,4.16607,5.30852,6.34124
96.4224477,5.53309,5.53309,4.28533,5.40883,6.29029
96.42404771,5.62466,5.62466,4.39677,5.50157,6.24084
96.42582751,5.72407,5.72407,4.51906,5.60228,6.1844
96.42812669,5.84872,5.84872,4.6742,5.72863,6.1093
96.43272503,6.08567,6.08567,4.97365,5.96901,5.95176
96.43580802,6.23553,6.23553,5.16561,6.12117,5.84074
96.43726547,6.30332,6.30332,5.25376,6.19005,5.78641
96.43833564,6.3531,6.3531,5.31694,6.24063,5.74652
96.4393035,6.39647,6.39647,5.37409,6.28474,5.70945
96.44046052,6.44832,6.44832,5.44087,6.33746,5.66512
96.44253379,6.5381,6.5381,5.55782,6.42882,5.5838
96.44610182,6.68544,6.68544,5.75116,6.57893,5.43952
96.45323787,6.95328,6.95328,6.10909,6.85256,5.13498
96.46104831,7.20594,7.20594,6.45863,7.11194,4.77808
96.46918835,7.42476,7.42476,6.77745,7.33826,4.38109
96.48327401,7.69801,7.69801,7.22263,7.62556,3.6383
96.50220635,7.85994,7.85994,7.61318,7.80817,2.54051
96.52656681,7.73642,7.73642,7.77634,7.71298,0.988644
96.54656405,7.36986,7.36986,7.63571,7.36988,-0.378316
96.55755147,7.0712,7.0712,7.45666,7.0838,-1.15587
96.563199,6.89187,6.89187,7.33737,6.91076,-1.56024
96.56516436,6.82544,6.82544,7.29159,6.84648,-1.70143
96.5669894,6.76194,6.76194,7.24714,6.78497,-1.83255
96.57063946,6.62984,6.62984,7.15277,6.65675,-2.09477
96.5779396,6.34571,6.34571,6.94257,6.38008,-2.61556
96.59253988,5.70194,5.70194,6.43996,5.74962,-3.62153
96.59884859,5.39368,5.39368,6.18984,5.44649,-4.03566
96.60557923,5.04589,5.04589,5.90205,5.10387,-4.45754
96.61455185,4.55366,4.55366,5.4864,4.6183,-4.97734
96.61773399,4.37147,4.37147,5.33041,4.43844,-5.1489
96.620823,4.19095,4.19095,5.17484,4.26019,-5.30853
96.62331019,4.04305,4.04305,5.04667,4.11414,-5.43208
96.62602487,3.8791,3.8791,4.90389,3.95222,-5.56193
96.63145423,3.5436,3.5436,4.60954,3.62087,-5.80646
96.63907692,3.05632,3.05632,4.17735,3.13958,-6.11678
96.65121418,2.24471,2.24471,3.44671,2.33776,-6.53404
96.66417969,1.3346,1.3346,2.61369,1.43834,-6.87806
96.68303943,-0.0535614,-0.0535614,1.31939,0.0656972,-7.19584
96.69661675,-1.09009,-1.09009,0.335831,-0.960282,-7.29339
96.70334516,-1.61217,-1.61217,-0.165562,-1.47787,-7.30171
96.70682689,-1.88387,-1.88387,-0.428216,-1.74753,-7.29575
96.70767449,-1.95001,-1.95001,-0.492469,-1.81318,-7.29305
96.708453,-2.01076,-2.01076,-0.551632,-1.87363,-7.29058
96.70935912,-2.08154,-2.08154,-0.620494,-1.944,-7.28672
96.71065098,-2.18244,-2.18244,-0.718942,-2.04433,-7.28122
96.71240558,-2.31948,-2.31948,-0.853013,-2.18059,-7.27179
96.71544961,-2.55671,-2.55671,-1.08651,-2.41681,-7.25136
96.7197008,-2.88641,-2.88641,-1.41428,-2.74559,-7.21424
96.72212454,-3.07326,-3.07326,-1.60189,-2.93219,-7.18862
96.72509471,-3.30076,-3.30076,-1.8324,-3.15966,-7.15286
96.72593613,-3.36478,-3.36478,-1.89769,-3.22373,-7.14166
96.72685475,-3.43467,-3.43467,-1.96909,-3.29368,-7.12942
96.72948824,-3.63349,-3.63349,-2.17375,-3.49286,-7.09124
96.73197677,-3.81938,-3.81938,-2.36701,-3.6793,-7.05176
96.73695381,-4.18406,-4.18406,-2.75211,-4.04564,-6.96305
96.74690791,-4.87533,-4.87533,-3.50843,-4.74182,-6.74751
96.753534,-5.30081,-5.30081,-3.99593,-5.17122,-6.57646
96.75650919,-5.48159,-5.48159,-4.2095,-5.35387,-6.49261
96.75831435,-5.58791,-5.58791,-4.33714,-5.46137,-6.43964
96.76003112,-5.68659,-5.68659,-4.45697,-5.56117,-6.38782
96.76184701,-5.78837,-5.78837,-4.5819,-5.66418,-6.33148
96.76518276,-5.96857,-5.96857,-4.80596,-5.84664,-6.22361
96.76560613,-5.99063,-5.99063,-4.83373,-5.86899,-6.20991
96.76645286,-6.03477,-6.03477,-4.88926,-5.9137,-6.18129
96.76814632,-6.12125,-6.12125,-4.99861,-6.00135,-6.12403
96.77004846,-6.21586,-6.21586,-5.11886,-6.09726,-6.0573
96.77126238,-6.27455,-6.27455,-5.1938,-6.15678,-6.01472
96.77191513,-6.30611,-6.30611,-5.23409,-6.18879,-5.99113
96.77282661,-6.34902,-6.34902,-5.28932,-6.23233,-5.9582
96.77352841,-6.38206,-6.38206,-5.33115,-6.26585,-5.93238
96.7742708,-6.41608,-6.41608,-5.3754,-6.30038,-5.90506
96.77538422,-6.46709,-6.46709,-5.44059,-6.35217,-5.86291
96.77761106,-6.56587,-6.56587,-5.56795,-6.45251,-5.77862
96.78126554,-6.72034,-6.72034,-5.76855,-6.60961,-5.63475
96.7885745,-7.00126,-7.00126,-6.13979,-6.89607,-5.33018
96.79685514,-7.27496,-7.27496,-6.51408,-7.17654,-4.95897
96.80452521,-7.48675,-7.48675,-6.81823,-7.39509,-4.59142
96.81943576,-7.78564,-7.78564,-7.29579,-7.70841,-3.81675
96.83744147,-7.95255,-7.95255,-7.67656,-7.89463,-2.78622
96.86410726,-7.82722,-7.82722,-7.86008,-7.80016,-1.10326
96.88618549,-7.405,-7.405,-7.68247,-7.40391,0.40098
96.89765142,-7.07727,-7.07727,-7.47673,-7.08935,1.21078
96.90402519,-6.86442,-6.86442,-7.32996,-6.8836,1.66575
96.90620579,-6.78669,-6.78669,-7.27452,-6.80826,1.82183
96.90821928,-6.71277,-6.71277,-7.22104,-6.73651,1.96594
96.91224625,-6.55885,-6.55885,-7.10755,-6.58685,2.25348
96.92030021,-6.22754,-6.22754,-6.85518,-6.26364,2.82246
96.93101615,-5.74026,-5.74026,-6.46877,-5.78613,3.55588
96.93724879,-5.43334,-5.43334,-6.21822,-5.48437,3.96525
96.94372681,-5.09689,-5.09689,-5.9385,-5.15297,4.37225
96.94997851,-4.75611,-4.75611,-5.65059,-4.81686,4.74273
96.95379918,-4.54032,-4.54032,-5.46618,-4.60388,4.9568
96.95565547,-4.43308,-4.43308,-5.37388,-4.498,5.05713
96.95676968,-4.36871,-4.36871,-5.31848,-4.43445,5.11569
96.95783176,-4.30625,-4.30625,-5.26442,-4.37278,5.17151
96.95942062,-4.21282,-4.21282,-5.18355,-4.28052,5.25276
96.96110202,-4.11264,-4.11264,-5.09648,-4.18159,5.33671
96.96446482,-3.90932,-3.90932,-4.91894,-3.9808,5.49846
96.97119041,-3.49131,-3.49131,-4.5507,-3.56794,5.79841
96.9813353,-2.83397,-2.83397,-3.96384,-2.91863,6.19394
96.99290894,-2.0483,-2.0483,-3.2516,-2.14241,6.56436
97.00711194,-1.03905,-1.03905,-2.32192,-1.14494,6.90445
97.02576988,0.346729,0.346729,-1.02204,0.225519,7.1645
97.03840713,1.31459,1.31459,-0.098657,1.18403,7.22274
97.04392491,1.74235,1.74235,0.314024,1.60836,7.21877
97.04555663,1.86933,1.86933,0.437074,1.73445,7.21388
97.04626254,1.92426,1.92426,0.490486,1.789,7.21176
97.0472022,1.99739,1.99739,0.561584,1.86161,7.20779
97.04818422,2.07381,2.07381,0.636068,1.93759,7.20365
97.04938869,2.16754,2.16754,0.727599,2.03078,7.19696
97.05096934,2.29035,2.29035,0.847998,2.15308,7.18818
97.0536954,2.50216,2.50216,1.05634,2.36383,7.16881
97.05848526,2.87216,2.87216,1.42422,2.7328,7.12475
97.06099399,3.06467,3.06467,1.61768,2.92507,7.09661
97.06412207,3.30304,3.30304,1.85952,3.16343,7.0567
97.0659484,3.44121,3.44121,2.00072,3.30175,7.03093
97.06891242,3.66347,3.66347,2.23004,3.52449,6.98529
97.07204664,3.89535,3.89535,2.47214,3.75719,6.93193
97.07831508,4.34685,4.34685,2.95312,4.21116,6.80976
97.09085196,5.18083,5.18083,3.8849,5.05194,6.50548
97.09546018,5.46061,5.46061,4.21393,5.33466,6.37391
97.09823905,5.62155,5.62155,4.40776,5.49745,6.28956
97.10090384,5.77012,5.77012,4.58972,5.64785,6.20519
97.10333781,5.90091,5.90091,4.75212,5.78033,6.12479
97.10394631,5.93251,5.93251,4.79181,5.81235,6.10469
97.1051633,5.99569,5.99569,4.87118,5.87638,6.06325
97.10759728,6.11835,6.11835,5.02636,6.00074,5.9784
97.10938597,6.20568,6.20568,5.13754,6.08932,5.91389
97.11054102,6.26057,6.26057,5.2077,6.14501,5.87223
97.11112616,6.28837,6.28837,5.24325,6.17323,5.85051
97.11227,6.34151,6.34151,5.31136,6.22716,5.80806
97.11412292,6.42556,6.42556,5.41937,6.31251,5.73781
97.11603919,6.50987,6.50987,5.52811,6.39818,5.66357
97.11987173,6.67061,6.67061,5.73688,6.5617,5.51031
97.12753681,6.96102,6.96102,6.12121,6.85794,5.18524
97.13588111,7.23075,7.23075,6.49133,7.1345,4.80426
97.14375611,7.44147,7.44147,6.79594,7.35216,4.41996
97.15758425,7.71035,7.71035,7.22884,7.63429,3.69138
97.17711335,7.87604,7.87604,7.62394,7.82062,2.55855
97.20165402,7.74393,7.74393,7.77301,7.71634,0.991813
97.22155121,7.37262,7.37262,7.62076,7.36788,-0.371404
97.2326042,7.06874,7.06874,7.43421,7.07641,-1.15528
97.23822934,6.88833,6.88833,7.31214,6.90214,-1.55892
97.24019129,6.82141,6.82141,7.26533,6.83733,-1.70017
97.24201423,6.75743,6.75743,7.21992,6.77529,-1.83141
97.2456601,6.62438,6.62438,7.12365,6.64605,-2.0939
97.25295185,6.33844,6.33844,6.90978,6.36743,-2.61524
97.26753536,5.69138,5.69138,6.40041,5.73342,-3.6224
97.27379992,5.38369,5.38369,6.14913,5.43073,-4.03475
97.28049033,5.03645,5.03645,5.86019,5.08853,-4.45545
97.28923664,4.55514,4.55514,5.45195,4.6136,-4.96487
97.29238008,4.3748,4.3748,5.29697,4.43552,-5.13561
97.29543208,4.19613,4.19613,5.14246,4.25907,-5.29463
97.29780327,4.05495,4.05495,5.01974,4.11963,-5.41354
97.30026331,3.90636,3.90636,4.88999,3.97285,-5.53267
97.30518337,3.6029,3.6029,4.62329,3.6731,-5.75836
97.3150235,2.97242,2.97242,4.06247,3.05025,-6.16152
97.32536307,2.27866,2.27866,3.43626,2.3648,-6.518
97.34031307,1.22626,1.22626,2.47084,1.3247,-6.91535
97.35662804,0.0225834,0.0225834,1.34704,0.134501,-7.19332
97.37017175,-1.01097,-1.01097,0.366833,-0.888304,-7.30332
97.37716034,-1.55337,-1.55337,-0.15359,-1.42583,-7.31792
97.38082784,-1.83983,-1.83983,-0.430212,-1.71003,-7.31425
97.3819697,-1.92901,-1.92901,-0.516797,-1.79851,-7.31129
97.38269854,-1.98594,-1.98594,-0.572216,-1.85515,-7.30941
97.38359479,-2.05603,-2.05603,-0.640365,-1.9248,-7.30607
97.38479007,-2.14951,-2.14951,-0.731489,-2.0177,-7.30163
97.38631822,-2.26903,-2.26903,-0.848269,-2.13646,-7.29439
97.3888262,-2.46488,-2.46488,-1.04056,-2.33137,-7.27966
97.39384218,-2.85476,-2.85476,-1.42718,-2.7199,-7.23971
97.39636281,-3.04945,-3.04945,-1.62234,-2.91421,-7.21439
97.39952296,-3.29193,-3.29193,-1.86765,-3.1565,-7.17773
97.40043173,-3.36118,-3.36118,-1.9382,-3.22577,-7.16596
97.40133526,-3.43003,-3.43003,-2.00842,-3.29464,-7.15425
97.40439404,-3.66111,-3.66111,-2.24616,-3.52601,-7.11063
97.40772293,-3.90916,-3.90916,-2.50449,-3.77471,-7.05748
97.4143807,-4.39145,-4.39145,-3.01744,-4.25918,-6.93378
97.42769624,-5.27656,-5.27656,-4.0074,-5.15025,-6.619
97.43245549,-5.56358,-5.56358,-4.34574,-5.43983,-6.48509
97.43675215,-5.80794,-5.80794,-4.6414,-5.68666,-6.35479
97.43987965,-5.97685,-5.97685,-4.84966,-5.85741,-6.25445
97.44327611,-6.15181,-6.15181,-5.06815,-6.03439,-6.14034
97.44566974,-6.2699,-6.2699,-5.21688,-6.15391,-6.05674
97.44784178,-6.37338,-6.37338,-5.34787,-6.2587,-5.97864
97.45011644,-6.47806,-6.47806,-5.48089,-6.36477,-5.89458
97.45229592,-6.57486,-6.57486,-5.60442,-6.46293,-5.81191
97.45665487,-6.75836,-6.75836,-5.84043,-6.64923,-5.64039
97.46402346,-7.03832,-7.03832,-6.20736,-6.93423,-5.33228
97.47212606,-7.30288,-7.30288,-6.56614,-7.20485,-4.96807
97.48017495,-7.52136,-7.52136,-6.87753,-7.42987,-4.58112
97.49568549,-7.82005,-7.82005,-7.35456,-7.74261,-3.77042
97.51438942,-7.97124,-7.97124,-7.71895,-7.91279,-2.69112
97.54300224,-7.78216,-7.78216,-7.84714,-7.75525,-0.866541
97.56328758,-7.3563,-7.3563,-7.63626,-7.35211,0.526768
97.57358956,-7.05166,-7.05166,-7.43682,-7.05875,1.25697
97.58398411,-6.68763,-6.68763,-7.17559,-6.70561,1.99869
97.58677571,-6.58038,-6.58038,-7.09535,-6.60119,2.19789
97.58954535,-6.47016,-6.47016,-7.01164,-6.4937,2.39511
97.59508463,-6.23865,-6.23865,-6.8323,-6.26749,2.78643
97.60616319,-5.73338,-5.73338,-6.42769,-5.77188,3.54663
97.61236407,-5.42679,-5.42679,-6.17521,-5.47019,3.95457
97.61861664,-5.10117,-5.10117,-5.90247,-5.14922,4.34857
97.62477324,-4.76511,-4.76511,-5.61675,-4.81755,4.7153
97.62859478,-4.54906,-4.54906,-5.43107,-4.60418,4.93082
97.63074676,-4.42495,-4.42495,-5.32323,-4.48158,5.04771
97.63189657,-4.3577,-4.3577,-5.26562,-4.41514,5.10829
97.63299118,-4.29368,-4.29368,-5.20943,-4.35189,5.16597
97.63448562,-4.20526,-4.20526,-5.13271,-4.2641,5.24262
97.6360679,-4.11077,-4.11077,-5.05015,-4.17116,5.32195
97.63923245,-3.91918,-3.91918,-4.88202,-3.98184,5.47518
97.64556157,-3.52589,-3.52589,-4.53416,-3.59322,5.76067
97.65568637,-2.87058,-2.87058,-3.94722,-2.94564,6.16176
97.66695548,-2.10668,-2.10668,-3.253,-2.19067,6.53043
97.68107299,-1.10517,-1.10517,-2.32887,-1.20062,6.87996
97.69880908,0.209578,0.209578,-1.09491,0.0997081,7.14647
97.71168793,1.19464,1.19464,-0.155758,1.07494,7.22209
97.71764606,1.65658,1.65658,0.289417,1.53293,7.22402
97.72035229,1.86736,1.86736,0.493602,1.74205,7.21754
97.72105282,1.92192,1.92192,0.546691,1.79618,7.21586
97.72194321,1.99127,1.99127,0.614169,1.86512,7.2124
97.72285192,2.06205,2.06205,0.683191,1.93549,7.20886
97.72409573,2.15893,2.15893,0.777841,2.03179,7.20239
97.72565416,2.28031,2.28031,0.896705,2.15246,7.19429
97.72829863,2.48593,2.48593,1.09905,2.35708,7.17648
97.73264651,2.82248,2.82248,1.43325,2.69245,7.13872
97.73506531,3.00862,3.00862,1.61987,2.87819,7.11317
97.73803527,3.23576,3.23576,1.84958,3.1051,7.07739
97.73980911,3.37054,3.37054,1.98678,3.23987,7.05373
97.74247398,3.57149,3.57149,2.19299,3.44099,7.01497
97.7450109,3.76078,3.76078,2.38929,3.63065,6.97454
97.75008474,4.13217,4.13217,2.78007,4.00331,6.88344
97.76023242,4.83585,4.83585,3.54647,4.71109,6.66132
97.76707222,5.27374,5.27374,4.04545,5.1523,6.48224
97.77014148,5.45932,5.45932,4.26348,5.33947,6.39432
97.7719009,5.56238,5.56238,4.3865,5.44347,6.34185
97.77357021,5.65784,5.65784,4.50169,5.53984,6.29069
97.77540203,5.75998,5.75998,4.62622,5.643,6.23302
97.77803311,5.90199,5.90199,4.80135,5.7865,6.14741
97.78180278,6.09607,6.09607,5.04374,5.98273,6.01915
97.78472541,6.2391,6.2391,5.22417,6.12745,5.91522
97.78602533,6.30007,6.30007,5.30223,6.18918,5.86739
97.78724063,6.35707,6.35707,5.37394,6.24689,5.82268
97.78847133,6.41252,6.41252,5.44532,6.30306,5.776
97.78979211,6.47202,6.47202,5.52054,6.36335,5.72591
97.79243367,6.58609,6.58609,5.6668,6.47901,5.62272
97.79771679,6.79935,6.79935,5.94319,6.69559,5.40733
97.80500037,7.06128,7.06128,6.29046,6.96243,5.0913
97.81338329,7.31733,7.31733,6.64344,7.22463,4.70127
97.82249231,7.54115,7.54115,6.97186,7.45578,4.24717
97.83681781,7.78059,7.78059,7.37498,7.70794,3.4743
97.85228875,7.888,7.888,7.65757,7.8305,2.56686
97.88323063,7.65694,7.65694,7.76634,7.63189,0.572078
97.90252267,7.22699,7.22699,7.53809,7.22235,-0.767022
97.9113604,6.95993,6.95993,7.36021,6.9644,-1.3976
97.91356031,6.88677,6.88677,7.3089,6.89347,-1.55591
97.91479475,6.8442,6.8442,7.27851,6.85214,-1.64473
97.91597768,6.80341,6.80341,7.24939,6.81253,-1.72996
97.91834353,6.7189,6.7189,7.18802,6.73037,-1.90041
97.92307524,6.5414,6.5414,7.05621,6.55743,-2.24057
97.93253866,6.15356,6.15356,6.75723,6.17817,-2.91254
97.94093462,5.77413,5.77413,6.4537,5.80564,-3.49244
97.94636636,5.51157,5.51157,6.23871,5.54719,-3.85612
97.95354801,5.14483,5.14483,5.9329,5.18553,-4.31746
97.95821447,4.89495,4.89495,5.7214,4.93881,-4.603
97.96471312,4.53252,4.53252,5.41073,4.5807,-4.97758
97.96707378,4.39678,4.39678,5.29331,4.44653,-5.1065
97.96895842,4.28691,4.28691,5.19786,4.33791,-5.20651
97.97069543,4.18447,4.18447,5.10858,4.23664,-5.29637
97.97240967,4.0823,4.0823,5.01924,4.13564,-5.38288
97.97583816,3.87482,3.87482,4.83699,3.93052,-5.54959
97.98269514,3.44784,3.44784,4.4587,3.50839,-5.85875
97.99405052,2.70802,2.70802,3.79417,2.77699,-6.30268
98.0051322,1.9502,1.9502,3.1032,2.02774,-6.6566
98.02007712,0.880145,0.880145,2.11251,0.96956,-7.01328
98.04419664,-0.93329,-0.93329,0.398423,-0.825165,-7.30563
98.05374785,-1.67301,-1.67301,-0.314463,-1.55888,-7.32637
98.05858255,-2.05013,-2.05013,-0.681536,-1.93337,-7.31669
98.06021736,-2.17765,-2.17765,-0.806508,-2.06029,-7.30967
98.06174627,-2.29692,-2.29692,-0.923721,-2.179,-7.3031
98.06343217,-2.42842,-2.42842,-1.05331,-2.30989,-7.29356
98.06680398,-2.69065,-2.69065,-1.31344,-2.57116,-7.2697
98.06973433,-2.91745,-2.91745,-1.5404,-2.79739,-7.24385
98.07283702,-3.15612,-3.15612,-1.78147,-3.03574,-7.21132
98.07355929,-3.21135,-3.21135,-1.83759,-3.09094,-7.2028
98.07451101,-3.28413,-3.28413,-1.91168,-3.16369,-7.19158
98.07660382,-3.44323,-3.44323,-2.0746,-3.32284,-7.16476
98.07809509,-3.55588,-3.55588,-2.19069,-3.43561,-7.14421
98.08069669,-3.75079,-3.75079,-2.39309,-3.63086,-7.10551
98.08589989,-4.13306,-4.13306,-2.79623,-4.01435,-7.01736
98.0963063,-4.85642,-4.85642,-3.58653,-4.7415,-6.79912
98.10299465,-5.28548,-5.28548,-4.07715,-5.17336,-6.62997
98.10601698,-5.46885,-5.46885,-4.29315,-5.35806,-6.54624
98.10789771,-5.57937,-5.57937,-4.42539,-5.46945,-6.49189
98.10968847,-5.68196,-5.68196,-4.54954,-5.57288,-6.43855
98.11152486,-5.78448,-5.78448,-4.67488,-5.6763,-6.38227
98.11519764,-5.9816,-5.9816,-4.91889,-5.87524,-6.26496
98.11801701,-6.12589,-6.12589,-5.09964,-6.02096,-6.17064
98.11995335,-6.22152,-6.22152,-5.22025,-6.11758,-6.10333
98.12091602,-6.26775,-6.26775,-5.27878,-6.1643,-6.06986
98.12169131,-6.30499,-6.30499,-5.32592,-6.20194,-6.04213
98.12244716,-6.34033,-6.34033,-5.37079,-6.23767,-6.0151
98.12343706,-6.38661,-6.38661,-5.42954,-6.28447,-5.97884
98.12473362,-6.44581,-6.44581,-5.50488,-6.34434,-5.93136
98.12732673,-6.56059,-6.56059,-5.65152,-6.46052,-5.83359
98.13234785,-6.76935,-6.76935,-5.92073,-6.67209,-5.636
98.13927279,-7.02843,-7.02843,-6.26149,-6.93535,-5.34607
98.14753838,-7.29446,-7.29446,-6.62363,-7.20689,-4.97456
98.15599875,-7.51867,-7.51867,-6.94544,-7.4373,-4.56693
98.17253739,-7.81915,-7.81915,-7.43553,-7.75146,-3.69693
98.19168115,-7.94506,-7.94506,-7.77816,-7.8953,-2.58245
98.22274856,-7.67077,-7.67077,-7.84296,-7.65245,-0.580509
98.24207085,-7.21724,-7.21724,-7.5893,-7.21859,0.758137
98.25100505,-6.93757,-6.93757,-7.39855,-6.94775,1.39381
98.25339258,-6.85554,-6.85554,-7.33988,-6.86803,1.56511
98.25578007,-6.77053,-6.77053,-7.27804,-6.78531,1.7364
98.25811332,-6.68468,-6.68468,-7.21463,-6.70166,1.90391
98.26277982,-6.50489,-6.50489,-7.07912,-6.52615,2.2381
98.27211283,-6.11405,-6.11405,-6.7743,-6.14334,2.89807
98.28060526,-5.72357,-5.72357,-6.459,-5.75942,3.4818
98.28606838,-5.45545,-5.45545,-6.23762,-5.49515,3.8455
98.29328873,-5.08177,-5.08177,-5.92367,-5.12619,4.3063
98.29801773,-4.82551,-4.82551,-5.70525,-4.87287,4.59344
98.30446162,-4.46237,-4.46237,-5.39196,-4.51367,4.9617
98.30683134,-4.32487,-4.32487,-5.27229,-4.37761,5.08994
98.30865223,-4.21782,-4.21782,-5.17875,-4.27166,5.18569
98.31030599,-4.11955,-4.11955,-5.09262,-4.17442,5.27051
98.31200581,-4.01754,-4.01754,-5.00294,-4.07346,5.35558
98.31538074,-3.81205,-3.81205,-4.82149,-3.8701,5.5183
98.3221306,-3.38977,-3.38977,-4.44554,-3.4522,5.81999
98.33395921,-2.61616,-2.61616,-3.74733,-2.68666,6.27575
98.34473697,-1.87739,-1.87739,-3.07066,-1.95559,6.61266
98.35994356,-0.788356,-0.788356,-2.05811,-0.877757,6.96466
98.3828798,0.931061,0.931061,-0.427153,0.82515,7.23067
98.39225383,1.6531,1.6531,0.270491,1.54174,7.24926
98.39696061,2.01808,2.01808,0.626527,1.90437,7.23923
98.39852632,2.13949,2.13949,0.745728,2.02526,7.23239
98.40000218,2.25393,2.25393,0.858392,2.13922,7.22595
98.40137754,2.36058,2.36058,0.963627,2.24542,7.21821
98.40412826,2.57342,2.57342,1.17473,2.45753,7.19954
98.40768962,2.84773,2.84773,1.44913,2.73121,7.16907
98.40988812,3.01615,3.01615,1.61922,2.89944,7.14675
98.41257126,3.22051,3.22051,1.82679,3.10376,7.11588
98.41435384,3.35543,3.35543,1.96499,3.23876,7.09319
98.41681949,3.54069,3.54069,2.15614,3.4243,7.05895
98.41902252,3.70468,3.70468,2.32683,3.58869,7.02559
98.42342857,4.02742,4.02742,2.66719,3.9126,6.95108
98.43224067,4.64536,4.64536,3.3383,4.53405,6.77161
98.43894501,5.08505,5.08505,3.83522,4.97698,6.60842
98.44258263,5.3108,5.3108,4.09828,5.20454,6.51041
98.44437519,5.41837,5.41837,4.22547,5.313,6.45926
98.44538172,5.47725,5.47725,4.29689,5.37239,6.43053
98.44633944,5.53327,5.53327,4.36364,5.4289,6.40203
98.44760989,5.60588,5.60588,4.45217,5.50216,6.36422
98.44898579,5.68302,5.68302,4.54666,5.58003,6.32207
98.45173759,5.83272,5.83272,4.73209,5.73121,6.23462
98.45233204,5.86391,5.86391,4.7712,5.76272,6.21573
98.45352094,5.92627,5.92627,4.84943,5.82575,6.17664
98.45589874,6.04745,6.04745,5.00254,5.94824,6.09655
98.45776382,6.13954,6.13954,5.11967,6.04137,6.03141
98.45901142,6.19939,6.19939,5.19615,6.10192,5.98783
98.45968613,6.23176,6.23176,5.23752,6.13466,5.96354
98.4606019,6.27449,6.27449,5.29258,6.17791,5.93057
98.46130531,6.30731,6.30731,5.33418,6.21112,5.90476
98.46204769,6.34102,6.34102,5.37809,6.24525,5.87752
98.46312797,6.39008,6.39008,5.44083,6.29492,5.83676
98.46528853,6.48507,6.48507,5.56347,6.39116,5.75523
98.46883411,6.63375,6.63375,5.75672,6.54192,5.61615
98.47592527,6.90453,6.90453,6.11475,6.81713,5.32186
98.48355604,7.15688,7.15688,6.45927,7.07465,4.98199
98.49155363,7.37849,7.37849,6.77647,7.30214,4.60106
98.50538112,7.65988,7.65988,7.22194,7.59477,3.88707
98.52422789,7.84075,7.84075,7.62384,7.79278,2.81259
98.54805482,7.74822,7.74822,7.80353,7.72381,1.31357
98.57122045,7.33335,7.33335,7.6415,7.33223,-0.261901
98.58386531,6.97818,6.97818,7.4182,6.98939,-1.15804
98.58997674,6.77527,6.77527,7.27722,6.79223,-1.59696
98.5921428,6.69859,6.69859,7.22219,6.71754,-1.75311
98.59415682,6.62512,6.62512,7.1687,6.6459,-1.89829
98.59818488,6.47206,6.47206,7.05514,6.49641,-2.18824
98.606241,6.14222,6.14222,6.80235,6.17331,-2.76287
98.61711486,5.64904,5.64904,6.40883,5.68819,-3.51602
98.62341729,5.33887,5.33887,6.15406,5.38217,-3.93578
98.62984136,5.00523,5.00523,5.87501,5.05247,-4.34594
98.63657483,4.63749,4.63749,5.56237,4.68866,-4.75145
98.64052644,4.41336,4.41336,5.36955,4.46679,-4.97605
98.64245862,4.30158,4.30158,5.27231,4.3557,-5.08195
98.64365119,4.23165,4.23165,5.2123,4.28713,-5.14543
98.6447963,4.16449,4.16449,5.15329,4.22007,-5.20639
98.64628791,4.07597,4.07597,5.07642,4.13273,-5.28367
98.64828203,3.95639,3.95639,4.97176,4.01432,-5.38442
98.65227026,3.71306,3.71306,4.75765,3.77337,-5.57741
98.66024673,3.21054,3.21054,4.31104,3.27581,-5.9308
98.67134268,2.47894,2.47894,3.65144,2.55147,-6.35311
98.6834463,1.6421,1.6421,2.88526,1.72293,-6.72471
98.69809294,0.58332,0.58332,1.90053,0.674478,-7.05329
98.71760587,-0.887189,-0.887189,0.507624,-0.78253,-7.29041
98.72664701,-1.58578,-1.58578,-0.165052,-1.47593,-7.32385
98.73107903,-1.9309,-1.9309,-0.500263,-1.81874,-7.32283
98.73240967,-2.03452,-2.03452,-0.60155,-1.92198,-7.31997
98.73327858,-2.10218,-2.10218,-0.667888,-1.9894,-7.31811
98.73412723,-2.16833,-2.16833,-0.732678,-2.05525,-7.31514
98.73582453,-2.30064,-2.30064,-0.86265,-2.18694,-7.30921
98.73921913,-2.56467,-2.56467,-1.12365,-2.45009,-7.29165
98.74286722,-2.84713,-2.84713,-1.40552,-2.73196,-7.2656
98.74553484,-3.0525,-3.0525,-1.61238,-2.93716,-7.24188
98.7486147,-3.28799,-3.28799,-1.85186,-3.17271,-7.20961
98.74957308,-3.36077,-3.36077,-1.92638,-3.24556,-7.19829
98.75044596,-3.42705,-3.42705,-1.99434,-3.31192,-7.18797
98.75336207,-3.6466,-3.6466,-2.22137,-3.53194,-7.14975
98.75641829,-3.87378,-3.87378,-2.459,-3.75985,-7.10479
98.76253075,-4.31676,-4.31676,-2.93145,-4.20495,-7.00007
98.77475565,-5.13873,-5.13873,-3.84906,-5.0324,-6.73305
98.77928776,-5.41824,-5.41824,-4.17683,-5.31416,-6.61488
98.78190079,-5.57241,-5.57241,-4.36183,-5.46968,-6.54213
98.78439397,-5.71447,-5.71447,-4.53504,-5.61307,-6.46962
98.78674226,-5.84377,-5.84377,-4.69485,-5.74366,-6.39861
98.79031096,-6.032,-6.032,-4.93072,-5.93389,-6.28567
98.79211195,-6.12325,-6.12325,-5.04636,-6.02616,-6.22638
98.79420705,-6.22641,-6.22641,-5.17778,-6.1305,-6.15528
98.79480088,-6.25481,-6.25481,-5.21419,-6.15923,-6.13513
98.79560666,-6.29334,-6.29334,-5.2636,-6.19822,-6.10693
98.79598152,-6.31126,-6.31126,-5.28619,-6.21636,-6.09382
98.79673124,-6.34623,-6.34623,-5.33137,-6.25175,-6.06759
98.79743958,-6.37926,-6.37926,-5.37321,-6.28519,-6.04222
98.79843664,-6.42488,-6.42488,-5.43212,-6.33139,-6.00652
98.80043078,-6.51397,-6.51397,-5.54693,-6.42165,-5.93346
98.8036352,-6.65122,-6.65122,-5.72483,-6.56081,-5.81238
98.81004406,-6.90412,-6.90412,-6.05738,-6.81775,-5.55696
98.81709428,-7.14946,-7.14946,-6.38877,-7.06788,-5.25614
98.82479579,-7.3786,-7.3786,-6.71092,-7.3027,-4.9047
98.83770317,-7.67307,-7.67307,-7.16024,-7.60767,-4.26572
98.85617772,-7.90363,-7.90363,-7.61042,-7.85514,-3.25264
98.87745836,-7.9,-7.9,-7.85485,-7.87294,-1.96159
98.91537102,-7.235,-7.235,-7.60693,-7.2465,0.573041
98.92872197,-6.80935,-6.80935,-7.31883,-6.83376,1.51524
98.94160718,-6.31176,-6.31176,-6.94809,-6.34764,2.42526
98.9454849,-6.14587,-6.14587,-6.81915,-6.18497,2.69727
98.94920411,-5.9801,-5.9801,-6.68825,-6.02215,2.95596
98.95664252,-5.62988,-5.62988,-6.40597,-5.6774,3.46251
98.96114363,-5.40621,-5.40621,-6.22221,-5.45675,3.76032
98.96662492,-5.12232,-5.12232,-5.98565,-5.1763,4.11155
98.97166748,-4.85039,-4.85039,-5.75599,-4.90736,4.4214
98.97784564,-4.50373,-4.50373,-5.45943,-4.56425,4.78019
98.98083464,-4.33082,-4.33082,-5.31008,-4.39304,4.9447
98.98237712,-4.23994,-4.23994,-5.23113,-4.30303,5.02711
98.98366727,-4.16393,-4.16393,-5.16509,-4.22775,5.09469
98.98490972,-4.08953,-4.08953,-5.10012,-4.15406,5.15859
98.98625018,-4.00925,-4.00925,-5.03003,-4.07455,5.22624
98.98891741,-3.8471,-3.8471,-4.88776,-3.91394,5.35694
98.99392011,-3.53653,-3.53653,-4.61349,-3.60635,5.58854
99.0039255,-2.89185,-2.89185,-4.0373,-2.96786,6.00119
99.01427644,-2.19445,-2.19445,-3.40491,-2.27718,6.35966
99.02858556,-1.18604,-1.18604,-2.47618,-1.27837,6.74432
99.04323518,-0.108999,-0.108999,-1.46801,-0.211298,7.00786
99.05680665,0.920358,0.920358,-0.490157,0.809086,7.13693
99.06436565,1.50352,1.50352,0.0704039,1.38788,7.16159
99.06820727,1.80188,1.80188,0.359147,1.68415,7.16134
99.06949992,1.90228,1.90228,0.456845,1.78418,7.15907
99.07021968,1.95818,1.95818,0.511402,1.83988,7.15781
99.07113319,2.02923,2.02923,0.580643,1.91057,7.15515
99.0722301,2.11454,2.11454,0.663991,1.99545,7.15196
99.07352084,2.21492,2.21492,0.762269,2.09534,7.14699
99.07552803,2.37085,2.37085,0.91551,2.25066,7.13739
99.0793125,2.66398,2.66398,1.20566,2.54301,7.11313
99.082714,2.92602,2.92602,1.46764,2.80472,7.08451
99.08519632,3.11611,3.11611,1.65955,2.9948,7.05958
99.08746949,3.28915,3.28915,1.8353,3.16799,7.03378
99.08938069,3.43373,3.43373,1.98334,3.31282,7.0099
99.0920125,3.63119,3.63119,2.18721,3.51081,6.97378
99.09462448,3.82498,3.82498,2.38934,3.70534,6.93425
99.09984845,4.20458,4.20458,2.7918,4.08694,6.84435
99.11029638,4.92051,4.92051,3.57999,4.80831,6.62221
99.11678868,5.32985,5.32985,4.05282,5.22143,6.45634
99.11973854,5.50566,5.50566,4.26219,5.39904,6.37405
99.1221581,5.64473,5.64473,4.43076,5.53963,6.30339
99.12444209,5.77168,5.77168,4.58689,5.66805,6.23409
99.12650199,5.88261,5.88261,4.72497,5.78032,6.16947
99.13062177,6.09458,6.09458,4.99232,5.995,6.03427
99.13373249,6.24608,6.24608,5.18572,6.14857,5.92699
99.13512013,6.31074,6.31074,5.26952,6.21415,5.87735
99.13627386,6.36449,6.36449,5.33798,6.26868,5.83607
99.13739584,6.41478,6.41478,5.40351,6.31972,5.7947
99.13858015,6.46787,6.46787,5.47155,6.3736,5.75104
99.14094879,6.57004,6.57004,5.60423,6.4774,5.66126
99.14568605,6.76244,6.76244,5.8565,6.67312,5.47439
99.15303392,7.02971,7.02971,6.21476,6.94584,5.1658
99.1614602,7.29022,7.29022,6.57804,7.21306,4.78494
99.16987917,7.50203,7.50203,6.89172,7.43209,4.37696
99.1859271,7.77422,7.77422,7.35689,7.71933,3.52967
99.2051595,7.87908,7.87908,7.69013,7.84395,2.40735
99.23503534,7.58957,7.58957,7.74315,7.58663,0.480362
99.25363513,7.14578,7.14578,7.50207,7.16253,-0.807177
99.26199707,6.88327,6.88327,7.32752,6.90854,-1.40145
99.2642764,6.8051,6.8051,7.27296,6.83265,-1.56475
99.26561908,6.75733,6.75733,7.23898,6.7862,-1.66094
99.26690107,6.71172,6.71172,7.20653,6.74185,-1.75288
99.26946506,6.6171,6.6171,7.138,6.64971,-1.93678
99.27459302,6.41804,6.41804,6.99036,6.45543,-2.30353
99.28484894,5.98199,5.98199,6.65398,6.02821,-3.02604
99.29194634,5.65163,5.65163,6.39,5.70332,-3.51229
99.29677586,5.41392,5.41392,6.19621,5.46903,-3.83424
99.30298831,5.09345,5.09345,5.93065,5.15266,-4.23392
99.30854879,4.79311,4.79311,5.67792,4.85579,-4.57486
99.31495206,4.43215,4.43215,5.36991,4.49872,-4.94358
99.31743813,4.28775,4.28775,5.24553,4.35582,-5.07925
99.3190474,4.19305,4.19305,5.16362,4.26209,-5.1647
99.32058692,4.10156,4.10156,5.08424,4.17153,-5.24465
99.32225754,4.00132,4.00132,4.997,4.07231,-5.32943
99.32512486,3.82697,3.82697,4.84464,3.89973,-5.47024
99.33085948,3.4699,3.4699,4.53023,3.54628,-5.73469
99.34098643,2.81375,2.81375,3.94508,2.8968,-6.14826
99.35174183,2.0841,2.0841,3.28457,2.1745,-6.51533
99.36608987,1.06504,1.06504,2.34734,1.16553,-6.8927
99.38247779,-0.151333,-0.151333,1.20918,-0.0392785,-7.17035
99.39526016,-1.13039,-1.13039,0.278742,-1.00982,-7.27567
99.40137371,-1.60562,-1.60562,-0.177892,-1.48156,-7.29208
99.40466788,-1.86303,-1.86303,-0.426694,-1.73731,-7.29194
99.40544229,-1.92354,-1.92354,-0.485496,-1.79744,-7.29081
99.40625036,-1.98668,-1.98668,-0.546855,-1.86033,-7.28964
99.40714729,-2.05684,-2.05684,-0.615126,-1.93014,-7.28739
99.40838278,-2.15348,-2.15348,-0.709351,-2.02631,-7.28429
99.40990806,-2.27279,-2.27279,-0.825961,-2.14502,-7.27888
99.4124492,-2.47125,-2.47125,-1.02089,-2.34281,-7.26696
99.41753149,-2.86627,-2.86627,-1.41284,-2.73701,-7.2323
99.42011293,-3.06562,-3.06562,-1.61284,-2.93623,-7.20921
99.4233353,-3.31275,-3.31275,-1.86318,-3.18351,-7.17524
99.42424975,-3.38238,-3.38238,-1.93422,-3.25326,-7.16435
99.42514054,-3.45021,-3.45021,-2.0035,-3.3212,-7.15374
99.42818074,-3.67971,-3.67971,-2.23998,-3.5513,-7.11354
99.43146698,-3.92437,-3.92437,-2.49521,-3.79693,-7.06452
99.43803947,-4.40015,-4.40015,-3.00209,-4.27546,-6.94944
99.45118445,-5.27412,-5.27412,-3.98128,-5.15636,-6.65317
99.45588765,-5.55815,-5.55815,-4.31671,-5.44327,-6.52614
99.46013224,-5.80006,-5.80006,-4.61001,-5.68791,-6.40224
99.46321305,-5.96692,-5.96692,-4.81624,-5.85679,-6.30692
99.46645715,-6.13476,-6.13476,-5.0264,-6.02679,-6.20174
99.46906461,-6.26391,-6.26391,-5.1896,-6.15768,-6.11368
99.47111962,-6.36214,-6.36214,-5.31442,-6.25729,-6.04207
99.4730294,-6.45066,-6.45066,-5.42729,-6.3471,-5.97382
99.47449325,-6.51673,-6.51673,-5.51178,-6.41417,-5.9204
99.47742096,-6.64427,-6.64427,-5.67567,-6.54374,-5.81073
99.48327637,-6.88122,-6.88122,-5.98385,-6.78491,-5.58026
99.4902339,-7.13172,-7.13172,-6.31744,-7.04076,-5.28771
99.49809264,-7.37466,-7.37466,-6.65319,-7.29018,-4.93375
99.50824957,-7.62659,-7.62659,-7.02441,-7.5512,-4.4413
99.52420873,-7.88379,-7.88379,-7.46816,-7.82413,-3.5945
99.54130347,-7.97592,-7.97592,-7.75815,-7.93471,-2.59888
99.57549296,-7.62613,-7.62613,-7.78999,-7.62363,-0.395522
99.59495831,-7.12608,-7.12608,-7.49534,-7.14521,0.954632
99.60345049,-6.84278,-6.84278,-7.29837,-6.87097,1.55773
99.60644632,-6.73372,-6.73372,-7.21922,-6.76502,1.77168
99.60928282,-6.62625,-6.62625,-7.13979,-6.66044,1.97425
99.6125528,-6.49741,-6.49741,-7.04292,-6.53486,2.20735
99.61909278,-6.22433,-6.22433,-6.83254,-6.26802,2.67003
99.63217274,-5.61965,-5.61965,-6.34799,-5.67443,3.56548
99.6382624,-5.31242,-5.31242,-6.0942,-5.37177,3.96387
99.6446103,-4.97569,-4.97569,-5.81141,-5.0395,4.36151
99.6531113,-4.49993,-4.49993,-5.40493,-4.56944,4.85703
99.6565344,-4.30057,-4.30057,-5.23249,-4.37233,5.0432
99.65855341,-4.18095,-4.18095,-5.12848,-4.25404,5.1491
99.66047138,-4.06597,-4.06597,-5.02814,-4.14032,5.24693
99.6626039,-3.93661,-3.93661,-4.91485,-4.01238,5.35253
99.66569627,-3.74627,-3.74627,-4.74739,-3.82412,5.49985
99.671881,-3.35619,-3.35619,-4.40159,-3.43829,5.77464
99.68275825,-2.6419,-2.6419,-3.76023,-2.73172,6.19638
99.69358364,-1.89843,-1.89843,-3.08294,-1.99619,6.54062
99.70821015,-0.849682,-0.849682,-2.11304,-0.958344,6.88954
99.72944666,0.742036,0.742036,-0.612525,0.617962,7.16517
99.7400966,1.56265,1.56265,0.17521,1.43241,7.20236
99.74515747,1.95593,1.95593,0.556599,1.8232,7.19676
99.74655406,2.06445,2.06445,0.662578,1.93139,7.19227
99.7473821,2.1288,2.1288,0.72559,1.99553,7.18961
99.74818486,2.19123,2.19123,0.786679,2.05772,7.18596
99.74979037,2.3161,2.3161,0.909183,2.18209,7.17868
99.75300139,2.56523,2.56523,1.15507,2.43055,7.15902
99.75675354,2.85492,2.85492,1.44368,2.71988,7.12874
99.7590181,3.02879,3.02879,1.61862,2.89375,7.10667
99.7617949,3.2407,3.2407,1.83313,3.10589,7.07576
99.76356991,3.37528,3.37528,1.97054,3.24077,7.05378
99.76610559,3.56611,3.56611,2.16684,3.43219,7.01941
99.7684255,3.73898,3.73898,2.34632,3.60578,6.98493
99.77306533,4.07877,4.07877,2.70404,3.94751,6.90736
99.78234498,4.72682,4.72682,3.40815,4.60089,6.71855
99.78937952,5.18318,5.18318,3.92584,5.06207,6.54614
99.7929381,5.40076,5.40076,4.18081,5.28218,6.44947
99.79476738,5.5088,5.5088,4.30971,5.39155,6.39735
99.79648854,5.60798,5.60798,4.42944,5.492,6.34682
99.79831653,5.71067,5.71067,4.55477,5.59604,6.29159
99.80023436,5.81551,5.81551,4.68409,5.70232,6.23192
99.80407003,6.01652,6.01652,4.93528,5.90624,6.10741
99.80698838,6.1619,6.1619,5.11918,6.05384,6.00809
99.80878244,6.2475,6.2475,5.22893,6.1408,5.94472
99.80966966,6.28983,6.28983,5.28193,6.18381,5.91338
99.81050859,6.32847,6.32847,5.33205,6.22309,5.88289
99.81147363,6.37292,6.37292,5.3882,6.26827,5.84782
99.81250714,6.41945,6.41945,5.44834,6.31559,5.80915
99.8144831,6.50627,6.50627,5.5601,6.40394,5.73522
99.81843501,6.67155,6.67155,5.77439,6.57234,5.58131
99.82633884,6.96915,6.96915,6.1678,6.87645,5.25354
99.83450304,7.23103,7.23103,6.52687,7.1455,4.88804
99.84256159,7.44473,7.44473,6.83563,7.36675,4.50164
99.85669689,7.71398,7.71398,7.27066,7.65029,3.76699
99.87645491,7.87071,7.87071,7.65655,7.82879,2.63194
99.90202988,7.71028,7.71028,7.78451,7.69814,1.00784
99.92229392,7.3073,7.3073,7.60019,7.3187,-0.377385
99.93343915,6.98657,6.98657,7.39508,7.01048,-1.16656
99.93921873,6.79367,6.79367,7.26064,6.82385,-1.58063
99.94122723,6.72248,6.72248,7.20951,6.75479,-1.72505
99.94309069,6.65457,6.65457,7.16009,6.68884,-1.85903
99.94681762,6.5135,6.5135,7.05561,6.5516,-2.12676
99.95427148,6.21095,6.21095,6.82464,6.25634,-2.65831
99.96917919,5.52865,5.52865,6.27862,5.58684,-3.68254
99.9756022,5.2041,5.2041,6.00984,5.26715,-4.1016
99.98201506,4.86272,4.86272,5.72228,4.93032,-4.50081
99.98908949,4.46708,4.46708,5.38375,4.53953,-4.91274
99.99192781,4.30289,4.30289,5.2418,4.37725,-5.0687
99.99363543,4.20264,4.20264,5.15474,4.27816,-5.15977
99.9952577,4.10642,4.10642,5.07091,4.18303,-5.24429
99.99726255,3.98619,3.98619,4.96581,4.06417,-5.34607
100,3.81973,3.81973,4.81969,3.89959,-5.48036
