"TIME","SIN1","SIN2","SIN3","SIN4","SIN5"
90,-6.19419,-6.19419,-5.10415,-6.10552,-6.06596
90.00126797,-6.25511,-6.25511,-5.18226,-6.16713,-6.02128
90.00161285,-6.27168,-6.27168,-5.20315,-6.18389,-6.00913
90.00191995,-6.28615,-6.28615,-5.22175,-6.19853,-5.99831
90.00260389,-6.31838,-6.31838,-5.26318,-6.23113,-5.97371
90.00333608,-6.35225,-6.35225,-5.30669,-6.2654,-5.94737
90.00404442,-6.38501,-6.38501,-5.34878,-6.29855,-5.92141
90.00497544,-6.42666,-6.42666,-5.40319,-6.34071,-5.88729
90.00683749,-6.50996,-6.50996,-5.5099,-6.42503,-5.81762
90.00985028,-6.63854,-6.63854,-5.67678,-6.55529,-5.70168
90.01587586,-6.87668,-6.87668,-5.99001,-6.7969,-5.45821
90.02515609,-7.19452,-7.19452,-6.42131,-7.12046,-5.0541
90.03511296,-7.47045,-7.47045,-6.81761,-7.40309,-4.58312
90.0476529,-7.72364,-7.72364,-7.22162,-7.66554,-3.93871
90.06361759,-7.89705,-7.89705,-7.5859,-7.8519,-3.04351
90.09229136,-7.80849,-7.80849,-7.83262,-7.78832,-1.26291
90.1233558,-7.17282,-7.17282,-7.54053,-7.17892,0.84608
90.13443321,-6.81653,-6.81653,-7.30063,-6.8313,1.62811
90.13834092,-6.67524,-6.67524,-7.1995,-6.69293,1.90584
90.14164019,-6.54991,-6.54991,-7.10767,-6.56998,2.14032
90.14505029,-6.41474,-6.41474,-7.00669,-6.43719,2.3818
90.1518705,-6.12781,-6.12781,-6.78678,-6.15469,2.8597
90.15691699,-5.90162,-5.90162,-6.60896,-5.93149,3.2072
90.16427802,-5.55136,-5.55136,-6.3273,-5.58526,3.70025
90.16956337,-5.28547,-5.28547,-6.10917,-5.32205,4.04152
90.17552721,-4.97159,-4.97159,-5.84764,-5.01109,4.41037
90.1806145,-4.69265,-4.69265,-5.61203,-4.73462,4.7089
90.18482485,-4.45427,-4.45427,-5.40856,-4.4983,4.9431
90.18661704,-4.35078,-4.35078,-5.31914,-4.3957,5.03902
90.18799724,-4.26996,-4.26996,-5.25028,-4.31557,5.11127
90.18926385,-4.19579,-4.19579,-5.18555,-4.24204,5.17632
90.19071553,-4.10972,-4.10972,-5.11136,-4.15671,5.2494
90.19318855,-3.96139,-3.96139,-4.98239,-4.00967,5.37035
90.1981346,-3.6585,-3.6585,-4.71725,-3.70947,5.59928
90.20802668,-3.02929,-3.02929,-4.15962,-3.08599,6.00764
90.2183573,-2.3414,-2.3414,-3.54073,-2.40455,6.36618
90.23266302,-1.34344,-1.34344,-2.62824,-1.41609,6.7518
90.24717861,-0.285369,-0.285369,-1.64444,-0.368083,7.01447
90.26193449,0.826909,0.826909,-0.593858,0.733982,7.15178
90.27028307,1.46845,1.46845,0.0201054,1.37035,7.17253
90.27433244,1.78196,1.78196,0.322396,1.68147,7.16798
90.27571325,1.88887,1.88887,0.426095,1.78792,7.16399
90.27639507,1.94166,1.94166,0.477452,1.84049,7.16202
90.27730713,2.01238,2.01238,0.546152,1.9108,7.1583
90.27850681,2.1054,2.1054,0.636748,2.00329,7.15341
90.28012595,2.23094,2.23094,0.759318,2.12812,7.1451
90.28279838,2.43778,2.43778,0.962328,2.33407,7.12815
90.28814324,2.84928,2.84928,1.37058,2.74436,7.08233
90.29083035,3.05468,3.05468,1.57677,2.94946,7.05333
90.29419184,3.30969,3.30969,1.83539,3.20438,7.01148
90.29509306,3.37753,3.37753,1.90472,3.27227,6.999
90.2960046,3.44615,3.44615,1.97492,3.34094,6.98637
90.29727825,3.5415,3.5415,2.07301,3.43607,6.96701
90.29918782,3.68353,3.68353,2.22006,3.57869,6.93799
90.30272732,3.94343,3.94343,2.4921,3.83934,6.87788
90.30980632,4.44679,4.44679,3.03154,4.34504,6.73802
90.31862676,5.03415,5.03415,3.68731,4.93631,6.52803
90.32295389,5.30345,5.30345,4.00002,5.20772,6.41078
90.32516586,5.43573,5.43573,4.15705,5.34112,6.34727
90.3264384,5.51007,5.51007,4.246,5.41612,6.30929
90.32764696,5.57944,5.57944,4.33048,5.48613,6.27322
90.32918489,5.66598,5.66598,4.43635,5.57351,6.22584
90.33124169,5.77873,5.77873,4.57579,5.68741,6.16072
90.33535531,5.99426,5.99426,4.84646,5.90534,6.02456
90.33850739,6.15064,6.15064,5.04578,6.0636,5.91496
90.34055781,6.24837,6.24837,5.17138,6.16256,5.84079
90.34150937,6.2924,6.2924,5.22825,6.20716,5.80637
90.34225182,6.32676,6.32676,5.27261,6.24197,5.77877
90.34295453,6.35839,6.35839,5.31359,6.27402,5.75265
90.34403691,6.40711,6.40711,5.37671,6.32339,5.71154
90.34514724,6.45593,6.45593,5.44014,6.37287,5.66937
90.3473679,6.55093,6.55093,5.56402,6.46921,5.5829
90.35180922,6.73045,6.73045,5.8003,6.65145,5.40358
90.36069186,7.04825,7.04825,6.2292,6.97494,5.02037
90.37026746,7.33007,7.33007,6.62892,7.26336,4.57216
90.38177529,7.58665,7.58665,7.02616,7.52852,3.98832
90.39598405,7.78214,7.78214,7.39439,7.73551,3.20515
90.41833663,7.82742,7.82742,7.70776,7.80021,1.85322
90.45183313,7.334,7.334,7.59875,7.33576,-0.379018
90.46552827,6.94716,6.94716,7.36128,6.96002,-1.34316
90.47475094,6.62969,6.62969,7.14118,6.64949,-1.99919
90.47776323,6.51636,6.51636,7.05904,6.53831,-2.21346
90.48050692,6.40916,6.40916,6.97996,6.43301,-2.40827
90.48599431,6.18377,6.18377,6.80994,6.21122,-2.79483
90.49111787,5.96045,5.96045,6.6372,5.99099,-3.15047
90.4968006,5.69863,5.69863,6.4302,5.73236,-3.5366
90.50164407,5.46409,5.46409,6.24128,5.50037,-3.85692
90.50671475,5.20771,5.20771,6.03151,5.24653,-4.18152
90.5168561,4.6634,4.6634,5.57679,4.70724,-4.78711
90.52086216,4.43714,4.43714,5.38455,4.48297,-5.00834
90.52318936,4.30287,4.30287,5.26968,4.34988,-5.13172
90.52537488,4.17493,4.17493,5.15971,4.22307,-5.24403
90.52830897,4.00046,4.00046,5.00898,4.05015,-5.38937
90.5309971,3.83793,3.83793,4.86781,3.88908,-5.51718
90.53637337,3.50549,3.50549,4.57693,3.55967,-5.75798
90.54430996,2.99764,2.99764,4.12759,3.05657,-6.07857
90.55670392,2.16746,2.16746,3.38174,2.23431,-6.49888
90.56977745,1.24832,1.24832,2.54191,1.32403,-6.83865
90.58893964,-0.163579,-0.163579,1.22736,-0.0744384,-7.14962
90.6019196,-1.15424,-1.15424,0.28853,-1.05637,-7.23651
90.60807207,-1.63083,-1.63083,-0.168411,-1.52934,-7.24334
90.61087494,-1.84909,-1.84909,-0.378847,-1.74607,-7.23854
90.61172368,-1.91518,-1.91518,-0.442832,-1.8117,-7.23708
90.61265155,-1.98743,-1.98743,-0.512909,-1.8836,-7.23404
90.61358037,-2.05976,-2.05976,-0.583185,-1.95558,-7.23099
90.61496499,-2.1676,-2.1676,-0.688172,-2.06287,-7.22518
90.61715579,-2.33823,-2.33823,-0.854811,-2.23264,-7.21379
90.62133698,-2.66281,-2.66281,-1.17445,-2.55603,-7.18465
90.62486718,-2.93532,-2.93532,-1.44574,-2.8279,-7.15254
90.62736085,-3.12638,-3.12638,-1.63817,-3.01877,-7.12574
90.62858343,-3.22006,-3.22006,-1.73252,-3.11235,-7.11115
90.62922906,-3.26918,-3.26918,-1.78234,-3.16148,-7.10345
90.63022557,-3.345,-3.345,-1.85941,-3.2373,-7.09054
90.6311677,-3.41626,-3.41626,-1.93227,-3.3086,-7.07833
90.63228407,-3.50069,-3.50069,-2.01861,-3.39309,-7.06252
90.63370653,-3.60758,-3.60758,-2.12863,-3.50013,-7.04238
90.63615142,-3.7898,-3.7898,-2.31771,-3.68273,-7.00452
90.64104119,-4.14747,-4.14747,-2.69451,-4.04162,-6.9194
90.65082073,-4.82658,-4.82658,-3.43542,-4.72447,-6.71239
90.65751175,-5.25689,-5.25689,-3.927,-5.15786,-6.54311
90.66050472,-5.43907,-5.43907,-4.14169,-5.34151,-6.46024
90.66219315,-5.53879,-5.53879,-4.26111,-5.44209,-6.41157
90.66379352,-5.63118,-5.63118,-4.373,-5.53533,-6.36418
90.66558257,-5.73202,-5.73202,-4.49642,-5.63714,-6.30976
90.66782362,-5.85473,-5.85473,-4.64836,-5.76112,-6.23947
90.67230573,-6.08855,-6.08855,-4.9422,-5.99754,-6.09193
90.67569327,-6.25523,-6.25523,-5.15454,-6.16623,-5.97433
90.67718156,-6.32523,-6.32523,-5.24502,-6.23712,-5.9207
90.67816392,-6.37144,-6.37144,-5.30338,-6.28392,-5.8853
90.67912107,-6.41486,-6.41486,-5.36025,-6.32791,-5.84983
90.68032216,-6.46935,-6.46935,-5.43006,-6.38312,-5.80532
90.68202671,-6.54433,-6.54433,-5.52714,-6.45912,-5.7407
90.68543582,-6.68813,-6.68813,-5.71449,-6.60499,-5.60771
90.69225404,-6.95144,-6.95144,-6.06313,-6.87258,-5.32706
90.70259656,-7.28989,-7.28989,-6.5287,-7.218,-4.86559
90.71253618,-7.54685,-7.54685,-6.90665,-7.48225,-4.38354
90.72606972,-7.79094,-7.79094,-7.31479,-7.73717,-3.67119
90.74350166,-7.92995,-7.92995,-7.66359,-7.89134,-2.66861
90.77388068,-7.72437,-7.72437,-7.81376,-7.71353,-0.738348
90.79386152,-7.29489,-7.29489,-7.60784,-7.30192,0.630827
90.80359564,-7.00497,-7.00497,-7.42306,-7.02028,1.318
90.81130769,-6.73972,-6.73972,-7.23898,-6.76123,1.86646
90.81351848,-6.65801,-6.65801,-7.18016,-6.68122,2.02369
90.81570855,-6.57464,-6.57464,-7.11931,-6.59951,2.17944
90.8200887,-6.40088,-6.40088,-6.99004,-6.42895,2.48964
90.82884898,-6.02623,-6.02623,-6.70204,-6.06013,3.10011
90.83394798,-5.79192,-5.79192,-6.51671,-5.8289,3.4471
90.83947194,-5.5251,-5.5251,-6.30168,-5.56519,3.81335
90.84582746,-5.20206,-5.20206,-6.03653,-5.24555,4.21867
90.8572357,-4.58171,-4.58171,-5.51528,-4.63117,4.8875
90.86110699,-4.35973,-4.35973,-5.3255,-4.41123,5.0954
90.86421633,-4.17742,-4.17742,-5.16851,-4.2306,5.25472
90.86667278,-4.03094,-4.03094,-5.04168,-4.08546,5.37566
90.86920988,-3.87744,-3.87744,-4.90815,-3.93338,5.49605
90.87428409,-3.56395,-3.56395,-4.6336,-3.62284,5.7234
90.8844325,-2.9127,-2.9127,-4.05602,-2.97784,6.12662
90.89477879,-2.21805,-2.21805,-3.4306,-2.28999,6.46921
90.90997538,-1.14921,-1.14921,-2.45218,-1.23167,6.85084
90.92625858,0.0488595,0.0488595,-1.33545,-0.0452059,7.103
90.93944194,1.04993,1.04993,-0.387367,0.946725,7.19098
90.94599596,1.55523,1.55523,0.0967594,1.44801,7.19665
90.9494468,1.82271,1.82271,0.354674,1.71361,7.18962
90.95029313,1.88832,1.88832,0.418228,1.77875,7.18665
90.95108757,1.9499,1.9499,0.477982,1.84005,7.18387
90.9519974,2.02049,2.02049,0.546526,1.91025,7.17969
90.95325381,2.11797,2.11797,0.641366,2.00719,7.17393
90.95484463,2.24139,2.24139,0.761745,2.12993,7.16494
90.95750906,2.44774,2.44774,0.964061,2.33539,7.1467
90.96283793,2.85824,2.85824,1.37091,2.74469,7.09837
90.96551822,3.06321,3.06321,1.57649,2.94938,7.06814
90.96887136,3.31771,3.31771,1.83434,3.20382,7.02478
90.96977406,3.3857,3.3857,1.90376,3.27186,7.01184
90.97068546,3.45434,3.45434,1.97392,3.34056,6.99878
90.97195824,3.54967,3.54967,2.07189,3.43568,6.97883
90.97386276,3.69138,3.69138,2.2185,3.57802,6.94898
90.97739043,3.95052,3.95052,2.48951,3.83797,6.88742
90.98444578,4.45243,4.45243,3.02695,4.34239,6.74482
90.99374482,5.07025,5.07025,3.71721,4.96469,6.51823
90.99787569,5.32623,5.32623,4.01504,5.22288,6.40372
91.00006514,5.45673,5.45673,4.17015,5.3546,6.33963
91.00145366,5.5375,5.5375,4.26739,5.43617,6.29733
91.00280767,5.61475,5.61475,4.36126,5.51421,6.25608
91.0042827,5.6972,5.6972,4.46238,5.59754,6.20966
91.00723277,5.85686,5.85686,4.66069,5.75902,6.11375
91.01313292,6.15605,6.15605,5.0393,6.06196,5.9099
91.0145049,6.22167,6.22167,5.12365,6.12847,5.85992
91.01522074,6.25511,6.25511,5.16689,6.16238,5.83385
91.01601997,6.29246,6.29246,5.21516,6.20024,5.80411
91.01637687,6.30913,6.30913,5.23627,6.21714,5.79083
91.01683099,6.32973,6.32973,5.26314,6.23816,5.77393
91.01754565,6.36214,6.36214,5.30541,6.27123,5.74685
91.01829703,6.39622,6.39622,5.34877,6.30515,5.71838
91.01948245,6.44866,6.44866,5.41718,6.35867,5.67277
91.02182152,6.54918,6.54918,5.54811,6.46071,5.58097
91.02572531,6.7083,6.7083,5.75712,6.62239,5.42253
91.03353288,6.99459,6.99459,6.14115,6.91399,5.08661
91.04350975,7.2993,7.2993,6.56872,7.22593,4.62198
91.05428656,7.55249,7.55249,6.95355,7.48757,4.07808
91.06855163,7.76865,7.76865,7.34311,7.71581,3.29667
91.08850521,7.85019,7.85019,7.66465,7.81551,2.10088
91.12068531,7.47149,7.47149,7.65923,7.46653,-0.0221187
91.13831337,7.01092,7.01092,7.393,7.02134,-1.25676
91.14647372,6.73993,6.73993,7.20899,6.75702,-1.83754
91.1494104,6.63374,6.63374,7.13359,6.65314,-2.04693
91.15213548,6.53127,6.53127,7.05941,6.55275,-2.24123
91.15758566,6.31531,6.31531,6.89921,6.34077,-2.62715
91.16416457,6.03564,6.03564,6.68529,6.06554,-3.086
91.16889138,5.82221,5.82221,6.518,5.85506,-3.40923
91.17394187,5.58299,5.58299,6.32704,5.61881,-3.74664
91.17895053,5.33471,5.33471,6.12549,5.37335,-4.07114
91.18896784,4.80684,4.80684,5.68761,4.85097,-4.67982
91.1934217,4.55914,4.55914,5.4784,4.60572,-4.93073
91.19580976,4.42314,4.42314,5.36263,4.47104,-5.0597
91.19770589,4.31361,4.31361,5.26897,4.36258,-5.15917
91.19948377,4.2097,4.2097,5.17977,4.25968,-5.25004
91.20124902,4.10539,4.10539,5.0899,4.15638,-5.33799
91.20477952,3.89343,3.89343,4.90636,3.94651,-5.50726
91.21184051,3.45674,3.45674,4.52454,3.51419,-5.82031
91.22286753,2.7431,2.7431,3.89119,2.80784,-6.24401
91.23429827,1.96629,1.96629,3.19042,2.03906,-6.60193
91.24912101,0.91067,0.91067,2.22202,0.994308,-6.94608
91.27427739,-0.9726,-0.9726,0.454208,-0.870825,-7.23
91.28359268,-1.69136,-1.69136,-0.235081,-1.58418,-7.24094
91.28853537,-2.07526,-2.07526,-0.607212,-1.96563,-7.22647
91.29021829,-2.20598,-2.20598,-0.734827,-2.09574,-7.21837
91.29177643,-2.327,-2.327,-0.853339,-2.21619,-7.20945
91.29428599,-2.52168,-2.52168,-1.04486,-2.41021,-7.19225
91.29875923,-2.86698,-2.86698,-1.38792,-2.7546,-7.15297
91.30115501,-3.05076,-3.05076,-1.57241,-2.93813,-7.12742
91.30411002,-3.27595,-3.27595,-1.80056,-3.16324,-7.09162
91.30498871,-3.34245,-3.34245,-1.8684,-3.22977,-7.07985
91.30591923,-3.41287,-3.41287,-1.94035,-3.30024,-7.06738
91.3087212,-3.62316,-3.62316,-2.15699,-3.51084,-7.02638
91.31151384,-3.83026,-3.83026,-2.37272,-3.71847,-6.98138
91.3170991,-4.23516,-4.23516,-2.80217,-4.12503,-6.87918
91.32826963,-4.99395,-4.99395,-3.64132,-4.88865,-6.62726
91.33304591,-5.29405,-5.29405,-3.98897,-5.19116,-6.50053
91.33561926,-5.44882,-5.44882,-4.17269,-5.3473,-6.42763
91.3372417,-5.54373,-5.54373,-4.28699,-5.4431,-6.37941
91.33881822,-5.63392,-5.63392,-4.39677,-5.53418,-6.33256
91.34047535,-5.72657,-5.72657,-4.51068,-5.62779,-6.2814
91.34378962,-5.90538,-5.90538,-4.73346,-5.80858,-6.17525
91.35041815,-6.23807,-6.23807,-5.15549,-6.14535,-5.9479
91.35257515,-6.33928,-6.33928,-5.28568,-6.24791,-5.86964
91.35466717,-6.43422,-6.43422,-5.40841,-6.34417,-5.79177
91.35642872,-6.51174,-6.51174,-5.50904,-6.42279,-5.72471
91.35831437,-6.59229,-6.59229,-5.61405,-6.50453,-5.65144
91.36208568,-6.74591,-6.74591,-5.8159,-6.66058,-5.50035
91.36787981,-6.96273,-6.96273,-6.10554,-6.88124,-5.25669
91.37789777,-7.28346,-7.28346,-6.55031,-7.20905,-4.80384
91.38842366,-7.54747,-7.54747,-6.94342,-7.48113,-4.2872
91.40260342,-7.78698,-7.78698,-7.35591,-7.73246,-3.53039
91.42103574,-7.90418,-7.90418,-7.69577,-7.86631,-2.4542
91.45296873,-7.6169,-7.6169,-7.78149,-7.60888,-0.39616
91.47144499,-7.18116,-7.18116,-7.55106,-7.18982,0.880979
91.47970371,-6.92535,-6.92535,-7.38396,-6.94109,1.46565
91.48240163,-6.83385,-6.83385,-7.32099,-6.85183,1.65795
91.48424315,-6.76922,-6.76922,-7.27569,-6.78871,1.78921
91.48613007,-6.70121,-6.70121,-7.22736,-6.72222,1.92371
91.4899039,-6.55989,-6.55989,-7.125,-6.58385,2.19227
91.49745155,-6.25656,-6.25656,-6.89791,-6.28605,2.7246
91.50360389,-5.98947,-5.98947,-6.69124,-6.02306,3.15098
91.50838197,-5.7701,-5.7701,-6.5177,-5.80665,3.47554
91.51350897,-5.5235,-5.5235,-6.31915,-5.56303,3.81528
91.51825191,-5.28534,-5.28534,-6.12438,-5.32751,4.11992
91.52773778,-4.78163,-4.78163,-5.70423,-4.82892,4.69253
91.53255396,-4.51234,-4.51234,-5.4757,-4.56224,4.96177
91.53499174,-4.37267,-4.37267,-5.35622,-4.4239,5.09196
91.53703258,-4.25406,-4.25406,-5.25427,-4.30641,5.19762
91.53898879,-4.13895,-4.13895,-5.15494,-4.1924,5.296
91.54081438,-4.0303,-4.0303,-5.06083,-4.08479,5.38529
91.54446556,-3.80955,-3.80955,-4.86865,-3.86617,5.55675
91.55176791,-3.35486,-3.35486,-4.46894,-3.41595,5.87226
91.56246106,-2.65954,-2.65954,-3.84882,-2.7276,6.27096
91.57428594,-1.85378,-1.85378,-3.11864,-1.93001,6.62692
91.58913744,-0.794862,-0.794862,-2.1429,-0.88181,6.95096
91.61513908,1.14798,1.14798,-0.309782,1.04333,7.1996
91.6236722,1.80303,1.80303,0.32214,1.69392,7.19427
91.62640227,2.01374,2.01374,0.527099,1.90356,7.18362
91.62748386,2.09722,2.09722,0.60863,1.98661,7.1779
91.62850678,2.17617,2.17617,0.685892,2.06516,7.17249
91.63055262,2.33407,2.33407,0.840818,2.22225,7.15929
91.63464431,2.64871,2.64871,1.15211,2.53588,7.12585
91.6381926,2.91991,2.91991,1.4234,2.80659,7.08935
91.64072994,3.11259,3.11259,1.61818,2.99915,7.05901
91.64289073,3.27568,3.27568,1.78406,3.16229,7.03039
91.64482189,3.42051,3.42051,1.93262,3.30727,7.00268
91.64747144,3.61752,3.61752,2.13644,3.50469,6.9614
91.65007609,3.80898,3.80898,2.33663,3.69673,6.91717
91.65528539,4.18383,4.18383,2.73531,4.0733,6.81803
91.66570398,4.8902,4.8902,3.51658,4.78458,6.57808
91.67213673,5.29121,5.29121,3.98278,5.18912,6.40278
91.67505812,5.46337,5.46337,4.18929,5.36299,6.31645
91.6778672,5.62257,5.62257,4.38401,5.52391,6.22956
91.68010557,5.74493,5.74493,4.53609,5.6477,6.15765
91.68248965,5.87091,5.87091,4.69474,5.77524,6.07847
91.68725781,6.10985,6.10985,5.00022,6.01734,5.91226
91.68997237,6.23826,6.23826,5.16653,6.14758,5.81303
91.69137326,6.3024,6.3024,5.25008,6.21266,5.76012
91.69265185,6.35912,6.35912,5.32494,6.27023,5.71184
91.69391928,6.41533,6.41533,5.39783,6.3273,5.6625
91.69526072,6.47297,6.47297,5.47355,6.38583,5.61028
91.69777256,6.57744,6.57744,5.61149,6.492,5.5097
91.70279625,6.77311,6.77311,5.8729,6.69111,5.30053
91.71284362,7.11205,7.11205,6.34066,7.03728,4.85133
91.72227025,7.36739,7.36739,6.71513,7.29986,4.39417
91.73499393,7.61745,7.61745,7.12485,7.56042,3.72627
91.75004385,7.77588,7.77588,7.47069,7.73218,2.86782
91.7757095,7.71677,7.71677,7.72447,7.69697,1.26132
91.80047882,7.28775,7.28775,7.58438,7.29063,-0.421857
91.81223485,6.96199,6.96199,7.39006,6.97503,-1.25404
91.8188214,6.74665,6.74665,7.24648,6.76509,-1.7255
91.82108782,6.66724,6.66724,7.19141,6.68748,-1.88816
91.82316466,6.59215,6.59215,7.13847,6.61401,-2.03721
91.82731834,6.43549,6.43549,7.02561,6.46048,-2.33448
91.83562569,6.09706,6.09706,6.77266,6.12782,-2.92194
91.84075637,5.87172,5.87172,6.59866,5.90573,-3.27792
91.84784971,5.5405,5.5405,6.33649,5.57866,-3.75697
91.85286753,5.29281,5.29281,6.13626,5.33373,-4.08427
91.85968018,4.93955,4.93955,5.84551,4.98411,-4.50869
91.86507395,4.64652,4.64652,5.60034,4.69392,-4.82541
91.86810751,4.47667,4.47667,5.45678,4.52568,-4.99513
91.86959462,4.39178,4.39178,5.38455,4.4416,-5.07596
91.87076254,4.32511,4.32511,5.32783,4.37556,-5.13781
91.87186368,4.26122,4.26122,5.27317,4.31227,-5.19613
91.87317001,4.18541,4.18541,5.20832,4.23718,-5.26357
91.87531358,4.05925,4.05925,5.09988,4.11221,-5.37151
91.87956932,3.80395,3.80395,4.87903,3.85937,-5.57612
91.88808079,3.27508,3.27508,4.41606,3.33567,-5.94839
91.89899624,2.56377,2.56377,3.78329,2.63148,-6.35664
91.9116248,1.69932,1.69932,3.001,1.77576,-6.73504
91.92600811,0.66824,0.66824,2.05169,0.755063,-7.0463
91.94974215,-1.11148,-1.11148,0.375829,-1.00829,-7.2898
91.9579275,-1.74178,-1.74178,-0.230017,-1.63409,-7.29697
91.96175194,-2.03797,-2.03797,-0.517299,-1.92857,-7.28704
91.96312577,-2.14436,-2.14436,-0.621091,-2.03435,-7.28095
91.9643832,-2.24175,-2.24175,-0.716331,-2.13128,-7.27537
91.96674709,-2.42471,-2.42471,-0.895948,-2.31352,-7.26156
91.97147489,-2.78904,-2.78904,-1.25713,-2.6768,-7.22462
91.97482246,-3.04519,-3.04519,-1.51421,-2.9326,-7.19101
91.97802623,-3.28843,-3.28843,-1.76109,-3.1758,-7.15311
91.97879669,-3.34651,-3.34651,-1.82047,-3.23394,-7.14297
91.97972861,-3.41677,-3.41677,-1.89241,-3.30425,-7.13071
91.98214488,-3.59759,-3.59759,-2.07893,-3.48537,-7.09623
91.98421347,-3.75096,-3.75096,-2.23861,-3.63912,-7.06425
91.98828835,-4.04847,-4.04847,-2.55244,-3.93773,-6.99463
91.99643809,-4.62002,-4.62002,-3.17316,-4.51255,-6.82963
92.00267054,-5.03131,-5.03131,-3.63766,-4.92699,-6.68068
92.0070732,-5.30589,-5.30589,-3.95828,-5.20394,-6.56381
92.0090068,-5.4219,-5.4219,-4.09677,-5.32103,-6.5089
92.01022712,-5.49359,-5.49359,-4.18299,-5.39341,-6.47425
92.01139575,-5.56111,-5.56111,-4.26555,-5.46161,-6.43944
92.01282305,-5.64206,-5.64206,-4.36501,-5.5434,-6.39693
92.01489815,-5.75683,-5.75683,-4.50758,-5.65944,-6.33283
92.01904835,-5.97631,-5.97631,-4.78466,-5.88154,-6.19859
92.02227572,-6.13795,-6.13795,-4.992,-6.04525,-6.08871
92.02497755,-6.26732,-6.26732,-5.15956,-6.17638,-5.99309
92.02702758,-6.36193,-6.36193,-5.28286,-6.27233,-5.91833
92.02896726,-6.44867,-6.44867,-5.39636,-6.36032,-5.84589
92.03063526,-6.52112,-6.52112,-5.49152,-6.43387,-5.78227
92.03392296,-6.6582,-6.6582,-5.6727,-6.57312,-5.65336
92.04049836,-6.90985,-6.90985,-6.01076,-6.82922,-5.38185
92.05102985,-7.25124,-7.25124,-6.48793,-7.17821,-4.91059
92.06080075,-7.50097,-7.50097,-6.86221,-7.43554,-4.43527
92.07435871,-7.74255,-7.74255,-7.27561,-7.68851,-3.71975
92.09150516,-7.87751,-7.87751,-7.62598,-7.83901,-2.73146
92.12146749,-7.67922,-7.67922,-7.79328,-7.66902,-0.824951
92.14211983,-7.23797,-7.23797,-7.59213,-7.24673,0.593352
92.15220727,-6.93632,-6.93632,-7.40335,-6.95384,1.3079
92.16213554,-6.58762,-6.58762,-7.16229,-6.61315,2.0154
92.16483539,-6.48409,-6.48409,-7.08741,-6.51169,2.2078
92.16749686,-6.37853,-6.37853,-7.00981,-6.40811,2.39702
92.17281981,-6.15729,-6.15729,-6.8436,-6.19061,2.77261
92.17826202,-5.91749,-5.91749,-6.6588,-5.95435,3.15089
92.18320754,-5.68799,-5.68799,-6.47813,-5.72782,3.48788
92.18816543,-5.44717,-5.44717,-6.28514,-5.48981,3.81739
92.19280233,-5.2125,-5.2125,-6.09413,-5.25764,4.11635
92.20207613,-4.71718,-4.71718,-5.68295,-4.76717,4.67932
92.20763073,-4.40452,-4.40452,-5.41858,-4.45741,4.99053
92.2101939,-4.25632,-4.25632,-5.29213,-4.31057,5.12696
92.21266299,-4.11131,-4.11131,-5.16774,-4.16689,5.25386
92.21481517,-3.98314,-3.98314,-5.05728,-4.0399,5.36083
92.21719215,-3.83973,-3.83973,-4.93312,-3.89781,5.47508
92.22194612,-3.54722,-3.54722,-4.67819,-3.60803,5.69174
92.23054519,-2.99994,-2.99994,-4.19565,-3.06597,6.045
92.24264223,-2.19381,-2.19381,-3.47331,-2.26768,6.46079
92.25542627,-1.30118,-1.30118,-2.65964,-1.38378,6.79985
92.27311215,-0.0101718,-0.0101718,-1.46084,-0.105217,7.10345
92.2867032,1.01671,1.01671,-0.490271,0.912356,7.20901
92.29365169,1.55027,1.55027,0.0203783,1.44174,7.2208
92.29722881,1.82654,1.82654,0.286626,1.71612,7.2159
92.29811123,1.89469,1.89469,0.352636,1.7838,7.21335
92.29888713,1.95462,1.95462,0.410777,1.84347,7.21111
92.29980278,2.0254,2.0254,0.479503,1.91388,7.20746
92.3010822,2.12431,2.12431,0.575728,2.01227,7.20236
92.30276082,2.25408,2.25408,0.70231,2.14135,7.19382
92.30561077,2.47395,2.47395,0.918027,2.36034,7.17569
92.31131066,2.91101,2.91101,1.35204,2.79634,7.12582
92.31410795,3.12375,3.12375,1.5661,3.00891,7.09477
92.31762572,3.38902,3.38902,1.83601,3.2743,7.04962
92.31847853,3.45278,3.45278,1.90145,3.33816,7.03745
92.31941128,3.52253,3.52253,1.97308,3.40801,7.02413
92.32075751,3.62258,3.62258,2.07647,3.50828,7.00378
92.32285922,3.7776,3.7776,2.23788,3.66375,6.97006
92.32688058,4.0696,4.0696,2.5459,3.95695,6.89902
92.33492331,4.63042,4.63042,3.15499,4.52128,6.7317
92.34108641,5.03475,5.03475,3.61167,4.929,6.58114
92.34624202,5.3526,5.3526,3.98401,5.24988,6.44063
92.34850566,5.48579,5.48579,4.14417,5.38446,6.3748
92.35057805,5.60412,5.60412,4.28868,5.50411,6.31235
92.35240953,5.7058,5.7058,4.41453,5.60698,6.25545
92.3543799,5.8122,5.8122,4.54777,5.7147,6.19246
92.35832066,6.01592,6.01592,4.80679,5.92111,6.06103
92.36130386,6.16228,6.16228,4.99565,6.06954,5.95677
92.36381211,6.2802,6.2802,5.14922,6.18921,5.86597
92.36602323,6.38033,6.38033,5.28042,6.29087,5.78357
92.36807814,6.47021,6.47021,5.39875,6.38219,5.70505
92.37011134,6.55618,6.55618,5.51246,6.46957,5.62554
92.37394481,6.71032,6.71032,5.71807,6.62641,5.47076
92.38161176,6.98787,6.98787,6.09647,6.90953,5.14275
92.3916322,7.28968,7.28968,6.52791,7.21905,4.67851
92.4023274,7.53675,7.53675,6.9121,7.47493,4.14111
92.41653147,7.74732,7.74732,7.30379,7.69805,3.36606
92.43628099,7.82367,7.82367,7.62919,7.79299,2.18645
92.46785895,7.45343,7.45343,7.64296,7.45268,0.108828
92.48556613,6.99455,6.99455,7.38877,7.00958,-1.13155
92.49335227,6.73821,6.73821,7.2195,6.75974,-1.68741
92.49618988,6.63677,6.63677,7.14929,6.66058,-1.89076
92.49883441,6.53851,6.53851,7.07988,6.5644,-2.08027
92.50412348,6.33161,6.33161,6.92985,6.36146,-2.45761
92.51352737,5.93078,5.93078,6.62725,5.96701,-3.11708
92.51888726,5.68396,5.68396,6.43471,5.72348,-3.48368
92.52477055,5.39831,5.39831,6.20713,5.4412,-3.87498
92.53059211,5.10104,5.10104,5.96573,5.1471,-4.24755
92.54223521,4.46564,4.46564,5.437,4.51796,-4.93269
92.54603519,4.24681,4.24681,5.25149,4.30119,-5.13731
92.54970764,4.03023,4.03023,5.06639,4.08664,-5.32544
92.55253919,3.85993,3.85993,4.91988,3.91795,-5.46397
92.55565112,3.66955,3.66955,4.75513,3.72938,-5.60976
92.56187499,3.27913,3.27913,4.41437,3.34272,-5.88168
92.56992225,2.75633,2.75633,3.9525,2.82504,-6.19565
92.58308264,1.86191,1.86191,3.14952,1.93947,-6.6206
92.59620027,0.927619,0.927619,2.29586,1.0144,-6.93726
92.61679424,-0.605824,-0.605824,0.866301,-0.504461,-7.22508
92.62761052,-1.436,-1.436,0.0775439,-1.32802,-7.27567
92.63264057,-1.8259,-1.8259,-0.297028,-1.71538,-7.27597
92.63439176,-1.96205,-1.96205,-0.428487,-1.85082,-7.27231
92.63506686,-2.01453,-2.01453,-0.479342,-1.90303,-7.2709
92.63587717,-2.07753,-2.07753,-0.540382,-1.9657,-7.26812
92.63739594,-2.1956,-2.1956,-0.65512,-2.08316,-7.26289
92.64014911,-2.40939,-2.40939,-0.863904,-2.29609,-7.24947
92.6456446,-2.834,-2.834,-1.28329,-2.71966,-7.21008
92.64871714,-3.06965,-3.06965,-1.51909,-2.95511,-7.18077
92.65199699,-3.31926,-3.31926,-1.77163,-3.20484,-7.14379
92.65278874,-3.37908,-3.37908,-1.83259,-3.26474,-7.13379
92.65371358,-3.44896,-3.44896,-1.90392,-3.33472,-7.12211
92.65625808,-3.63972,-3.63972,-2.10016,-3.52592,-7.08704
92.65853369,-3.80857,-3.80857,-2.27566,-3.69533,-7.05276
92.66308493,-4.14036,-4.14036,-2.62559,-4.02865,-6.97599
92.67218739,-4.77284,-4.77284,-3.31544,-4.6655,-6.79036
92.67892532,-5.20814,-5.20814,-3.81223,-5.1047,-6.62595
92.68197752,-5.39483,-5.39483,-4.03225,-5.29325,-6.54405
92.68363018,-5.49292,-5.49292,-4.14981,-5.39238,-6.49717
92.68518628,-5.58327,-5.58327,-4.25933,-5.48373,-6.45303
92.68687477,-5.67908,-5.67908,-4.37677,-5.58065,-6.40314
92.68857503,-5.77325,-5.77325,-4.49342,-5.67596,-6.35154
92.69197556,-5.9548,-5.9548,-4.72142,-5.85986,-6.24425
92.69877662,-6.29181,-6.29181,-5.15257,-6.20163,-6.01374
92.70119218,-6.40328,-6.40328,-5.29729,-6.31481,-5.92681
92.7033824,-6.50072,-6.50072,-5.42452,-6.4138,-5.84574
92.70536699,-6.58606,-6.58606,-5.53652,-6.50055,-5.77046
92.70754162,-6.67638,-6.67638,-5.65571,-6.59244,-5.686
92.7118909,-6.84716,-6.84716,-5.88339,-6.76639,-5.51103
92.72058944,-7.14966,-7.14966,-6.29771,-7.0755,-5.13768
92.73052751,-7.43233,-7.43233,-6.70652,-7.36623,-4.67464
92.74272201,-7.68883,-7.68883,-7.11686,-7.63335,-4.05676
92.75800372,-7.87254,-7.87254,-7.49229,-7.83134,-3.2121
92.7811901,-7.86921,-7.86921,-7.77538,-7.85094,-1.80307
92.81867801,-7.19916,-7.19916,-7.54458,-7.21664,0.706291
92.8312602,-6.79848,-6.79848,-7.28304,-6.82692,1.59227
92.83542752,-6.6471,-6.6471,-7.17668,-6.67898,1.88839
92.83777172,-6.55804,-6.55804,-7.11266,-6.5918,2.05496
92.84044404,-6.45319,-6.45319,-7.03612,-6.48905,2.24454
92.84578868,-6.23322,-6.23322,-6.87191,-6.27307,2.62126
92.85228309,-5.94801,-5.94801,-6.65283,-5.99231,3.07209
92.85698691,-5.72949,-5.72949,-6.48106,-5.77675,3.3922
92.86199045,-5.48638,-5.48638,-6.28659,-5.53659,3.72487
92.86694547,-5.23513,-5.23513,-6.08237,-5.28813,4.04443
92.87685553,-4.70299,-4.70299,-5.64068,-4.76134,4.64429
92.88203481,-4.40969,-4.40969,-5.39272,-4.47081,4.93367
92.88461171,-4.26001,-4.26001,-5.26507,-4.32252,5.07082
92.88707396,-4.11473,-4.11473,-5.14053,-4.17859,5.19735
92.88912364,-3.99216,-3.99216,-5.03498,-4.05715,5.2993
92.89129517,-3.86071,-3.86071,-4.92131,-3.92693,5.40399
92.89560721,-3.595,-3.595,-4.69015,-3.66371,5.60207
92.90162887,-3.21392,-3.21392,-4.3556,-3.28625,5.85752
92.91367218,-2.41955,-2.41955,-3.64809,-2.49956,6.29748
92.92458087,-1.66642,-1.66642,-2.96628,-1.75373,6.61647
92.9417188,-0.429663,-0.429663,-1.82679,-0.528833,6.96925
92.96334991,1.19885,1.19885,-0.29159,1.08596,7.16323
92.97112541,1.79708,1.79708,0.283395,1.68045,7.16555
92.97325521,1.96177,1.96177,0.442813,1.84432,7.1595
92.97413309,2.02965,2.02965,0.508738,1.91187,7.157
92.97496647,2.09409,2.09409,0.571426,1.97599,7.15333
92.97661786,2.22179,2.22179,0.695924,2.10308,7.14604
92.97986909,2.47273,2.47273,0.942025,2.3533,7.12645
92.98530286,2.88952,2.88952,1.35583,2.76946,7.08056
92.9880511,3.09867,3.09867,1.56612,2.97863,7.05113
92.99150927,3.35967,3.35967,1.83143,3.24,7.00822
92.99237203,3.42425,3.42425,1.89763,3.30474,6.99628
92.99330417,3.49402,3.49402,1.96921,3.37469,6.98339
92.99462494,3.59229,3.59229,2.07063,3.47327,6.96401
92.99667521,3.74373,3.74373,2.22808,3.6253,6.93207
93.00056044,4.02645,4.02645,2.52571,3.90948,6.86544
93.0083309,4.57069,4.57069,3.11476,4.45775,6.70861
93.0143526,4.96889,4.96889,3.56208,4.85981,6.56585
93.01585803,5.06422,5.06422,3.6721,4.95621,6.52672
93.01917356,5.26925,5.26925,3.9119,5.1636,6.43736
93.02055347,5.35232,5.35232,4.01041,5.24764,6.39854
93.02089873,5.37277,5.37277,4.03506,5.26834,6.38882
93.02122719,5.39223,5.39223,4.0583,5.28803,6.37958
93.02155825,5.41184,5.41184,4.08173,5.30788,6.36998
93.02200427,5.43784,5.43784,4.11329,5.3342,6.35704
93.02279225,5.48377,5.48377,4.16854,5.3807,6.33419
93.02355787,5.52741,5.52741,4.22223,5.4249,6.31135
93.02466567,5.59055,5.59055,4.29915,5.48885,6.2783
93.02688127,5.71313,5.71313,4.45096,5.61309,6.21004
93.03041642,5.90066,5.90066,4.68701,5.80334,6.09635
93.03306779,6.03438,6.03438,4.8583,5.93914,6.00692
93.03660295,6.20504,6.20504,5.07903,6.11258,5.883
93.03892812,6.31236,6.31236,5.21897,6.22173,5.79848
93.04073689,6.39314,6.39314,5.32477,6.30393,5.73106
93.04166136,6.43291,6.43291,5.3778,6.34443,5.69566
93.0435103,6.51246,6.51246,5.48179,6.42542,5.62488
93.04681325,6.64744,6.64744,5.66086,6.56301,5.49407
93.05341916,6.89453,6.89453,5.99437,6.81541,5.21861
93.06410115,7.23049,7.23049,6.46748,7.16037,4.73584
93.07395994,7.47175,7.47175,6.83396,7.41043,4.25137
93.08783547,7.70152,7.70152,7.23897,7.65335,3.51135
93.10569314,7.8131,7.8131,7.57399,7.78283,2.46981
93.13590556,7.55514,7.55514,7.68263,7.55558,0.525665
93.15436672,7.1349,7.1349,7.47625,7.15325,-0.751039
93.16298887,6.87341,6.87341,7.31137,6.89963,-1.36363
93.16546125,6.79096,6.79096,7.25621,6.81938,-1.54079
93.16664716,6.74992,6.74992,7.22816,6.77937,-1.62577
93.16777385,6.71093,6.71093,7.20151,6.74135,-1.70663
93.17002725,6.63031,6.63031,7.14538,6.66266,-1.86835
93.17453404,6.46145,6.46145,7.02491,6.49749,-2.19122
93.18354762,6.09411,6.09411,6.75192,6.13698,-2.83012
93.18909681,5.84885,5.84885,6.56305,5.89551,-3.21629
93.19643886,5.50293,5.50293,6.28964,5.55419,-3.71372
93.20194821,5.22786,5.22786,6.06736,5.28234,-4.07386
93.20796698,4.91281,4.91281,5.80832,4.97067,-4.45077
93.2130805,4.63365,4.63365,5.57534,4.69432,-4.75482
93.21731294,4.39488,4.39488,5.37379,4.45789,-4.99354
93.21910358,4.2918,4.2918,5.28619,4.35581,-5.09076
93.22052407,4.20883,4.20883,5.21532,4.27364,-5.1662
93.2218555,4.13106,4.13106,5.14891,4.19663,-5.23555
93.22330324,4.0454,4.0454,5.07542,4.11179,-5.30947
93.22601915,3.88269,3.88269,4.93525,3.95066,-5.44402
93.23145096,3.54968,3.54968,4.64612,3.62089,-5.69763
93.24231458,2.85522,2.85522,4.03447,2.93331,-6.14577
93.25252427,2.17071,2.17071,3.4216,2.25566,-6.49757
93.26787536,1.09136,1.09136,2.43817,1.18706,-6.90412
93.28259963,0.00862147,0.00862147,1.43356,0.114843,-7.15894
93.29547239,-0.967958,-0.967958,0.513227,-0.852801,-7.27556
93.30232655,-1.4966,-1.4966,0.00910785,-1.37723,-7.29785
93.30599907,-1.78165,-1.78165,-0.264586,-1.66018,-7.29857
93.30723012,-1.8772,-1.8772,-0.356853,-1.75535,-7.2968
93.30797568,-1.93518,-1.93518,-0.412851,-1.81299,-7.29573
93.30888127,-2.00561,-2.00561,-0.480983,-1.88299,-7.29339
93.31002741,-2.09474,-2.09474,-0.567386,-1.9716,-7.29043
93.31141452,-2.20261,-2.20261,-0.672203,-2.0789,-7.2855
93.31361835,-2.37381,-2.37381,-0.839271,-2.24939,-7.27542
93.31793709,-2.7082,-2.7082,-1.16837,-2.58276,-7.2478
93.32152447,-2.98425,-2.98425,-1.44323,-2.85841,-7.21698
93.32402792,-3.17539,-3.17539,-1.63584,-3.04954,-7.19128
93.32517633,-3.26307,-3.26307,-1.72419,-3.13722,-7.17814
93.32582786,-3.31246,-3.31246,-1.77432,-3.18666,-7.17068
93.32682082,-3.38773,-3.38773,-1.85088,-3.26201,-7.1583
93.32777091,-3.4593,-3.4593,-1.92415,-3.33372,-7.14646
93.32888538,-3.54325,-3.54325,-2.01008,-3.41782,-7.13123
93.33031197,-3.64999,-3.64999,-2.12009,-3.52485,-7.11172
93.33276554,-3.83203,-3.83203,-2.30928,-3.70751,-7.0749
93.33767268,-4.18912,-4.18912,-2.68629,-4.06636,-6.99172
93.34748696,-4.866,-4.866,-3.4275,-4.7483,-6.78806
93.35405163,-5.28474,-5.28474,-3.90838,-5.17111,-6.62468
93.35699404,-5.46238,-5.46238,-4.11893,-5.35071,-6.54449
93.3587945,-5.56776,-5.56776,-4.24592,-5.45732,-6.49333
93.36050787,-5.66563,-5.66563,-4.36528,-5.55639,-6.4432
93.36231353,-5.76621,-5.76621,-4.48933,-5.65827,-6.38885
93.36568976,-5.94741,-5.94741,-4.71597,-5.84194,-6.28309
93.36822193,-6.07704,-6.07704,-4.8807,-5.97346,-6.19997
93.37187166,-6.25597,-6.25597,-5.11023,-6.15514,-6.07529
93.37319362,-6.31824,-6.31824,-5.19087,-6.2184,-6.02847
93.37354519,-6.3348,-6.3348,-5.21196,-6.23523,-6.01602
93.37386922,-6.34969,-6.34969,-5.2314,-6.25035,-6.00454
93.37439461,-6.37381,-6.37381,-5.26291,-6.27487,-5.98545
93.37517899,-6.40984,-6.40984,-5.30906,-6.31148,-5.95696
93.37596219,-6.44477,-6.44477,-5.35514,-6.347,-5.92851
93.37725314,-6.50234,-6.50234,-5.42959,-6.40554,-5.88064
93.37983504,-6.61322,-6.61322,-5.57449,-6.51836,-5.78271
93.38414256,-6.78779,-6.78779,-5.80484,-6.69621,-5.61291
93.39275761,-7.09841,-7.09841,-6.22484,-7.01366,-5.25007
93.40230858,-7.38354,-7.38354,-6.62953,-7.30682,-4.81308
93.41372665,-7.6439,-7.6439,-7.03194,-7.57746,-4.24567
93.4279677,-7.84801,-7.84801,-7.41253,-7.79535,-3.47495
93.45007538,-7.90824,-7.90824,-7.74356,-7.87835,-2.15864
93.48375522,-7.4386,-7.4386,-7.66987,-7.44338,0.059871
93.5024729,-6.90157,-6.90157,-7.34071,-6.9242,1.36655
93.51153864,-6.57443,-6.57443,-7.1104,-6.60503,2.00752
93.51475475,-6.44824,-6.44824,-7.0179,-6.48154,2.2349
93.51773167,-6.32691,-6.32691,-6.9274,-6.36262,2.44472
93.52368552,-6.07172,-6.07172,-6.73279,-6.11198,2.86022
93.52833527,-5.86108,-5.86108,-6.56844,-5.90465,3.17949
93.5343047,-5.57657,-5.57657,-6.34197,-5.62411,3.58007
93.53904544,-5.33967,-5.33967,-6.15001,-5.39017,3.88895
93.54525094,-5.01549,-5.01549,-5.88308,-5.06973,4.27761
93.5517699,-4.65845,-4.65845,-5.58418,-4.71652,4.66269
93.55700682,-4.35986,-4.35986,-5.33076,-4.42102,4.95194
93.55933171,-4.22403,-4.22403,-5.21454,-4.28657,5.07422
93.56147359,-4.09717,-4.09717,-5.1055,-4.161,5.18338
93.56363687,-3.9674,-3.9674,-4.99348,-4.03254,5.29023
93.56601198,-3.82306,-3.82306,-4.86836,-3.88968,5.40367
93.57076219,-3.52875,-3.52875,-4.61156,-3.59838,5.61875
93.58006363,-2.93195,-2.93195,-4.08461,-3.00776,5.99624
93.59125832,-2.18066,-2.18066,-3.41088,-2.26429,6.37651
93.60494103,-1.21947,-1.21947,-2.53448,-1.31305,6.73461
93.6215701,0.000838411,0.000838411,-1.40165,-0.105035,7.01578
93.63487271,1.00933,1.00933,-0.449811,0.893959,7.12162
93.64173128,1.53756,1.53756,0.0547701,1.4179,7.1355
93.64533253,1.81652,1.81652,0.323037,1.69489,7.13186
93.64639099,1.89851,1.89851,0.402293,1.77631,7.12913
93.64714756,1.95712,1.95712,0.459048,1.83465,7.12719
93.64805386,2.02739,2.02739,0.527143,1.90455,7.12384
93.6492661,2.12139,2.12139,0.618402,1.99804,7.11936
93.65079119,2.23965,2.23965,0.73349,2.11566,7.11216
93.65329187,2.43323,2.43323,0.922825,2.30842,7.09752
93.65829323,2.81853,2.81853,1.30352,2.69266,7.05778
93.66152248,3.06546,3.06546,1.55052,2.93932,7.02478
93.66516829,3.34184,3.34184,1.83025,3.21581,6.98066
93.66609102,3.41122,3.41122,1.90105,3.2853,6.96813
93.66696523,3.47695,3.47695,1.9682,3.35113,6.95626
93.66825504,3.57338,3.57338,2.06727,3.44777,6.93701
93.67017897,3.71625,3.71625,2.21505,3.59106,6.90829
93.67375471,3.97829,3.97829,2.48916,3.85418,6.84847
93.68090619,4.48526,4.48526,3.03261,4.36432,6.70883
93.68794049,4.95619,4.95619,3.55641,4.83939,6.54597
93.69363394,5.31296,5.31296,3.96884,5.19989,6.39603
93.69601925,5.45528,5.45528,4.13795,5.34386,6.32846
93.69758079,5.546,5.546,4.24727,5.43568,6.28216
93.69907855,5.63114,5.63114,4.35097,5.52191,6.23776
93.70066861,5.71954,5.71954,4.45971,5.61147,6.18885
93.70370055,5.8825,5.8825,4.66285,5.7767,6.0923
93.70976441,6.18724,6.18724,5.04998,6.08607,5.88645
93.71216757,6.30035,6.30035,5.19581,6.20102,5.80022
93.71356501,6.36417,6.36417,5.27851,6.26591,5.74847
93.71488651,6.4232,6.4232,5.35526,6.32596,5.69954
93.71646157,6.49193,6.49193,5.44487,6.39589,5.63971
93.71812893,6.56275,6.56275,5.53755,6.46799,5.5752
93.72146363,6.69849,6.69849,5.71642,6.60631,5.44258
93.72813303,6.94664,6.94664,6.04922,6.85974,5.16332
93.73859846,7.27419,7.27419,6.50735,7.19603,4.689
93.74880416,7.52187,7.52187,6.88117,7.45277,4.1862
93.76290604,7.74967,7.74967,7.28248,7.69397,3.43137
93.78131307,7.85257,7.85257,7.60991,7.81546,2.35311
93.8045619,7.68132,7.68132,7.71586,7.66837,0.86629
93.82336115,7.30917,7.30917,7.55984,7.31529,-0.417346
93.83366876,7.02029,7.02029,7.38563,7.03637,-1.1443
93.83910119,6.84476,6.84476,7.26926,6.86587,-1.53174
93.84097602,6.78053,6.78053,7.22524,6.80334,-1.66594
93.84271689,6.71926,6.71926,7.18261,6.74362,-1.79055
93.84619862,6.5921,6.5921,7.09242,6.61948,-2.03977
93.85316209,6.31975,6.31975,6.89266,6.35288,-2.53539
93.86063628,6.00152,6.00152,6.65021,6.04027,-3.05925
93.86546343,5.78213,5.78213,6.47854,5.82423,-3.39109
93.8711122,5.51208,5.51208,6.26306,5.55786,-3.77018
93.87705746,5.2129,5.2129,6.01977,5.26236,-4.15531
93.88727586,4.66482,4.66482,5.56387,4.72041,-4.77234
93.89156126,4.42262,4.42262,5.35884,4.48077,-5.0118
93.89386549,4.28948,4.28948,5.2453,4.34901,-5.13533
93.89608231,4.15952,4.15952,5.13395,4.2204,-5.25054
93.89807909,4.04093,4.04093,5.0319,4.10304,-5.35123
93.90029545,3.90763,3.90763,4.91673,3.97113,-5.45964
93.90472817,3.63596,3.63596,4.68053,3.7023,-5.66615
93.91308604,3.10619,3.10619,4.21478,3.17814,-6.01964
93.92502434,2.31303,2.31303,3.50632,2.39344,-6.44629
93.93741951,1.44902,1.44902,2.72156,1.53862,-6.79456
93.95441591,0.208823,0.208823,1.57493,0.311331,-7.11936
93.96935976,-0.923387,-0.923387,0.509366,-0.8098,-7.26217
93.97712418,-1.52316,-1.52316,-0.0627482,-1.40454,-7.28451
93.98105087,-1.82864,-1.82864,-0.356321,-1.70763,-7.28249
93.98214601,-1.91384,-1.91384,-0.438672,-1.79246,-7.28013
93.98285341,-1.96887,-1.96887,-0.492015,-1.84725,-7.2786
93.9837644,-2.03984,-2.03984,-0.56071,-1.91782,-7.27559
93.98504918,-2.13993,-2.13993,-0.657861,-2.01733,-7.27135
93.98685625,-2.28071,-2.28071,-0.794888,-2.1573,-7.26335
93.98996859,-2.52266,-2.52266,-1.03186,-2.39824,-7.24528
93.99440796,-2.86606,-2.86606,-1.37171,-2.7407,-7.2102
93.99690144,-3.05775,-3.05775,-1.56341,-2.93214,-7.18572
93.99997516,-3.29247,-3.29247,-1.80037,-3.1668,-7.15087
94.00083693,-3.35782,-3.35782,-1.8668,-3.23221,-7.13996
94.00176055,-3.42787,-3.42787,-1.93812,-3.3023,-7.12827
94.00450766,-3.63451,-3.63451,-2.15022,-3.5093,-7.09015
94.00718065,-3.83328,-3.83328,-2.35644,-3.70864,-7.04918
94.01252662,-4.22243,-4.22243,-2.76716,-4.09955,-6.95599
94.02321855,-4.95508,-4.95508,-3.57153,-4.83737,-6.72561
94.02962032,-5.35818,-5.35818,-4.03667,-5.24415,-6.56021
94.03253235,-5.53165,-5.53165,-4.24303,-5.41942,-6.47828
94.0353484,-5.69308,-5.69308,-4.43866,-5.58267,-6.39516
94.03770002,-5.82308,-5.82308,-4.59866,-5.71423,-6.32285
94.04029838,-5.96169,-5.96169,-4.77146,-5.85462,-6.23993
94.0454951,-6.2236,-6.2236,-5.10265,-6.12012,-6.06477
94.04754428,-6.32135,-6.32135,-5.22763,-6.21929,-5.99174
94.04877652,-6.37811,-6.37811,-5.30117,-6.27692,-5.94783
94.04996099,-6.43268,-6.43268,-5.3707,-6.33231,-5.90401
94.05155834,-6.50397,-6.50397,-5.46267,-6.40471,-5.84492
94.05329107,-6.57924,-6.57924,-5.56012,-6.48121,-5.77911
94.05675654,-6.72345,-6.72345,-5.74805,-6.62787,-5.64358
94.06368747,-6.9868,-6.9868,-6.0972,-6.89629,-5.35733
94.07385436,-7.31347,-7.31347,-6.54772,-7.2309,-4.90234
94.08412449,-7.57244,-7.57244,-6.93075,-7.4985,-4.40255
94.09785437,-7.80912,-7.80912,-7.33269,-7.74766,-3.67627
94.11620562,-7.93478,-7.93478,-7.67764,-7.89129,-2.61329
94.14720691,-7.67813,-7.67813,-7.78093,-7.66616,-0.627274
94.16665378,-7.23215,-7.23215,-7.55055,-7.23937,0.713818
94.17584851,-6.94834,-6.94834,-7.36524,-6.96417,1.36566
94.17945894,-6.82452,-6.82452,-7.27941,-6.84363,1.62373
94.18086405,-6.77403,-6.77403,-7.24357,-6.79439,1.72417
94.18215983,-6.72747,-6.72747,-7.21051,-6.74897,1.81688
94.18475139,-6.63091,-6.63091,-7.1407,-6.65465,2.0023
94.18993451,-6.42791,-6.42791,-6.99048,-6.45597,2.3717
94.20030075,-5.9839,-5.9839,-6.64885,-6.0198,3.09771
94.2060381,-5.717,-5.717,-6.43673,-5.75682,3.48892
94.21191055,-5.42885,-5.42885,-6.20319,-5.47243,3.87799
94.21871903,-5.07664,-5.07664,-5.91235,-5.12436,4.31006
94.22489685,-4.74091,-4.74091,-5.63044,-4.79228,4.68036
94.22996682,-4.45435,-4.45435,-5.38668,-4.50873,4.96601
94.23213147,-4.32905,-4.32905,-5.27928,-4.38472,5.08254
94.23377651,-4.23268,-4.23268,-5.19585,-4.28934,5.1688
94.23526455,-4.14467,-4.14467,-5.12038,-4.20182,5.24509
94.23684257,-4.05048,-4.05048,-5.03884,-4.10901,5.3242
94.2399986,-3.85951,-3.85951,-4.87278,-3.92001,5.47698
94.24631067,-3.46763,-3.46763,-4.52916,-3.53221,5.76169
94.25644229,-2.81269,-2.81269,-3.94723,-2.8842,6.16302
94.26772173,-2.04933,-2.04933,-3.25845,-2.12898,6.53189
94.28174748,-1.05647,-1.05647,-2.34811,-1.14664,6.8793
94.29940388,0.248715,0.248715,-1.12978,0.145094,7.1457
94.31201175,1.20972,1.20972,-0.217823,1.09705,7.22175
94.3177245,1.65087,1.65087,0.205492,1.53465,7.22537
94.31974652,1.80772,1.80772,0.356693,1.69036,7.22164
94.3205111,1.86703,1.86703,0.414039,1.74923,7.22023
94.32128005,1.92668,1.92668,0.471801,1.80845,7.21779
94.32229846,2.00568,2.00568,0.548431,1.88699,7.21457
94.32345168,2.09514,2.09514,0.635375,1.97593,7.20951
94.32483279,2.20228,2.20228,0.739732,2.08244,7.20344
94.32705403,2.37441,2.37441,0.908069,2.25375,7.19069
94.33148514,2.7165,2.7165,1.24551,2.59459,7.15699
94.33488805,2.97754,2.97754,1.50589,2.85506,7.12369
94.33811169,3.22301,3.22301,1.75339,3.10032,7.08625
94.33884049,3.27814,3.27814,1.80934,3.15546,7.0768
94.33979342,3.35023,3.35023,1.88263,3.22755,7.06445
94.3419623,3.51322,3.51322,2.04942,3.3907,7.03408
94.34360538,3.63579,3.63579,2.17578,3.51349,7.00938
94.34654809,3.85308,3.85308,2.40181,3.73136,6.96153
94.35243352,4.27711,4.27711,2.85133,4.15726,6.85213
94.36420436,5.06675,5.06675,3.72646,4.95244,6.58004
94.36876187,5.34815,5.34815,4.05375,5.23636,6.45594
94.37128511,5.4973,5.4973,4.23136,5.38697,6.38282
94.37371043,5.63588,5.63588,4.39914,5.52701,6.30962
94.37572179,5.74721,5.74721,4.53584,5.6396,6.24678
94.37788183,5.86319,5.86319,4.67992,5.75696,6.17716
94.38220191,6.08432,6.08432,4.95856,5.98092,6.03139
94.38504492,6.22214,6.22214,5.13441,6.12061,5.93078
94.38720998,6.32306,6.32306,5.26408,6.22296,5.85169
94.38906395,6.40675,6.40675,5.37205,6.30788,5.7823
94.3902041,6.45699,6.45699,5.43704,6.35888,5.7383
94.39244502,6.55302,6.55302,5.56175,6.4564,5.65182
94.39692688,6.73442,6.73442,5.79947,6.64082,5.47124
94.40589058,7.05519,7.05519,6.23051,6.96791,5.0849
94.41540324,7.33514,7.33514,6.62571,7.25505,4.63977
94.42692958,7.59226,7.59226,7.02155,7.52156,4.05497
94.44109307,7.78737,7.78737,7.38636,7.72916,3.27392
94.46366253,7.83221,7.83221,7.69822,7.79532,1.90691
94.49709148,7.33692,7.33692,7.58191,7.33162,-0.326241
94.51120227,6.93597,6.93597,7.3331,6.94322,-1.32278
94.51970085,6.64259,6.64259,7.12854,6.65694,-1.92984
94.52255274,6.53566,6.53566,7.05089,6.55229,-2.1337
94.52516593,6.43407,6.43407,6.97588,6.45274,-2.3205
94.53039233,6.22091,6.22091,6.81511,6.24346,-2.6913
94.53619261,5.96915,5.96915,6.62023,5.99571,-3.097
94.54099908,5.74875,5.74875,6.44592,5.77841,-3.42689
94.54591471,5.51263,5.51263,6.25593,5.54527,-3.75654
94.55063681,5.27591,5.27591,6.06252,5.3113,-4.06413
94.56008099,4.77483,4.77483,5.645,4.81558,-4.64402
94.56645055,4.4169,4.4169,5.34104,4.46128,-5.00357
94.56942278,4.24455,4.24455,5.1932,4.29064,-5.16189
94.57217437,4.08207,4.08207,5.05303,4.12979,-5.30281
94.57508103,3.90749,3.90749,4.90159,3.95696,-5.44579
94.5782251,3.71533,3.71533,4.73397,3.76674,-5.59378
94.58451324,3.3211,3.3211,4.38729,3.37655,-5.86967
94.59421288,2.68878,2.68878,3.82413,2.75081,-6.24457
94.60675658,1.83171,1.83171,3.04874,1.90275,-6.64099
94.6210056,0.811527,0.811527,2.11029,0.89327,-6.97326
94.64260134,-0.80632,-0.80632,0.591943,-0.708362,-7.24432
94.65313837,-1.61823,-1.61823,-0.185061,-1.51374,-7.27676
94.65800687,-1.99648,-1.99648,-0.550962,-1.88931,-7.27
94.65967616,-2.12617,-2.12617,-0.677326,-2.01842,-7.26455
94.66125149,-2.24857,-2.24857,-0.796948,-2.14026,-7.25727
94.66280022,-2.3689,-2.3689,-0.914871,-2.26005,-7.25011
94.66589767,-2.60902,-2.60902,-1.15158,-2.49926,-7.23041
94.66913402,-2.85877,-2.85877,-1.39998,-2.74835,-7.20413
94.67160133,-3.04813,-3.04813,-1.58997,-2.93741,-7.18022
94.67438998,-3.26079,-3.26079,-1.80525,-3.14994,-7.14919
94.67527037,-3.32749,-3.32749,-1.87322,-3.21666,-7.13829
94.67621851,-3.39931,-3.39931,-1.94651,-3.2885,-7.12655
94.67902329,-3.61004,-3.61004,-2.16332,-3.49948,-7.08832
94.68183097,-3.81849,-3.81849,-2.38017,-3.7084,-7.04584
94.68744634,-4.22608,-4.22608,-2.81181,-4.11753,-6.94844
94.69867707,-4.98993,-4.98993,-3.65502,-4.88595,-6.70518
94.70352088,-5.29456,-5.29456,-4.00719,-5.19287,-6.58067
94.70611925,-5.4509,-5.4509,-4.19241,-5.35052,-6.50909
94.70775104,-5.54638,-5.54638,-4.30716,-5.44685,-6.46184
94.70933329,-5.63692,-5.63692,-4.41712,-5.53823,-6.41602
94.71099779,-5.72998,-5.72998,-4.53129,-5.63221,-6.36588
94.71432678,-5.90957,-5.90957,-4.75451,-5.81369,-6.26168
94.71682353,-6.03815,-6.03815,-4.91673,-5.94374,-6.17984
94.72015253,-6.20282,-6.20282,-5.12622,-6.11038,-6.06656
94.72231101,-6.30532,-6.30532,-5.25747,-6.21416,-5.99048
94.7239878,-6.38263,-6.38263,-5.35682,-6.29246,-5.92993
94.72496546,-6.42617,-6.42617,-5.41368,-6.33659,-5.89369
94.72668037,-6.50255,-6.50255,-5.51155,-6.41399,-5.83011
94.73011018,-6.64789,-6.64789,-5.70038,-6.56139,-5.69836
94.73696981,-6.91396,-6.91396,-6.05162,-6.83174,-5.41987
94.74735784,-7.2554,-7.2554,-6.51964,-7.18013,-4.96165
94.75717938,-7.511,-7.511,-6.8937,-7.44289,-4.48999
94.77058388,-7.7563,-7.7563,-7.2999,-7.69884,-3.79062
94.78774539,-7.89996,-7.89996,-7.64801,-7.85735,-2.81116
94.81793055,-7.71182,-7.71182,-7.80964,-7.69673,-0.903964
94.83923985,-7.25869,-7.25869,-7.59189,-7.26262,0.553405
94.84973664,-6.94271,-6.94271,-7.38741,-6.9555,1.29514
94.86017421,-6.57161,-6.57161,-7.1236,-6.59256,2.03722
94.86300662,-6.46134,-6.46134,-7.04179,-6.48438,2.23859
94.86579728,-6.34885,-6.34885,-6.95706,-6.37389,2.43645
94.87137861,-6.11281,-6.11281,-6.77559,-6.14162,2.82881
94.87638789,-5.88872,-5.88872,-6.59938,-5.92065,3.17561
94.88230988,-5.60933,-5.60933,-6.37522,-5.64468,3.57651
94.88717981,-5.36819,-5.36819,-6.17833,-5.40616,3.89688
94.89233506,-5.10209,-5.10209,-5.95791,-5.14272,4.22467
94.90264555,-4.53841,-4.53841,-5.48176,-4.58427,4.83404
94.90664983,-4.3085,-4.3085,-5.28446,-4.35641,5.05213
94.90903712,-4.16861,-4.16861,-5.16363,-4.21776,5.17677
94.91131935,-4.03297,-4.03297,-5.04593,-4.08333,5.29204
94.91363536,-3.89346,-3.89346,-4.92436,-3.94507,5.40514
94.91746969,-3.6585,-3.6585,-4.71849,-3.71223,5.58403
94.92513836,-3.17436,-3.17436,-4.29016,-3.23258,5.91174
94.9354919,-2.49283,-2.49283,-3.67889,-2.55751,6.29294
94.94792244,-1.6367,-1.6367,-2.89907,-1.70963,6.66054
94.96279119,-0.566449,-0.566449,-1.90815,-0.649715,6.97436
94.98147732,0.833195,0.833195,-0.588242,0.73696,7.17945
94.990696,1.54018,1.54018,0.0894298,1.43848,7.20432
94.9951541,1.88467,1.88467,0.422597,1.78056,7.19854
94.99643465,1.98363,1.98363,0.518902,1.87911,7.19445
94.99724675,2.04638,2.04638,0.580149,1.94161,7.19186
94.99805545,2.10894,2.10894,0.64114,2.00385,7.18824
94.99967286,2.23405,2.23405,0.76347,2.12833,7.18099
95.00290767,2.48378,2.48378,1.00908,2.37708,7.16133
95.00761001,2.84486,2.84486,1.36805,2.73724,7.12232
95.010201,3.04248,3.04248,1.56667,2.93464,7.09558
95.01340567,3.28516,3.28516,1.81297,3.1773,7.0574
95.0142816,3.351,3.351,1.88029,3.24321,7.04577
95.01519954,3.42,3.42,1.95092,3.31227,7.03358
95.01808449,3.63498,3.63498,2.1729,3.52764,6.99162
95.02101132,3.8503,3.8503,2.39781,3.7436,6.9445
95.02686497,4.27047,4.27047,2.84512,4.16568,6.8367
95.03857228,5.05296,5.05296,3.71616,4.95348,6.5684
95.04308347,5.33056,5.33056,4.0405,5.23339,6.44657
95.045575,5.47739,5.47739,4.21615,5.38157,6.37498
95.04797822,5.61434,5.61434,4.38271,5.51986,6.30306
95.04996707,5.72416,5.72416,4.51817,5.63084,6.24145
95.05209491,5.83818,5.83818,4.66047,5.74612,6.17346
95.05635059,6.05571,6.05571,4.93591,5.96626,6.03114
95.0594209,6.2041,6.2041,5.12637,6.11656,5.92326
95.0607234,6.26476,6.26476,5.20496,6.17803,5.87598
95.06105751,6.28032,6.28032,5.22474,6.1938,5.86385
95.06143677,6.2975,6.2975,5.2472,6.21122,5.85008
95.06219529,6.33188,6.33188,5.2921,6.24607,5.82196
95.06290498,6.36404,6.36404,5.33319,6.27868,5.79565
95.06388313,6.40738,6.40738,5.38982,6.32262,5.75843
95.06583944,6.49199,6.49199,5.50016,6.40845,5.68399
95.06895604,6.62116,6.62116,5.66971,6.53958,5.56129
95.07518926,6.85907,6.85907,5.98679,6.78151,5.30346
95.08470376,7.17042,7.17042,6.41675,7.09936,4.87923
95.09478924,7.43308,7.43308,6.80371,7.36943,4.39105
95.10775016,7.67054,7.67054,7.19998,7.61719,3.70978
95.12481726,7.81562,7.81562,7.55248,7.7769,2.72971
95.15327287,7.65399,7.65399,7.72775,7.64075,0.924673
95.17493243,7.21096,7.21096,7.52965,7.21656,-0.561632
95.18528987,6.9058,6.9058,7.33719,6.91989,-1.29707
95.1955437,6.54787,6.54787,7.08737,6.56973,-2.03033
95.19833635,6.44098,6.44098,7.00929,6.46483,-2.23004
95.20108069,6.33215,6.33215,6.92848,6.3579,-2.42591
95.20656938,6.10362,6.10362,6.7551,6.13294,-2.8146
95.21154814,5.88406,5.88406,6.58449,5.91637,-3.16215
95.21768096,5.59812,5.59812,6.35737,5.63382,-3.58093
95.22262775,5.35537,5.35537,6.16085,5.39363,-3.90919
95.22789972,5.08518,5.08518,5.93869,5.12604,-4.24729
95.23844366,4.51127,4.51127,5.45682,4.55726,-4.87513
95.24204664,4.30519,4.30519,5.28094,4.35294,-5.07327
95.24438287,4.16894,4.16894,5.16392,4.21786,-5.19688
95.24661602,4.03684,4.03684,5.04994,4.08689,-5.31132
95.24879886,3.90599,3.90599,4.93655,3.95718,-5.41971
95.25243499,3.68435,3.68435,4.74344,3.73748,-5.59278
95.25970726,3.22792,3.22792,4.34193,3.28513,-5.91197
95.27077276,2.50224,2.50224,3.69419,2.56614,-6.33144
95.28251849,1.69479,1.69479,2.96181,1.76627,-6.69183
95.297965,0.583483,0.583483,1.93668,0.665439,-7.0362
95.31958352,-1.04199,-1.04199,0.405216,-0.945715,-7.27801
95.32784133,-1.67874,-1.67874,-0.205926,-1.57798,-7.29759
95.3322924,-2.02403,-2.02403,-0.540448,-1.92133,-7.29174
95.33378948,-2.14017,-2.14017,-0.653694,-2.03681,-7.28662
95.33517925,-2.24798,-2.24798,-0.759114,-2.14418,-7.28188
95.33707323,-2.3949,-2.3949,-0.903194,-2.2905,-7.27285
95.34086119,-2.68779,-2.68779,-1.19263,-2.58249,-7.24876
95.34415427,-2.941,-2.941,-1.44545,-2.83524,-7.22135
95.34656717,-3.12518,-3.12518,-1.63142,-3.01932,-7.19747
95.34772195,-3.21332,-3.21332,-1.72042,-3.10741,-7.1847
95.34838349,-3.26347,-3.26347,-1.77141,-3.15758,-7.17738
95.34938159,-3.33912,-3.33912,-1.84851,-3.23326,-7.16533
95.35032041,-3.40985,-3.40985,-1.92103,-3.30407,-7.15399
95.35142524,-3.49309,-3.49309,-2.00637,-3.3874,-7.13932
95.35280565,-3.59642,-3.59642,-2.11301,-3.49091,-7.121
95.35515619,-3.77099,-3.77099,-2.29458,-3.6659,-7.08676
95.35985728,-4.1139,-4.1139,-2.65654,-4.01008,-7.00948
95.36925947,-4.76676,-4.76676,-3.36936,-4.66665,-6.82056
95.37602666,-5.20306,-5.20306,-3.86774,-5.10614,-6.65683
95.37906257,-5.38834,-5.38834,-4.08617,-5.29294,-6.57594
95.38071014,-5.48594,-5.48594,-4.20312,-5.39137,-6.52952
95.38226579,-5.57608,-5.57608,-4.31234,-5.48233,-6.48569
95.38407755,-5.67859,-5.67859,-4.43793,-5.58582,-6.43246
95.38583366,-5.77544,-5.77544,-4.55788,-5.68366,-6.37936
95.38934589,-5.96193,-5.96193,-4.79195,-5.87218,-6.26881
95.39198006,-6.09506,-6.09506,-4.96161,-6.00689,-6.1818
95.3945162,-6.21877,-6.21877,-5.12035,-6.13211,-6.09524
95.39634748,-6.30523,-6.30523,-5.23189,-6.21967,-6.03071
95.39698226,-6.33448,-6.33448,-5.26973,-6.2493,-6.00834
95.39767895,-6.36658,-6.36658,-5.31127,-6.28182,-5.98316
95.39856317,-6.40626,-6.40626,-5.36276,-6.32203,-5.9512
95.39970228,-6.45737,-6.45737,-5.42909,-6.37383,-5.90876
95.40198048,-6.55613,-6.55613,-5.55783,-6.47395,-5.82389
95.4062493,-6.73135,-6.73135,-5.78825,-6.6518,-5.65772
95.41478694,-7.04396,-7.04396,-6.20893,-6.9699,-5.30239
95.42434028,-7.33475,-7.33475,-6.61874,-7.26729,-4.86996
95.43551298,-7.59694,-7.59694,-7.01906,-7.53787,-4.3203
95.44950394,-7.80901,-7.80901,-7.40322,-7.76136,-3.57059
95.47126907,-7.88996,-7.88996,-7.74852,-7.86151,-2.28634
95.50384914,-7.47929,-7.47929,-7.7177,-7.48001,-0.15647
95.52272376,-6.96624,-6.96624,-7.41256,-6.98275,1.15822
95.53093893,-6.68294,-6.68294,-7.2164,-6.70582,1.74108
95.53394327,-6.57056,-6.57056,-7.13532,-6.59568,1.95481
95.53674365,-6.46176,-6.46176,-7.05539,-6.48889,2.15403
95.5423444,-6.23284,-6.23284,-6.88328,-6.26379,2.54993
95.54938701,-5.92422,-5.92422,-6.64424,-5.95954,3.04019
95.55413093,-5.70366,-5.70366,-6.46934,-5.74165,3.36389
95.55932405,-5.4509,-5.4509,-6.26541,-5.49163,3.71005
95.56454373,-5.18535,-5.18535,-6.04768,-5.22867,4.04716
95.57498308,-4.62157,-4.62157,-5.57558,-4.66988,4.67747
95.57951346,-4.36379,-4.36379,-5.3559,-4.41426,4.93018
95.58196441,-4.22113,-4.22113,-5.23342,-4.27278,5.06104
95.58397324,-4.10258,-4.10258,-5.13118,-4.15521,5.16502
95.58588629,-3.98836,-3.98836,-5.03229,-4.04194,5.26129
95.58770886,-3.87835,-3.87835,-4.93672,-3.93285,5.35052
95.59135401,-3.65499,-3.65499,-4.74167,-3.71138,5.52189
95.5986443,-3.1954,-3.1954,-4.33655,-3.25576,5.83734
95.60939749,-2.48851,-2.48851,-3.70456,-2.55517,6.23889
95.62118341,-1.678,-1.678,-2.96844,-1.75203,6.5944
95.63602182,-0.612367,-0.612367,-1.98456,-0.69612,6.91947
95.657494,0.995808,0.995808,-0.468834,0.898246,7.15512
95.66600126,1.64875,1.64875,0.158032,1.54674,7.17293
95.67041912,1.98987,1.98987,0.488599,1.88602,7.16556
95.67189318,2.10369,2.10369,0.599593,1.99922,7.16001
95.67327374,2.21029,2.21029,0.703824,2.10542,7.15482
95.67474489,2.32388,2.32388,0.815169,2.21858,7.14748
95.6776872,2.55058,2.55058,1.03863,2.44459,7.12914
95.68204035,2.88414,2.88414,1.37086,2.77757,7.09315
95.68450628,3.07183,3.07183,1.55979,2.96517,7.06811
95.68753682,3.30086,3.30086,1.79255,3.19434,7.03275
95.68839192,3.36501,3.36501,1.85823,3.25859,7.02165
95.68931988,3.43462,3.43462,1.92958,3.32831,7.00961
95.69201573,3.63517,3.63517,2.13688,3.52934,6.97135
95.69459205,3.82461,3.82461,2.33481,3.71944,6.93116
95.69974468,4.19558,4.19558,2.729,4.09222,6.84023
95.71004994,4.8951,4.8951,3.50179,4.79673,6.61727
95.71645353,5.29513,5.29513,3.96616,5.20029,6.4517
95.71935873,5.46675,5.46675,4.17174,5.37363,6.36986
95.72181962,5.60693,5.60693,4.34278,5.51531,6.29733
95.72389547,5.72141,5.72141,4.48455,5.6311,6.23388
95.7260264,5.83537,5.83537,4.62744,5.74644,6.16663
95.73028826,6.05277,6.05277,4.90414,5.96668,6.02574
95.73351659,6.20833,6.20833,5.10492,6.12441,5.91345
95.73503054,6.27813,6.27813,5.19631,6.19523,5.85886
95.73589377,6.31793,6.31793,5.24729,6.23561,5.82773
95.73671304,6.35443,6.35443,5.29568,6.27267,5.7974
95.73776923,6.4015,6.4015,5.35638,6.32044,5.75831
95.73888858,6.45017,6.45017,5.42071,6.36986,5.71559
95.74108782,6.5432,6.5432,5.54322,6.46438,5.63165
95.74548629,6.71902,6.71902,5.77699,6.6432,5.45642
95.75428323,7.03031,7.03031,6.2017,6.96072,5.08168
95.76389264,7.30968,7.30968,6.603,7.24732,4.6369
95.77536904,7.56164,7.56164,6.99941,7.50851,4.06023
95.7894914,7.75196,7.75196,7.36642,7.71102,3.2883
95.81181428,7.7924,7.7924,7.68208,7.77186,1.94719
95.84490365,7.30335,7.30335,7.58306,7.31257,-0.247782
95.85957756,6.88674,6.88674,7.33045,6.90816,-1.27858
95.86755471,6.61147,6.61147,7.14152,6.63906,-1.8464
95.87030464,6.50886,6.50886,7.06816,6.53847,-2.04249
95.87283751,6.41098,6.41098,6.99697,6.4424,-2.22311
95.87790325,6.20583,6.20583,6.84443,6.24069,-2.58216
95.88457472,5.91711,5.91711,6.62337,5.95612,-3.04842
95.88935684,5.69753,5.69753,6.45109,5.73925,-3.37627
95.89441975,5.45392,5.45392,6.25645,5.49833,-3.71558
95.89943917,5.20147,5.20147,6.05137,5.24839,-4.04208
95.90947801,4.66564,4.66564,5.60659,4.71738,-4.65531
95.91453531,4.3806,4.3806,5.36552,4.43477,-4.94097
95.91710049,4.23229,4.23229,5.239,4.28769,-5.07923
95.9193041,4.10293,4.10293,5.1281,4.15942,-5.19422
95.92118919,3.99087,3.99087,5.03163,4.0483,-5.28977
95.92311414,3.87514,3.87514,4.93162,3.93356,-5.3847
95.92696405,3.63985,3.63985,4.72716,3.70028,-5.56673
95.93466387,3.15465,3.15465,4.30116,3.21931,-5.90073
95.94524974,2.45804,2.45804,3.68046,2.52895,-6.29698
95.95753507,1.61111,1.61111,2.91338,1.68973,-6.66826
95.97250664,0.531409,0.531409,1.91849,0.61985,-6.99526
95.99065766,-0.831907,-0.831907,0.63815,-0.731628,-7.21149
95.9997151,-1.52882,-1.52882,-0.0272378,-1.42355,-7.24677
96.00412155,-1.87057,-1.87057,-0.356529,-1.76315,-7.24671
96.00531458,-1.96309,-1.96309,-0.446266,-1.8554,-7.24451
96.0060657,-2.02145,-2.02145,-0.502929,-1.91347,-7.24313
96.00691596,-2.08752,-2.08752,-0.56707,-1.97922,-7.24048
96.00861649,-2.21964,-2.21964,-0.695753,-2.11071,-7.23517
96.0115949,-2.45068,-2.45068,-0.922055,-2.341,-7.22126
96.01755172,-2.91001,-2.91001,-1.37762,-2.79952,-7.17862
96.02026026,-3.11722,-3.11722,-1.58588,-3.00669,-7.15276
96.02371277,-3.37925,-3.37925,-1.85207,-3.269,-7.11398
96.02451946,-3.43998,-3.43998,-1.91427,-3.32986,-7.10377
96.02550337,-3.51405,-3.51405,-1.99021,-3.40408,-7.09132
96.02698663,-3.62502,-3.62502,-2.10469,-3.51536,-7.07124
96.02937943,-3.80254,-3.80254,-2.28937,-3.6935,-7.03638
96.03416502,-4.15104,-4.15104,-2.65748,-4.04369,-6.95759
96.04373621,-4.81321,-4.81321,-3.382,-4.71058,-6.76452
96.05039094,-5.23997,-5.23997,-3.87117,-5.14119,-6.60299
96.05336447,-5.4205,-5.4205,-4.08476,-5.32354,-6.52369
96.05502797,-5.51851,-5.51851,-4.20264,-5.42261,-6.4768
96.05660358,-5.60929,-5.60929,-4.31306,-5.5144,-6.43239
96.05836223,-5.70825,-5.70825,-4.43475,-5.61452,-6.38071
96.06067248,-5.8345,-5.8345,-4.59189,-5.74235,-6.31059
96.06529299,-6.07468,-6.07468,-4.8957,-5.98573,-6.16286
96.06878959,-6.24577,-6.24577,-5.11541,-6.15928,-6.04453
96.07037785,-6.31996,-6.31996,-5.21211,-6.23459,-5.98861
96.07131472,-6.36372,-6.36372,-5.26786,-6.27901,-5.95562
96.07220632,-6.40386,-6.40386,-5.32092,-6.31979,-5.92329
96.07346003,-6.46031,-6.46031,-5.39395,-6.37712,-5.87783
96.07477443,-6.51787,-6.51787,-5.46914,-6.43561,-5.82917
96.07740321,-6.62934,-6.62934,-5.61544,-6.54894,-5.72957
96.08266079,-6.8378,-6.8378,-5.89228,-6.7612,-5.52148
96.09186203,-7.15681,-7.15681,-6.32864,-7.08716,-5.12977
96.10158447,-7.43135,-7.43135,-6.7256,-7.36954,-4.6795
96.11377689,-7.68624,-7.68624,-7.13311,-7.63495,-4.0655
96.12900641,-7.86771,-7.86771,-7.50417,-7.83052,-3.22835
96.15705471,-7.82099,-7.82099,-7.79973,-7.81118,-1.51698
96.18665415,-7.2706,-7.2706,-7.59298,-7.28881,0.469424
96.1994246,-6.88203,-6.88203,-7.34551,-6.91142,1.36656
96.21220021,-6.40904,-6.40904,-7.00811,-6.44852,2.26768
96.215629,-6.26815,-6.26815,-6.9026,-6.31011,2.50873
96.21902736,-6.12295,-6.12295,-6.792,-6.16727,2.74624
96.22477439,-5.86531,-5.86531,-6.59176,-5.91334,3.14258
96.23144336,-5.54792,-5.54792,-6.33914,-5.59989,3.59074
96.2367224,-5.28311,-5.28311,-6.12416,-5.33797,3.9341
96.24234147,-4.98857,-4.98857,-5.8812,-5.04637,4.28562
96.25357963,-4.36273,-4.36273,-5.35381,-4.42631,4.93098
96.25721666,-4.15,-4.15,-5.17157,-4.21546,5.122
96.26073807,-3.93951,-3.93951,-4.98993,-4.00683,5.29803
96.2636718,-3.76087,-3.76087,-4.83483,-3.82977,5.43796
96.26697065,-3.55655,-3.55655,-4.65642,-3.62728,5.5881
96.27356835,-3.1375,-3.1375,-4.28738,-3.21203,5.86631
96.28267009,-2.53813,-2.53813,-3.75295,-2.61818,6.20335
96.29627046,-1.6015,-1.6015,-2.90431,-1.69024,6.60907
96.31023057,-0.596111,-0.596111,-1.97753,-0.694107,6.90634
96.33239897,1.06692,1.06692,-0.412172,0.9549,7.13798
96.34044006,1.6849,1.6849,0.180649,1.56891,7.15022
96.34483994,2.02481,2.02481,0.509808,1.90719,7.14102
96.34630384,2.1379,2.1379,0.620007,2.01974,7.13493
96.34766528,2.24308,2.24308,0.722763,2.12455,7.12926
96.34931641,2.37063,2.37063,0.847703,2.25167,7.1203
96.35261866,2.62497,2.62497,1.09853,2.50544,7.09779
96.35617309,2.89726,2.89726,1.36976,2.77749,7.06678
96.35880184,3.09735,3.09735,1.57103,2.97765,7.03936
96.36182951,3.32608,3.32608,1.80342,3.20672,7.00309
96.36271098,3.39217,3.39217,1.87107,3.27298,6.99137
96.36363812,3.46168,3.46168,1.94231,3.34267,6.97905
96.36649438,3.67392,3.67392,2.16178,3.55566,6.93749
96.36938767,3.8861,3.8861,2.38382,3.76886,6.89095
96.37517426,4.3,4.3,2.82547,4.18547,6.78466
96.38674743,5.07041,5.07041,3.68601,4.963,6.52074
96.39118255,5.34219,5.34219,4.00498,5.23786,6.40176
96.3938682,5.4996,5.4996,4.19432,5.39721,6.32499
96.39631029,5.63775,5.63775,4.36346,5.53719,6.25216
96.39856771,5.76122,5.76122,4.51691,5.66239,6.1823
96.40102483,5.89104,5.89104,4.68043,5.79412,6.10353
96.40593907,6.13685,6.13685,4.99495,6.04382,5.9376
96.40829601,6.24831,6.24831,5.13945,6.15715,5.85409
96.41044413,6.34633,6.34633,5.26732,6.25687,5.77579
96.41240113,6.43272,6.43272,5.3805,6.34481,5.70267
96.41392039,6.4979,6.4979,5.46622,6.41119,5.64473
96.41695892,6.62334,6.62334,5.63217,6.53905,5.52585
96.42303598,6.85481,6.85481,5.94307,6.77543,5.2763
96.43245052,7.16302,7.16302,6.37198,7.09156,4.85984
96.44252725,7.42597,7.42597,6.76262,7.36346,4.37585
96.45531058,7.66165,7.66165,7.15929,7.6112,3.70904
96.47194394,7.80818,7.80818,7.5137,7.77432,2.76181
96.50070676,7.65456,7.65456,7.71058,7.65022,0.950549
96.52361626,7.18379,7.18379,7.50617,7.20196,-0.614199
96.53393943,6.87524,6.87524,7.31299,6.9029,-1.34458
96.54216705,6.58881,6.58881,7.116,6.62355,-1.93135
96.54451757,6.50052,6.50052,7.05284,6.5372,-2.09898
96.5468465,6.41032,6.41032,6.98731,6.44886,-2.26507
96.55150435,6.22197,6.22197,6.84768,6.2641,-2.59552
96.55865617,5.9128,5.9128,6.61153,5.95998,-3.09556
96.56355714,5.68731,5.68731,6.43481,5.73766,-3.43122
96.56873928,5.43724,5.43724,6.23513,5.49074,-3.77776
96.57387166,5.17816,5.17816,6.02473,5.23462,-4.11033
96.58413641,4.62777,4.62777,5.56785,4.68994,-4.7327
96.58844306,4.38444,4.38444,5.36219,4.44899,-4.97448
96.59079996,4.24827,4.24827,5.24623,4.31413,-5.10142
96.59304989,4.11636,4.11636,5.13335,4.18348,-5.21884
96.59494378,4.0039,4.0039,5.0367,4.0721,-5.3148
96.59695078,3.88334,3.88334,4.93268,3.9527,-5.41366
96.60096478,3.63804,3.63804,4.71981,3.70977,-5.6029
96.60752619,3.22558,3.22558,4.35846,3.30134,-5.8887
96.61813073,2.53099,2.53099,3.74133,2.61363,-6.29128
96.6296891,1.73828,1.73828,3.02555,1.82878,-6.649
96.64502376,0.637653,0.637653,2.01441,0.738925,-6.99645
96.667497,-1.04992,-1.04992,0.42915,-0.933589,-7.25132
96.67587172,-1.69541,-1.69541,-0.189248,-1.57468,-7.2702
96.6803919,-2.04587,-2.04587,-0.528326,-1.92334,-7.26352
96.68191263,-2.16377,-2.16377,-0.643162,-2.04064,-7.25803
96.68332377,-2.27318,-2.27318,-0.750026,-2.14966,-7.25293
96.68524614,-2.42222,-2.42222,-0.896031,-2.29817,-7.24337
96.68909088,-2.71921,-2.71921,-1.18936,-2.59449,-7.21804
96.69240481,-2.9737,-2.9737,-1.44341,-2.84876,-7.18964
96.69481996,-3.15776,-3.15776,-1.62929,-3.03292,-7.16514
96.69593505,-3.24274,-3.24274,-1.71511,-3.11795,-7.15255
96.69659999,-3.29305,-3.29305,-1.76628,-3.16835,-7.14505
96.69759586,-3.36841,-3.36841,-1.8431,-3.24383,-7.1328
96.69853873,-3.43931,-3.43931,-1.91583,-3.3149,-7.1212
96.69964239,-3.5223,-3.5223,-2.00096,-3.3981,-7.10631
96.70102467,-3.62556,-3.62556,-2.10758,-3.50168,-7.08766
96.70337956,-3.80005,-3.80005,-2.28923,-3.67687,-7.05284
96.70808936,-4.14267,-4.14267,-2.65133,-4.02135,-6.97442
96.71750894,-4.79428,-4.79428,-3.36438,-4.67814,-6.78319
96.72420897,-5.2242,-5.2242,-3.85711,-5.11246,-6.61986
96.72720639,-5.40625,-5.40625,-4.07253,-5.2966,-6.53955
96.72886896,-5.50423,-5.50423,-4.19041,-5.39579,-6.49248
96.73044124,-5.59485,-5.59485,-4.30067,-5.48756,-6.44796
96.73221422,-5.69464,-5.69464,-4.42344,-5.58867,-6.39562
96.734396,-5.81401,-5.81401,-4.57205,-5.7097,-6.32917
96.73875955,-6.04172,-6.04172,-4.86006,-5.9408,-6.18958
96.74207759,-6.20469,-6.20469,-5.07004,-6.10637,-6.0772
96.74249922,-6.2254,-6.2254,-5.0959,-6.12741,-6.06292
96.74380736,-6.28701,-6.28701,-5.17614,-6.19005,-6.01688
96.74415915,-6.30357,-6.30357,-5.19734,-6.20689,-6.0045
96.74452783,-6.32054,-6.32054,-5.21956,-6.22414,-5.99152
96.74488393,-6.33692,-6.33692,-5.24102,-6.24081,-5.97869
96.74559614,-6.3697,-6.3697,-5.2832,-6.27414,-5.95303
96.74631432,-6.40195,-6.40195,-5.32573,-6.30695,-5.92715
96.74724796,-6.44388,-6.44388,-5.38012,-6.34961,-5.89256
96.74911523,-6.5254,-6.5254,-5.48677,-6.4326,-5.82337
96.75218489,-6.65409,-6.65409,-5.65615,-6.56371,-5.70571
96.75832422,-6.89178,-6.89178,-5.97364,-6.80634,-5.45832
96.76776799,-7.2069,-7.2069,-6.40923,-7.12941,-5.0476
96.77776966,-7.47477,-7.47477,-6.80326,-7.40622,-4.57464
96.7905472,-7.72002,-7.72002,-7.20882,-7.66366,-3.91761
96.80687918,-7.87862,-7.87862,-7.57092,-7.83887,-2.99997
96.83526036,-7.75978,-7.75978,-7.79743,-7.75004,-1.23468
96.86488226,-7.138,-7.138,-7.51679,-7.15813,0.776683
96.87584259,-6.78498,-6.78498,-7.28381,-6.81528,1.55058
96.87909379,-6.66793,-6.66793,-7.20164,-6.70113,1.78206
96.88119651,-6.58934,-6.58934,-7.14542,-6.62437,1.93177
96.88355325,-6.49866,-6.49866,-7.0796,-6.5357,2.09956
96.88826673,-6.30923,-6.30923,-6.93924,-6.35013,2.43362
96.8976937,-5.89929,-5.89929,-6.62462,-5.94721,3.0905
96.90278632,-5.66105,-5.66105,-6.43626,-5.7124,3.43675
96.9084912,-5.38075,-5.38075,-6.21044,-5.4357,3.81446
96.91429084,-5.0818,-5.0818,-5.9653,-5.14021,4.18436
96.9258901,-4.44424,-4.44424,-5.43034,-4.50937,4.86583
96.9297566,-4.22031,-4.22031,-5.2391,-4.28768,5.07377
96.93279639,-4.04044,-4.04044,-5.08438,-4.10959,5.22986
96.93515758,-3.89847,-3.89847,-4.96161,-3.96902,5.34651
96.93759296,-3.75004,-3.75004,-4.83267,-3.82206,5.46263
96.94246373,-3.44729,-3.44729,-4.56793,-3.52233,5.6825
96.95220525,-2.81976,-2.81976,-4.0124,-2.9011,6.07464
96.96259075,-2.12095,-2.12095,-3.38432,-2.20936,6.42509
96.97724145,-1.08981,-1.08981,-2.44196,-1.18858,6.80439
96.99325135,0.0869649,0.0869649,-1.34679,-0.0232714,7.06853
97.00613271,1.0633,1.0633,-0.42339,0.944232,7.16947
97.01251079,1.55393,1.55393,0.0460691,1.43106,7.18318
97.0159379,1.81896,1.81896,0.301284,1.69429,7.18077
97.01687541,1.89146,1.89146,0.371439,1.7663,7.17871
97.0176675,1.95272,1.95272,0.430817,1.82729,7.17697
97.01857289,2.0228,2.0228,0.4988,1.89701,7.17398
97.01978102,2.11632,2.11632,0.589691,1.99003,7.17
97.02124618,2.22974,2.22974,0.700181,2.10285,7.16368
97.02363099,2.41406,2.41406,0.880605,2.28648,7.1508
97.02840062,2.78108,2.78108,1.24335,2.65257,7.11549
97.0318791,3.0468,3.0468,1.50923,2.91806,7.08176
97.03510047,3.29091,3.29091,1.75629,3.16231,7.04458
97.03584575,3.34699,3.34699,1.81345,3.21848,7.03498
97.03678632,3.41776,3.41776,1.8857,3.28936,7.02286
97.03904165,3.58625,3.58625,2.05893,3.45828,6.9914
97.04086101,3.72104,3.72104,2.19868,3.59353,6.96402
97.04424425,3.96856,3.96856,2.4581,3.84217,6.90842
97.05101071,4.44845,4.44845,2.97293,4.32526,6.77921
97.06454364,5.32224,5.32224,3.96485,5.20734,6.45112
97.06928458,5.59815,5.59815,4.29662,5.48667,6.31461
97.07360129,5.83453,5.83453,4.58883,5.72633,6.18087
97.07726638,6.02401,6.02401,4.82805,5.91867,6.06041
97.08138749,6.22495,6.22495,5.08565,6.12286,5.91754
97.0831135,6.30534,6.30534,5.18971,6.20462,5.855
97.08412283,6.35099,6.35099,5.24906,6.25106,5.81843
97.08508091,6.39432,6.39432,5.3054,6.29515,5.78267
97.08625647,6.44561,6.44561,5.37301,6.34737,5.73879
97.08749853,6.49982,6.49982,5.44321,6.40255,5.6915
97.08998265,6.60387,6.60387,5.57995,6.50857,5.59489
97.09495088,6.79891,6.79891,5.83921,6.70759,5.39373
97.10488735,7.13757,7.13757,6.30376,7.05453,4.96078
97.11420071,7.39356,7.39356,6.67622,7.31875,4.51954
97.12660104,7.64373,7.64373,7.08063,7.58057,3.88248
97.14183947,7.81228,7.81228,7.43776,7.76437,3.02911
97.16488019,7.78703,7.78703,7.69331,7.76326,1.6131
97.19845161,7.18885,7.18885,7.48536,7.19909,-0.648502
97.21042569,6.82139,6.82139,7.25024,6.84286,-1.49548
97.21615559,6.61827,6.61827,7.10891,6.64483,-1.90449
97.21830385,6.53771,6.53771,7.05123,6.56611,-2.05783
97.22077512,6.44216,6.44216,6.98179,6.47264,-2.23423
97.22571766,6.24211,6.24211,6.83327,6.27657,-2.58502
97.23261177,5.94372,5.94372,6.6051,5.98333,-3.06733
97.23740433,5.72334,5.72334,6.43237,5.76626,-3.39605
97.24250631,5.47746,5.47746,6.2361,5.52369,-3.73802
97.24758317,5.22159,5.22159,6.02844,5.27097,-4.06808
97.25773689,4.67819,4.67819,5.57779,4.73367,-4.68703
97.26230437,4.42041,4.42041,5.3601,4.4786,-4.94495
97.26474182,4.27957,4.27957,5.24022,4.33922,-5.07677
97.26666972,4.1666,4.1666,5.14363,4.22742,-5.178
97.26847206,4.05977,4.05977,5.05193,4.12169,-5.27016
97.27025586,3.95289,3.95289,4.95986,4.01591,-5.35905
97.27382345,3.7358,3.7358,4.77189,3.80107,-5.53006
97.28095865,3.28887,3.28887,4.38115,3.35882,-5.84605
97.2918999,2.57291,2.57291,3.74586,2.65043,-6.2659
97.30343354,1.78183,1.78183,3.0324,1.86772,-6.62634
97.31823362,0.719921,0.719921,2.05845,0.816906,-6.96859
97.34365339,-1.1911,-1.1911,0.26317,-1.0766,-7.25112
97.35185709,-1.82465,-1.82465,-0.345342,-1.7059,-7.2612
97.3541781,-2.00491,-2.00491,-0.519809,-1.88521,-7.25632
97.35514139,-2.07973,-2.07973,-0.592483,-1.95963,-7.25429
97.35605,-2.1503,-2.1503,-0.661159,-2.02983,-7.25082
97.35786722,-2.29143,-2.29143,-0.798851,-2.17021,-7.24389
97.36150166,-2.57302,-2.57302,-1.07547,-2.45097,-7.22355
97.36521692,-2.8594,-2.8594,-1.35975,-2.73679,-7.19517
97.36793233,-3.06744,-3.06744,-1.56832,-2.94469,-7.16961
97.37107333,-3.30632,-3.30632,-1.81027,-3.18369,-7.13501
97.37202005,-3.37779,-3.37779,-1.88319,-3.25527,-7.1233
97.37291853,-3.44562,-3.44562,-1.9525,-3.3232,-7.11218
97.375952,-3.67254,-3.67254,-2.18648,-3.5507,-7.07068
97.37921174,-3.91295,-3.91295,-2.43759,-3.79205,-7.02062
97.3857312,-4.38024,-4.38024,-2.93646,-4.26203,-6.90379
97.39877014,-5.2381,-5.2381,-3.9015,-5.12698,-6.6054
97.40078037,-5.36053,-5.36053,-4.04587,-5.25067,-6.55133
97.40131743,-5.39255,-5.39255,-4.08407,-5.28303,-6.53689
97.40225662,-5.44854,-5.44854,-4.15086,-5.33962,-6.51072
97.40309493,-5.49745,-5.49745,-4.20985,-5.38906,-6.48735
97.40388754,-5.54368,-5.54368,-4.26562,-5.4358,-6.46455
97.40507583,-5.61162,-5.61162,-4.34838,-5.50452,-6.43036
97.40745243,-5.74407,-5.74407,-4.51152,-5.63857,-6.3595
97.4112802,-5.94811,-5.94811,-4.76692,-5.84525,-6.2398
97.41447804,-6.10999,-6.10999,-4.97266,-6.00939,-6.13457
97.4171334,-6.23863,-6.23863,-5.13773,-6.13992,-6.04362
97.41903205,-6.32744,-6.32744,-5.25238,-6.23008,-5.97633
97.41973125,-6.35924,-6.35924,-5.29357,-6.26237,-5.95155
97.42072906,-6.40462,-6.40462,-5.35235,-6.30846,-5.91515
97.42178477,-6.4516,-6.4516,-5.41335,-6.35619,-5.87664
97.42378384,-6.53838,-6.53838,-5.52641,-6.4444,-5.80192
97.42778199,-6.70355,-6.70355,-5.74324,-6.61245,-5.64729
97.43577827,-7.00067,-7.00067,-6.14149,-6.91554,-5.31781
97.44556779,-7.30495,-7.30495,-6.5675,-7.2276,-4.87929
97.45635918,-7.56559,-7.56559,-6.96121,-7.49745,-4.35354
97.47023366,-7.78752,-7.78752,-7.35341,-7.73212,-3.61752
97.49021005,-7.88979,-7.88979,-7.69831,-7.85402,-2.45345
97.52168391,-7.56022,-7.56022,-7.73786,-7.55605,-0.422903
97.5407034,-7.08581,-7.08581,-7.47531,-7.09982,0.892991
97.54899946,-6.81691,-6.81691,-7.29558,-6.83838,1.48107
97.55177038,-6.71896,-6.71896,-7.22694,-6.74284,1.67879
97.55375451,-6.64642,-6.64642,-7.17521,-6.67199,1.82037
97.55582583,-6.56858,-6.56858,-7.11896,-6.59589,1.96817
97.55996848,-6.40662,-6.40662,-6.99966,-6.43728,2.26307
97.56825378,-6.05832,-6.05832,-6.73459,-6.09518,2.84624
97.57357394,-5.81797,-5.81797,-6.54617,-5.85845,3.21381
97.58160301,-5.43161,-5.43161,-6.23584,-5.47711,3.75236
97.58719392,-5.14638,-5.14638,-6.0018,-5.19513,4.11268
97.59348116,-4.81044,-4.81044,-5.72166,-4.86271,4.49933
97.59860155,-4.52543,-4.52543,-5.48067,-4.58054,4.79701
97.60199406,-4.33114,-4.33114,-5.31481,-4.38812,4.98464
97.60354425,-4.24058,-4.24058,-5.23701,-4.29844,5.06765
97.6047997,-4.16725,-4.16725,-5.174,-4.22581,5.13357
97.6059962,-4.09622,-4.09622,-5.11264,-4.15545,5.1953
97.60732467,-4.01735,-4.01735,-5.04452,-4.07734,5.26257
97.60978942,-3.86889,-3.86889,-4.91567,-3.93032,5.38394
97.61448565,-3.58037,-3.58037,-4.66362,-3.6446,5.60323
97.62387811,-2.98238,-2.98238,-4.13495,-3.05251,5.99692
97.63434742,-2.28545,-2.28545,-3.50944,-2.36257,6.3678
97.64798302,-1.33555,-1.33555,-2.64298,-1.42223,6.74694
97.6624415,-0.284318,-0.284318,-1.66788,-0.381416,7.02356
97.67716297,0.822563,0.822563,-0.624542,0.714984,7.17561
97.68553062,1.464,1.464,-0.0117673,1.35115,7.20471
97.68958502,1.77718,1.77718,0.289696,1.6619,7.20407
97.69096588,1.88384,1.88384,0.392997,1.7681,7.2014
97.69165721,1.93724,1.93724,0.444825,1.82127,7.20006
97.69257817,2.00849,2.00849,0.513977,1.89209,7.19718
97.69373057,2.09765,2.09765,0.600673,1.98072,7.19358
97.69519599,2.21102,2.21102,0.711173,2.09346,7.18753
97.69754417,2.39242,2.39242,0.888802,2.27411,7.17528
97.70224052,2.75372,2.75372,1.24589,2.63433,7.14151
97.70569412,3.01756,3.01756,1.50981,2.8978,7.10884
97.70891437,3.26167,3.26167,1.75672,3.14189,7.07244
97.70965811,3.31766,3.31766,1.81374,3.19793,7.06303
97.71060134,3.38866,3.38866,1.88618,3.26901,7.0511
97.71283543,3.55569,3.55569,2.05774,3.43633,7.02046
97.7146228,3.68824,3.68824,2.195,3.56922,6.99401
97.71792037,3.92987,3.92987,2.44782,3.81174,6.94072
97.72451552,4.39907,4.39907,2.94979,4.28356,6.81698
97.73770581,5.25793,5.25793,3.91908,5.14936,6.50298
97.74241274,5.53538,5.53538,4.25013,5.42977,6.36985
97.746661,5.77132,5.77132,4.53961,5.66855,6.24045
97.74982482,5.93797,5.93797,4.74836,5.8374,6.13849
97.75328898,6.11167,6.11167,4.96918,6.01355,6.02149
97.75631736,6.25612,6.25612,5.15487,6.16015,5.91466
97.75751371,6.31129,6.31129,5.22625,6.21617,5.87116
97.7580499,6.33553,6.33553,5.25767,6.24079,5.85166
97.75887985,6.37304,6.37304,5.30631,6.27889,5.82086
97.75968253,6.4083,6.4083,5.35219,6.31472,5.79107
97.76103905,6.4679,6.4679,5.42972,6.37528,5.73983
97.7637521,6.58236,6.58236,5.57947,6.49167,5.63492
97.76830642,6.76281,6.76281,5.81811,6.6754,5.45166
97.77741507,7.08041,7.08041,6.24983,6.99983,5.05918
97.78691758,7.35108,7.35108,6.6379,7.27807,4.61444
97.79875123,7.60293,7.60293,7.03507,7.54003,4.01346
97.81363628,7.78819,7.78819,7.40222,7.73894,3.18974
97.83659074,7.79683,7.79683,7.68737,7.76986,1.79271
97.87226286,7.19096,7.19096,7.49086,7.19765,-0.601339
97.88497851,6.80093,6.80093,7.23914,6.81868,-1.50098
97.89339993,6.49537,6.49537,7.0224,6.51993,-2.10103
97.89633455,6.38032,6.38032,6.93773,6.40713,-2.31013
97.89922479,6.26285,6.26285,6.84987,6.2918,-2.5153
97.90500527,6.01596,6.01596,6.66121,6.04896,-2.9217
97.90942384,5.81675,5.81675,6.50557,5.85261,-3.22756
97.91462144,5.57113,5.57113,6.31014,5.61015,-3.58019
97.9204614,5.28107,5.28107,6.07506,5.32344,-3.96449
97.92690621,4.94434,4.94434,5.79716,4.99025,-4.3702
97.93236747,4.64584,4.64584,5.54698,4.69469,-4.6959
97.93688994,4.38985,4.38985,5.3299,4.44115,-4.95103
97.93880403,4.27915,4.27915,5.23537,4.3315,-5.05474
97.94032682,4.18972,4.18972,5.15861,4.24291,-5.13533
97.94174801,4.10625,4.10625,5.08697,4.16023,-5.20899
97.943257,4.01641,4.01641,5.00951,4.07124,-5.28558
97.94625599,3.83548,3.83548,4.85284,3.89203,-5.43292
97.95225396,3.46444,3.46444,4.52891,3.52458,-5.70888
97.96242684,2.80895,2.80895,3.94885,2.87554,-6.12236
97.97348019,2.06257,2.06257,3.27785,2.13662,-6.4965
97.98754607,1.06799,1.06799,2.36888,1.15197,-6.86273
98.00444922,-0.181379,-0.181379,1.20631,-0.0851665,-7.14393
98.01712133,-1.14827,-1.14827,0.291735,-1.0433,-7.24326
98.02303172,-1.6058,-1.6058,-0.145938,-1.49724,-7.25739
98.02629699,-1.85983,-1.85983,-0.390412,-1.74949,-7.25653
98.0272139,-1.93116,-1.93116,-0.459386,-1.82033,-7.25496
98.02807211,-1.99793,-1.99793,-0.52406,-1.88678,-7.25349
98.02898442,-2.06894,-2.06894,-0.59293,-1.95743,-7.25087
98.0303831,-2.17782,-2.17782,-0.698744,-2.06573,-7.24686
98.0326059,-2.35085,-2.35085,-0.867442,-2.23786,-7.23763
98.03682458,-2.67808,-2.67808,-1.18925,-2.56388,-7.21253
98.0403348,-2.94879,-2.94879,-1.45842,-2.83398,-7.18411
98.04383657,-3.21689,-3.21689,-1.72802,-3.10184,-7.149
98.04450408,-3.26766,-3.26766,-1.77942,-3.15261,-7.14137
98.04549469,-3.343,-3.343,-1.85585,-3.22795,-7.13004
98.04756139,-3.49922,-3.49922,-2.01532,-3.3843,-7.10432
98.04897587,-3.60546,-3.60546,-2.12446,-3.4907,-7.08539
98.05140081,-3.78612,-3.78612,-2.31157,-3.67177,-7.05046
98.05625069,-4.1408,-4.1408,-2.68448,-4.02773,-6.97125
98.06595046,-4.81472,-4.81472,-3.418,-4.7056,-6.77637
98.07269896,-5.24915,-5.24915,-3.91304,-5.14338,-6.61268
98.07571614,-5.43293,-5.43293,-4.12913,-5.32877,-6.53217
98.07739753,-5.53229,-5.53229,-4.24787,-5.42907,-6.48471
98.07898946,-5.62427,-5.62427,-4.35901,-5.52195,-6.43978
98.08076071,-5.7242,-5.7242,-4.48105,-5.62292,-6.38764
98.08306203,-5.8503,-5.8503,-4.63686,-5.7504,-6.31768
98.08766467,-6.09025,-6.09025,-4.93793,-5.9932,-6.17032
98.0911418,-6.26095,-6.26095,-5.15512,-6.16608,-6.05252
98.09265303,-6.33235,-6.33235,-5.2466,-6.23844,-5.99921
98.09382352,-6.38606,-6.38606,-5.31567,-6.29288,-5.95791
98.09489816,-6.43536,-6.43536,-5.37909,-6.34286,-5.9188
98.09612776,-6.49025,-6.49025,-5.44992,-6.39853,-5.87404
98.09830607,-6.58484,-6.58484,-5.57243,-6.49451,-5.79261
98.10266268,-6.76403,-6.76403,-5.80648,-6.67652,-5.62356
98.1113759,-7.08294,-7.08294,-6.23285,-7.00135,-5.26159
98.12088621,-7.37178,-7.37178,-6.63722,-7.29713,-4.83166
98.13224217,-7.63687,-7.63687,-7.0394,-7.57121,-4.27352
98.14630567,-7.84695,-7.84695,-7.41862,-7.7934,-3.52022
98.16860562,-7.92056,-7.92056,-7.75747,-7.88774,-2.20381
98.20157123,-7.48267,-7.48267,-7.69652,-7.48096,-0.0472603
98.2204697,-6.95454,-6.95454,-7.37284,-6.9695,1.26654
98.22900868,-6.65304,-6.65304,-7.16031,-6.67499,1.86961
98.23210084,-6.53455,-6.53455,-7.07346,-6.55892,2.08841
98.23497436,-6.42019,-6.42019,-6.9882,-6.44674,2.29129
98.24072141,-6.17964,-6.17964,-6.80488,-6.21032,2.69398
98.24629901,-5.93152,-5.93152,-6.61103,-5.96589,3.07888
98.25130883,-5.69669,-5.69669,-6.42384,-5.73414,3.41781
98.2563563,-5.44901,-5.44901,-6.22305,-5.48937,3.75085
98.26106113,-5.20844,-5.20844,-6.02516,-5.25139,4.05193
98.27047078,-4.70064,-4.70064,-5.59964,-4.74861,4.61852
98.27680267,-4.33975,-4.33975,-5.29171,-4.3911,4.96825
98.27971547,-4.16872,-4.16872,-5.14438,-4.22165,5.11989
98.28244664,-4.00559,-4.00559,-5.00309,-4.06003,5.25655
98.28559561,-3.81429,-3.81429,-4.83649,-3.87051,5.40747
98.2889264,-3.60832,-3.60832,-4.65608,-3.66647,5.55954
98.29558798,-3.1857,-3.1857,-4.28283,-3.24788,5.84115
98.30473769,-2.58354,-2.58354,-3.74452,-2.65156,6.18062
98.31812605,-1.66203,-1.66203,-2.90794,-1.73909,6.58173
98.3320916,-0.656708,-0.656708,-1.98002,-0.743593,6.88189
98.3542231,1.00398,1.00398,-0.416053,0.901896,7.11787
98.36264588,1.65198,1.65198,0.205551,1.54517,7.1317
98.36709021,1.99591,1.99591,0.538527,1.8871,7.12241
98.36856611,2.11013,2.11013,0.649795,2.00065,7.11624
98.36994745,2.21703,2.21703,0.754209,2.1071,7.11046
98.37140433,2.32977,2.32977,0.864599,2.21937,7.10259
98.37431811,2.55477,2.55477,1.08612,2.44359,7.08329
98.37827151,2.8585,2.8585,1.38804,2.74667,7.04954
98.38061874,3.03775,3.03775,1.56793,2.92575,7.02543
98.38350898,3.25703,3.25703,1.78997,3.14504,6.99159
98.38435603,3.32085,3.32085,1.85504,3.20893,6.9806
98.38529266,3.39143,3.39143,1.92708,3.27958,6.96844
98.38786581,3.5838,3.5838,2.12499,3.47232,6.93202
98.39022703,3.75852,3.75852,2.30648,3.64753,6.89548
98.39494947,4.10162,4.10162,2.66821,3.99208,6.81357
98.40439434,4.75439,4.75439,3.37999,4.64913,6.61517
98.41128332,5.19578,5.19578,3.88361,5.09429,6.44202
98.41438948,5.38383,5.38383,4.10517,5.28414,6.35623
98.41607385,5.48269,5.48269,4.2236,5.384,6.30773
98.41766155,5.57377,5.57377,4.33395,5.47605,6.26076
98.41955055,5.67946,5.67946,4.46348,5.58292,6.20331
98.42132642,5.7762,5.7762,4.58335,5.6808,6.14776
98.42487817,5.96226,5.96226,4.817,5.86919,6.03222
98.42754198,6.09488,6.09488,4.98608,6.00361,5.9414
98.42957098,6.19264,6.19264,5.11152,6.10273,5.87023
98.43103775,6.26127,6.26127,5.2002,6.17234,5.81742
98.43139106,6.2778,6.2778,5.22115,6.18911,5.8047
98.43173846,6.29361,6.29361,5.24175,6.20515,5.79219
98.43243325,6.32522,6.32522,5.28295,6.23723,5.76649
98.43316462,6.3585,6.3585,5.3254,6.271,5.73943
98.43405898,6.39778,6.39778,5.3773,6.31087,5.70635
98.4358167,6.47496,6.47496,5.47689,6.38923,5.63974
98.43885443,6.60218,6.60218,5.64321,6.5185,5.52146
98.44487494,6.83516,6.83516,5.95213,6.75562,5.27541
98.45407371,7.14262,7.14262,6.3734,7.06973,4.87077
98.46413975,7.41283,7.41283,6.76669,7.34772,4.39014
98.47665814,7.65391,7.65391,7.15995,7.59921,3.74111
98.49323827,7.81485,7.81485,7.52103,7.77496,2.8026
98.51807145,7.7321,7.7321,7.73194,7.71548,1.2561
98.54044498,7.3423,7.3423,7.59648,7.34635,-0.252253
98.55311469,6.99538,6.99538,7.38798,7.01048,-1.14207
98.55914877,6.79933,6.79933,7.25619,6.81944,-1.57173
98.56129501,6.72493,6.72493,7.20436,6.74676,-1.72515
98.56329321,6.65352,6.65352,7.15383,6.67693,-1.868
98.56728961,6.50465,6.50465,7.04628,6.53113,-2.15337
98.57528241,6.18349,6.18349,6.8059,6.21566,-2.71924
98.5812172,5.92534,5.92534,6.60607,5.96134,-3.13248
98.58640678,5.6863,5.6863,6.41682,5.72539,-3.48671
98.59118993,5.45533,5.45533,6.23071,5.49709,-3.80542
98.59615952,5.20489,5.20489,6.02578,5.24929,-4.12668
98.60609871,4.67368,4.67368,5.58212,4.72322,-4.72897
98.61038846,4.4323,4.4323,5.37704,4.48405,-4.9701
98.61271449,4.29845,4.29845,5.26251,4.35142,-5.09557
98.61464984,4.18554,4.18554,5.16546,4.23953,-5.19697
98.61650217,4.0762,4.0762,5.07112,4.13118,-5.29145
98.61827286,3.97052,3.97052,4.97962,4.02647,-5.37942
98.62181423,3.75587,3.75587,4.79283,3.8138,-5.5487
98.62889697,3.31397,3.31397,4.40466,3.37604,-5.86159
98.63975946,2.6059,2.6059,3.77367,2.67475,-6.27766
98.6512852,1.81818,1.81818,3.06044,1.89469,-6.63732
98.66608922,0.759259,0.759259,2.08575,0.846052,-6.97894
98.69147065,-1.1447,-1.1447,0.291926,-1.04125,-7.25993
98.69984551,-1.79061,-1.79061,-0.329887,-1.68291,-7.26951
98.70287361,-2.02549,-2.02549,-0.557911,-1.91662,-7.26297
98.70402068,-2.11446,-2.11446,-0.644686,-2.00515,-7.25877
98.70510683,-2.19871,-2.19871,-0.727029,-2.08898,-7.25479
98.70727913,-2.36721,-2.36721,-0.892186,-2.25676,-7.24414
98.71162372,-2.70294,-2.70294,-1.22417,-2.59153,-7.21494
98.71506505,-2.96721,-2.96721,-1.48848,-2.85542,-7.18439
98.71829504,-3.21346,-3.21346,-1.73748,-3.10163,-7.14981
98.71901446,-3.26795,-3.26795,-1.79294,-3.15616,-7.14115
98.71996917,-3.34026,-3.34026,-1.86669,-3.22853,-7.12965
98.7221177,-3.50196,-3.50196,-2.03266,-3.39047,-7.10156
98.72371521,-3.62133,-3.62133,-2.15606,-3.51011,-7.07907
98.72655359,-3.83136,-3.83136,-2.37515,-3.72079,-7.03576
98.73223035,-4.2418,-4.2418,-2.81122,-4.13313,-6.93643
98.74358387,-5.0096,-5.0096,-3.66263,-4.9062,-6.68833
98.7481639,-5.29597,-5.29597,-3.99536,-5.195,-6.5699
98.75069194,-5.44745,-5.44745,-4.17558,-5.34788,-6.50009
98.75235932,-5.54462,-5.54462,-4.29286,-5.446,-6.45234
98.753988,-5.63736,-5.63736,-4.40605,-5.53971,-6.40442
98.7556505,-5.72984,-5.72984,-4.52007,-5.63319,-6.35419
98.75897551,-5.90828,-5.90828,-4.74299,-5.8137,-6.24984
98.76146926,-6.03604,-6.03604,-4.90502,-5.94306,-6.16791
98.76479427,-6.19964,-6.19964,-5.11429,-6.1088,-6.05451
98.76696657,-6.30223,-6.30223,-5.24641,-6.21279,-5.97777
98.76863507,-6.37871,-6.37871,-5.34528,-6.29035,-5.9174
98.76959016,-6.42105,-6.42105,-5.40084,-6.33331,-5.88194
98.77119555,-6.49222,-6.49222,-5.49258,-6.40551,-5.82235
98.77440632,-6.62801,-6.62801,-5.66999,-6.54339,-5.69912
98.78049151,-6.86565,-6.86565,-5.98492,-6.78511,-5.45353
98.78983585,-7.18102,-7.18102,-6.41677,-7.1071,-5.04683
98.79983225,-7.45289,-7.45289,-6.81181,-7.38657,-4.57402
98.81247856,-7.70136,-7.70136,-7.21522,-7.64547,-3.92391
98.82868741,-7.86731,-7.86731,-7.57834,-7.82586,-3.01399
98.8569485,-7.76532,-7.76532,-7.81203,-7.75045,-1.25808
98.89084386,-7.03669,-7.03669,-7.46175,-7.05198,1.03737
98.90206373,-6.65656,-6.65656,-7.19976,-6.68087,1.82477
98.90649718,-6.48819,-6.48819,-7.07694,-6.51587,2.13702
98.91068789,-6.32009,-6.32009,-6.95122,-6.35081,2.43105
98.91906929,-5.95911,-5.95911,-6.67283,-5.99539,3.01032
98.92398467,-5.73246,-5.73246,-6.49324,-5.77171,3.34251
98.92939808,-5.47054,-5.47054,-6.2819,-5.51284,3.6994
98.9350431,-5.18416,-5.18416,-6.04683,-5.22948,4.05885
98.94633316,-4.57327,-4.57327,-5.53393,-4.62445,4.72468
98.95074092,-4.32141,-4.32141,-5.31861,-4.37489,4.96284
98.95331883,-4.17076,-4.17076,-5.18888,-4.22559,5.0959
98.95576819,-4.02542,-4.02542,-5.06309,-4.08156,5.21789
98.95834419,-3.87029,-3.87029,-4.92819,-3.92785,5.34154
98.96205748,-3.64274,-3.64274,-4.72917,-3.70238,5.51159
98.96948405,-3.1743,-3.1743,-4.31554,-3.2383,5.82375
98.97976703,-2.49846,-2.49846,-3.71052,-2.5689,6.1967
98.99223016,-1.64138,-1.64138,-2.93107,-1.72006,6.55923
99.00726974,-0.560042,-0.560042,-1.931,-0.649063,6.86941
99.02593185,0.8366,0.8366,-0.614823,0.734862,7.06587
99.03512058,1.54068,1.54068,0.0597624,1.43368,7.08729
99.03959024,1.88576,1.88576,0.393395,1.77646,7.08003
99.04083172,1.98161,1.98161,0.486654,1.87196,7.0757
99.04161139,2.04181,2.04181,0.545386,1.93193,7.07298
99.04243999,2.10585,2.10585,0.607804,1.99567,7.06904
99.04409718,2.23393,2.23393,0.733002,2.12315,7.06114
99.04732295,2.48275,2.48275,0.97767,2.3711,7.04063
99.0523704,2.86985,2.86985,1.3627,2.75745,6.99696
99.05503716,3.0729,3.0729,1.56703,2.96041,6.96823
99.05836289,3.32417,3.32417,1.82252,3.21188,6.92697
99.05928245,3.3931,3.3931,1.89316,3.28094,6.91429
99.06018342,3.46064,3.46064,1.96245,3.3486,6.90186
99.06144837,3.55492,3.55492,2.05972,3.44279,6.88274
99.0632937,3.69158,3.69158,2.20163,3.5802,6.85485
99.06668371,3.93951,3.93951,2.46186,3.82918,6.79778
99.07346375,4.42032,4.42032,2.97829,4.31294,6.66572
99.08702382,5.29629,5.29629,3.97314,5.19639,6.3323
99.09178435,5.57355,5.57355,4.30651,5.47673,6.19374
99.09611345,5.81077,5.81077,4.59971,5.71692,6.05833
99.09961068,5.99191,5.99191,4.82827,5.90053,5.94253
99.10360286,6.18738,6.18738,5.0786,6.09888,5.80313
99.10398273,6.20512,6.20512,5.10162,6.11689,5.78986
99.10517017,6.26057,6.26057,5.17356,6.1732,5.7467
99.10551168,6.27652,6.27652,5.1939,6.1894,5.73429
99.10586614,6.29266,6.29266,5.21502,6.20579,5.72141
99.10623784,6.30957,6.30957,5.23716,6.22297,5.7076
99.10698125,6.34341,6.34341,5.28067,6.25735,5.67998
99.10766804,6.37387,6.37387,5.32086,6.2883,5.65447
99.10874145,6.42148,6.42148,5.38257,6.33667,5.61351
99.11044668,6.49498,6.49498,5.47868,6.4114,5.54845
99.11385712,6.63579,6.63579,5.66401,6.55466,5.41377
99.12067802,6.89292,6.89292,6.00838,6.81683,5.12976
99.13139338,7.23202,7.23202,6.482,7.16425,4.64585
99.14117633,7.47338,7.47338,6.84489,7.41371,4.1658
99.15491236,7.70442,7.70442,7.2457,7.65689,3.43512
99.1726801,7.82116,7.82116,7.58012,7.79036,2.40256
99.20280564,7.5744,7.5744,7.69164,7.57256,0.472274
99.22097353,7.16839,7.16839,7.49216,7.18329,-0.777896
99.22936031,6.9185,6.9185,7.33461,6.94072,-1.37048
99.23172119,6.84121,6.84121,7.28295,6.86543,-1.53869
99.23295516,6.79926,6.79926,7.25429,6.8245,-1.62661
99.23414051,6.75895,6.75895,7.22675,6.78518,-1.71118
99.2365112,6.67543,6.67543,7.16856,6.70359,-1.88034
99.24125259,6.49988,6.49988,7.04306,6.53176,-2.21798
99.25073536,6.1159,6.1159,6.75653,6.15458,-2.8852
99.25641682,5.8654,5.8654,6.56266,5.90775,-3.27691
99.26437546,5.48992,5.48992,6.26416,5.53699,-3.80914
99.27000954,5.20738,5.20738,6.03438,5.25756,-4.17092
99.27683233,4.8475,4.8475,5.73641,4.90134,-4.58731
99.2822564,4.54809,4.54809,5.4846,4.60481,-4.89816
99.28508128,4.38762,4.38762,5.34834,4.44586,-5.05219
99.28660173,4.29958,4.29958,5.27312,4.35865,-5.13272
99.28804787,4.21584,4.21584,5.20156,4.2757,-5.20774
99.29011724,4.09411,4.09411,5.097,4.15511,-5.3124
99.2922099,3.96944,3.96944,4.98946,4.03162,-5.41508
99.29639523,3.71551,3.71551,4.76911,3.78012,-5.61121
99.30476587,3.19021,3.19021,4.30811,3.25992,-5.96809
99.31634831,2.42801,2.42801,3.62844,2.50524,-6.3871
99.32869454,1.57508,1.57508,2.85495,1.66078,-6.74093
99.34477729,0.411478,0.411478,1.781,0.508579,-7.06192
99.36183546,-0.873285,-0.873285,0.572847,-0.764286,-7.23356
99.37033201,-1.52773,-1.52773,-0.0520416,-1.41366,-7.25531
99.37455082,-1.85518,-1.85518,-0.36732,-1.7388,-7.2506
99.37558128,-1.93517,-1.93517,-0.444801,-1.81849,-7.2477
99.37626593,-1.98831,-1.98831,-0.49642,-1.87144,-7.24577
99.37718451,-2.05969,-2.05969,-0.565676,-1.94248,-7.24213
99.37858928,-2.16887,-2.16887,-0.671892,-2.05113,-7.23657
99.38082406,-2.34254,-2.34254,-0.841414,-2.22396,-7.22486
99.3849515,-2.66219,-2.66219,-1.1561,-2.54263,-7.19593
99.38850362,-2.93572,-2.93572,-1.42837,-2.81572,-7.1635
99.39102969,-3.12905,-3.12905,-1.62283,-3.0087,-7.13623
99.39246507,-3.23829,-3.23829,-1.73333,-3.11835,-7.11895
99.39308982,-3.28583,-3.28583,-1.78142,-3.16578,-7.11143
99.39409321,-3.36174,-3.36174,-1.85886,-3.24196,-7.09826
99.39502574,-3.43228,-3.43228,-1.93082,-3.31237,-7.08603
99.39615878,-3.5173,-3.5173,-2.01826,-3.39792,-7.06978
99.39762291,-3.62716,-3.62716,-2.13125,-3.50782,-7.0488
99.40016097,-3.81554,-3.81554,-2.32703,-3.69683,-7.00895
99.40523709,-4.18484,-4.18484,-2.71713,-4.06793,-6.91914
99.41538932,-4.88329,-4.88329,-3.48303,-4.77153,-6.69996
99.42192142,-5.29799,-5.29799,-3.96021,-5.19014,-6.53165
99.42486873,-5.47504,-5.47504,-4.17038,-5.36909,-6.44884
99.42688382,-5.59219,-5.59219,-4.31182,-5.48758,-6.3898
99.42884532,-5.70311,-5.70311,-4.44749,-5.59983,-6.33047
99.43071138,-5.80578,-5.80578,-4.57454,-5.70381,-6.27234
99.43444352,-6.00301,-6.00301,-4.82197,-5.9037,-6.15123
99.43737363,-6.15044,-6.15044,-5.00947,-6.05325,-6.05165
99.43982618,-6.26893,-6.26893,-5.16144,-6.17352,-5.96474
99.44087342,-6.31787,-6.31787,-5.22455,-6.22322,-5.92762
99.44166713,-6.35497,-6.35497,-5.27238,-6.26089,-5.8986
99.44239349,-6.38795,-6.38795,-5.31506,-6.2944,-5.87205
99.44351188,-6.43873,-6.43873,-5.38077,-6.34599,-5.8302
99.44473551,-6.49295,-6.49295,-5.45112,-6.4011,-5.78442
99.44718276,-6.59821,-6.59821,-5.58827,-6.50814,-5.6903
99.45207726,-6.79614,-6.79614,-5.84881,-6.70969,-5.4944
99.46186628,-7.14236,-7.14236,-6.31766,-7.06348,-5.07306
99.47112529,-7.40975,-7.40975,-6.69941,-7.3385,-4.63985
99.48326779,-7.67327,-7.67327,-7.11207,-7.61276,-4.02408
99.49794897,-7.86241,-7.86241,-7.48066,-7.81584,-3.21364
99.52068228,-7.88527,-7.88527,-7.77753,-7.86161,-1.83696
99.55751024,-7.2766,-7.2766,-7.59122,-7.28921,0.61982
99.57038526,-6.88386,-6.88386,-7.33814,-6.90821,1.52456
99.57758792,-6.62577,-6.62577,-7.15595,-6.6563,2.03441
99.58020672,-6.52533,-6.52533,-7.08266,-6.55801,2.21979
99.58304891,-6.41249,-6.41249,-6.99901,-6.44744,2.42036
99.58873328,-6.17525,-6.17525,-6.81918,-6.21452,2.81796
99.59381125,-5.9506,-5.9506,-6.64469,-5.99345,3.16755
99.59968654,-5.6762,-5.6762,-6.42694,-5.7229,3.56292
99.60457054,-5.4366,-5.4366,-6.23328,-5.48632,3.88221
99.60972308,-5.17292,-5.17292,-6.01688,-5.22569,4.20763
99.62002817,-4.61379,-4.61379,-5.54849,-4.67255,4.8122
99.62401535,-4.38643,-4.38643,-5.35484,-4.44752,5.02764
99.62643993,-4.24527,-4.24527,-5.23379,-4.30778,5.15319
99.62876584,-4.10786,-4.10786,-5.11539,-4.17176,5.26961
99.63106887,-3.96992,-3.96992,-4.99599,-4.03521,5.38103
99.63495061,-3.7333,-3.7333,-4.79001,-3.80101,5.56037
99.64271411,-3.24536,-3.24536,-4.36088,-3.31809,5.88839
99.65473025,-2.45456,-2.45456,-3.65452,-2.53551,6.31867
99.66650151,-1.6422,-1.6422,-2.91685,-1.7316,6.65156
99.68309488,-0.444349,-0.444349,-1.81015,-0.545998,6.97598
99.70258986,1.02206,1.02206,-0.42755,0.906581,7.14652
99.71071975,1.64724,1.64724,0.171955,1.52705,7.15156
99.71489575,1.97025,1.97025,0.484401,1.84809,7.13928
99.71626211,2.07594,2.07594,0.587239,1.95313,7.13259
99.71755295,2.17579,2.17579,0.684635,2.05251,7.12627
99.71874424,2.26793,2.26793,0.774716,2.14423,7.11914
99.72112681,2.452,2.452,0.955399,2.32767,7.10251
99.72589196,2.81837,2.81837,1.31857,2.69316,7.05978
99.72896017,3.05256,3.05256,1.55348,2.92717,7.02566
99.73241978,3.31447,3.31447,1.81914,3.18922,6.98102
99.73337771,3.38642,3.38642,1.8927,3.26129,6.96729
99.73424526,3.45157,3.45157,1.95939,3.32656,6.95485
99.73732162,3.68047,3.68047,2.19588,3.55609,6.90672
99.74062935,3.92299,3.92299,2.44974,3.79962,6.84937
99.74724483,4.39387,4.39387,2.95373,4.27342,6.71759
99.76047577,5.2555,5.2555,3.92668,5.14277,6.38791
99.76519592,5.53366,5.53366,4.25879,5.42421,6.24937
99.76945656,5.77021,5.77021,4.54916,5.66388,6.11513
99.7726503,5.93833,5.93833,4.75985,5.83443,6.00891
99.77615901,6.11406,6.11406,4.98333,6.01286,5.8868
99.7789621,6.24783,6.24783,5.15525,6.14878,5.78524
99.78112473,6.34706,6.34706,5.28363,6.24968,5.70448
99.78314956,6.43688,6.43688,5.40035,6.34106,5.62698
99.78497713,6.51543,6.51543,5.50285,6.42101,5.55551
99.78862327,6.66505,6.66505,5.6995,6.57345,5.40862
99.79591555,6.93637,6.93637,6.06295,6.85054,5.0982
99.80621516,7.2571,7.2571,6.51155,7.17985,4.62358
99.81644442,7.50426,7.50426,6.88453,7.43609,4.11254
99.83034349,7.72826,7.72826,7.27868,7.67324,3.36002
99.849026,7.83183,7.83183,7.60886,7.79559,2.25528
99.87984936,7.5349,7.5349,7.67409,7.53014,0.248955
99.89744555,7.11707,7.11707,7.45368,7.12949,-0.974759
99.90512277,6.88063,6.88063,7.30075,6.90017,-1.52065
99.90784688,6.78906,6.78906,7.23839,6.81105,-1.7155
99.9104202,6.69899,6.69899,7.17569,6.72325,-1.89957
99.9134933,6.58702,6.58702,7.09608,6.61392,-2.11924
99.9196395,6.34899,6.34899,6.92172,6.38092,-2.55612
99.92721022,6.03077,6.03077,6.6799,6.06841,-3.08586
99.93200283,5.81543,5.81543,6.5117,5.8564,-3.41446
99.93746935,5.55712,5.55712,6.30596,5.60167,-3.78035
99.94310446,5.27717,5.27717,6.07881,5.32524,-4.14483
99.95437468,4.67802,4.67802,5.58079,4.73295,-4.82076
99.95874446,4.43206,4.43206,5.37241,4.48966,-5.06127
99.96133906,4.28255,4.28255,5.24476,4.34175,-5.19781
99.96381573,4.1375,4.1375,5.12026,4.19825,-5.32362
99.96623829,3.99346,3.99346,4.99602,4.05575,-5.44243
99.97058355,3.72996,3.72996,4.76726,3.79508,-5.64524
99.97927408,3.18412,3.18412,4.28789,3.25517,-6.01287
99.98950409,2.51176,2.51176,3.68843,2.59016,-6.38295
100,1.7915,1.7915,3.03678,1.87778,-6.69413
