"TIME","SIN1","SIN2","SIN3","SIN4","SIN5"
90,6.35292,6.35289,-0.400889,2.73778,4.5269
90.00100457,6.31821,6.31817,-0.332942,2.80454,4.47562
90.00301372,6.24762,6.24758,-0.196646,2.93752,4.37218
90.00703202,6.10098,6.10094,0.0777923,3.20048,4.16112
90.0119022,5.91335,5.91331,0.413555,3.51257,3.89783
90.01697738,5.70646,5.70641,0.766724,3.82843,3.61496
90.02053521,5.55462,5.55457,1.01601,4.04327,3.41163
90.0237718,5.41172,5.41167,1.24386,4.23332,3.22316
90.02472882,5.36841,5.36836,1.31123,4.28823,3.16666
90.02570081,5.32442,5.32437,1.37987,4.34399,3.10928
90.02684614,5.27142,5.27137,1.46075,4.40869,3.04113
90.02864085,5.18836,5.18831,1.5875,4.50847,2.93356
90.03156017,5.04974,5.04969,1.79368,4.66634,2.75657
90.03349743,4.95547,4.95542,1.9305,4.76793,2.63777
90.03447388,4.90795,4.9079,1.99947,4.81788,2.57739
90.03520995,4.87149,4.87144,2.05145,4.85554,2.53187
90.03592603,4.83602,4.83596,2.10188,4.89127,2.48724
90.03699852,4.78212,4.78207,2.1774,4.94478,2.4204
90.03811759,4.72588,4.72583,2.25621,4.99946,2.35022
90.04035571,4.6115,4.61144,2.41327,5.10617,2.20885
90.04480206,4.37863,4.37858,2.7232,5.30808,1.9242
90.05369476,3.89147,3.89142,3.32979,5.67347,1.34068
90.06507233,3.22922,3.22915,4.06556,6.06927,0.569304
90.07766415,2.44981,2.44974,4.80128,6.41641,-0.31194
90.08239973,2.14473,2.14467,5.0531,6.52256,-0.65006
90.08639703,1.88252,1.88245,5.25383,6.60192,-0.937807
90.08928948,1.69023,1.69017,5.39218,6.65355,-1.14712
90.09133741,1.55284,1.55277,5.48664,6.68716,-1.2958
90.09251103,1.47365,1.47359,5.53903,6.70495,-1.38121
90.09364104,1.39711,1.39704,5.58948,6.72208,-1.46345
90.0949477,1.30823,1.30816,5.64622,6.73987,-1.55854
90.09670932,1.18781,1.18774,5.72094,6.76385,-1.68692
90.09976647,0.977224,0.977154,5.8458,6.8001,-1.90971
90.10588077,0.550352,0.550281,6.07754,6.85666,-2.354
90.11810936,-0.323216,-0.323288,6.47082,6.90697,-3.22529
90.12627829,-0.919263,-0.919336,6.68217,6.89462,-3.7861
90.13052503,-1.23231,-1.23239,6.77596,6.87385,-4.06861
90.13303595,-1.41826,-1.41833,6.82567,6.85646,-4.23209
90.13384474,-1.47815,-1.47823,6.84169,6.85086,-4.28394
90.13479657,-1.54882,-1.54889,6.85894,6.84286,-4.34497
90.13609368,-1.64511,-1.64519,6.88244,6.83195,-4.42708
90.13824117,-1.80454,-1.80461,6.91854,6.81142,-4.56094
90.14200053,-2.08363,-2.0837,6.97513,6.76969,-4.78842
90.14494561,-2.30161,-2.30168,7.01361,6.73189,-4.96008
90.14709654,-2.46081,-2.46088,7.03782,6.7009,-5.08158
90.14813586,-2.53736,-2.53743,7.04952,6.68593,-5.13873
90.14898684,-2.60004,-2.60012,7.05788,6.67262,-5.18552
90.14982544,-2.66182,-2.66189,7.06612,6.65949,-5.23039
90.15099491,-2.74752,-2.74759,7.07616,6.63996,-5.29296
90.15235559,-2.84724,-2.84731,7.08784,6.61722,-5.36403
90.15507695,-3.04536,-3.04543,7.10705,6.5682,-5.5021
90.16051967,-3.43613,-3.4362,7.13264,6.45924,-5.7625
90.17140512,-4.18534,-4.1854,7.13333,6.19891,-6.22343
90.18167399,-4.83732,-4.83738,7.07349,5.90325,-6.5876
90.18705485,-5.15301,-5.15306,7.01907,5.72944,-6.75156
90.18972523,-5.3022,-5.30225,6.98626,5.63847,-6.82617
90.19226742,-5.43929,-5.43934,6.95149,5.54904,-6.89307
90.19441144,-5.55114,-5.55118,6.91952,5.47149,-6.94637
90.19673745,-5.66861,-5.66866,6.88212,5.38521,-7.00099
90.20138948,-5.89186,-5.89191,6.79893,5.20604,-7.10024
90.20872809,-6.21348,-6.21351,6.64542,4.90601,-7.22993
90.22003439,-6.6384,-6.63843,6.35717,4.40408,-7.36607
90.23234532,-7.00637,-7.00639,5.97483,3.80619,-7.42802
90.2492851,-7.35542,-7.35543,5.33948,2.90431,-7.37061
90.27594039,-7.54883,-7.54883,4.11098,1.32937,-6.96429
90.30628185,-7.26832,-7.2683,2.42433,-0.63556,-6.07116
90.31718023,-7.042,-7.04197,1.75114,-1.37313,-5.64443
90.3206281,-6.95697,-6.95694,1.53138,-1.60886,-5.49828
90.32292259,-6.89693,-6.8969,1.38351,-1.76572,-5.3982
90.32545582,-6.82751,-6.82747,1.21887,-1.93891,-5.28518
90.33052228,-6.679,-6.67896,0.885489,-2.28401,-5.05144
90.34065521,-6.34455,-6.34451,0.20403,-2.96225,-4.55459
90.35124067,-5.94393,-5.94388,-0.5259,-3.6416,-3.99605
90.35754415,-5.68134,-5.68129,-0.967837,-4.02682,-3.64522
90.36104601,-5.52793,-5.52788,-1.21519,-4.23317,-3.44468
90.36314587,-5.43341,-5.43336,-1.36408,-4.35398,-3.32256
90.36420075,-5.38484,-5.38479,-1.43888,-4.41372,-3.26041
90.36599012,-5.30246,-5.3024,-1.56596,-4.51352,-3.155
90.36893412,-5.16342,-5.16337,-1.77504,-4.67323,-2.97905
90.37130797,-5.04877,-5.04872,-1.94363,-4.79775,-2.83534
90.37255905,-4.98721,-4.98716,-2.03248,-4.86178,-2.75896
90.37351979,-4.93993,-4.93988,-2.10058,-4.90985,-2.69988
90.37452714,-4.88939,-4.88934,-2.17199,-4.96025,-2.63793
90.37626378,-4.80226,-4.8022,-2.29484,-5.04487,-2.53026
90.37969677,-4.62597,-4.62592,-2.53672,-5.2061,-2.31506
90.38607701,-4.28681,-4.28675,-2.98099,-5.48525,-1.9072
90.39605011,-3.72821,-3.72815,-3.65341,-5.87049,-1.25074
90.40730967,-3.05885,-3.05878,-4.36355,-6.23304,-0.48497
90.41413402,-2.63442,-2.63435,-4.76142,-6.41611,-0.00945368
90.41800435,-2.38778,-2.38771,-4.97408,-6.50778,0.263664
90.41997032,-2.26092,-2.26085,-5.07818,-6.55101,0.403274
90.42181237,-2.14114,-2.14107,-5.17322,-6.58947,0.534573
90.4244597,-1.96748,-1.96741,-5.30555,-6.64133,0.72403
90.42698844,-1.79998,-1.79991,-5.42736,-6.68709,0.905761
90.42975352,-1.61509,-1.61502,-5.55554,-6.73293,1.10521
90.43170462,-1.48355,-1.48348,-5.6424,-6.76222,1.24639
90.43246596,-1.4319,-1.43183,-5.67629,-6.77365,1.30149
90.43351335,-1.36084,-1.36077,-5.72123,-6.78791,1.37747
90.4346344,-1.28443,-1.28435,-5.76934,-6.80318,1.45879
90.43591219,-1.19699,-1.19692,-5.82274,-6.81874,1.55149
90.43753081,-1.08575,-1.08567,-5.88888,-6.83845,1.66904
90.44022511,-0.899371,-0.899298,-5.99528,-6.86701,1.86471
90.44561369,-0.522409,-0.522334,-6.19439,-6.91188,2.25515
90.45639087,0.246344,0.24642,-6.53883,-6.9534,3.0244
90.46469099,0.849865,0.849942,-6.75579,-6.94217,3.59863
90.46924744,1.18462,1.18469,-6.85718,-6.92024,3.90467
90.47379435,1.52024,1.52031,-6.94597,-6.88739,4.2015
90.47619554,1.69794,1.69802,-6.98788,-6.86565,4.35443
90.47775238,1.81316,1.81323,-7.01323,-6.84996,4.45195
90.48086606,2.04359,2.04367,-7.05962,-6.81483,4.64271
90.48709342,2.50237,2.50245,-7.13537,-6.7298,5.0049
90.48926067,2.66096,2.66104,-7.15641,-6.69563,5.12455
90.49066524,2.76374,2.76381,-7.16804,-6.67176,5.20023
90.49201171,2.86155,2.86162,-7.17919,-6.64888,5.27138
90.49377263,2.98947,2.98954,-7.19148,-6.61699,5.36236
90.49571495,3.12954,3.12961,-7.20296,-6.58007,5.46005
90.49959957,3.40674,3.40681,-7.21945,-6.50075,5.64726
90.50736881,3.94557,3.94564,-7.22683,-6.32067,5.9904
90.51884031,4.68777,4.68784,-7.17656,-6.0043,6.4239
90.52494482,5.05106,5.05112,-7.12054,-5.81205,6.61978
90.52808605,5.22809,5.22815,-7.08391,-5.7068,6.7113
90.52981985,5.32269,5.32274,-7.06144,-5.64691,6.75915
90.53145132,5.40959,5.40965,-7.03886,-5.5894,6.80244
90.53349581,5.51563,5.51568,-7.00859,-5.51578,6.85435
90.53602626,5.64251,5.64256,-6.96813,-5.42229,6.91499
90.54108716,5.88231,5.88236,-6.87738,-5.22762,7.02434
90.55120896,6.30852,6.30855,-6.65754,-4.80864,7.19577
90.5615808,6.67385,6.67388,-6.38085,-4.34026,7.30683
90.57638604,7.07403,7.07405,-5.9003,-3.60846,7.35459
90.59206178,7.34587,7.34588,-5.28861,-2.76021,7.26736
90.62341328,7.44164,7.44163,-3.78876,-0.881386,6.69664
90.64648652,7.14848,7.14846,-2.48026,0.621452,5.96305
90.6562565,6.93493,6.9349,-1.8795,1.27939,5.57683
90.65884625,6.8696,6.86957,-1.71591,1.45544,5.46717
90.66040533,6.82792,6.82789,-1.61663,1.56143,5.39922
90.66199442,6.78544,6.78541,-1.51486,1.66954,5.32996
90.66517261,6.69533,6.6953,-1.30965,1.88574,5.18729
90.67152898,6.49997,6.49993,-0.892979,2.31589,4.8898
90.68424171,6.05098,6.05094,-0.0376434,3.1547,4.24895
90.6943251,5.64188,5.64183,0.658475,3.7866,3.69965
90.69977521,5.40192,5.40187,1.04001,4.11172,3.38842
90.70526046,5.14765,5.1476,1.42636,4.42375,3.06565
90.70672272,5.07731,5.07725,1.52969,4.50415,2.97803
90.70817624,5.00738,5.00733,1.63239,4.58278,2.8903
90.71027056,4.90403,4.90397,1.78038,4.69362,2.7628
90.7114233,4.84714,4.84708,1.86184,4.75308,2.69198
90.71207972,4.81411,4.81405,1.90822,4.78694,2.65166
90.7131223,4.76163,4.76158,1.98189,4.83966,2.58706
90.71397497,4.71815,4.71809,2.042,4.88192,2.53423
90.71487356,4.67232,4.67227,2.10534,4.92645,2.47805
90.71617462,4.60521,4.60515,2.19706,4.98951,2.39671
90.71870843,4.47266,4.4726,2.37505,5.10894,2.23669
90.72298867,4.24336,4.2433,2.67379,5.30083,1.96261
90.73154914,3.76528,3.76522,3.25953,5.64916,1.40118
90.7421038,3.14232,3.14226,3.94845,6.01605,0.686934
90.75480699,2.34794,2.34787,4.704,6.36882,-0.200237
90.76007857,2.00481,2.00474,4.9893,6.48711,-0.576282
90.76318112,1.79941,1.79933,5.14853,6.54911,-0.799473
90.76613234,1.60178,1.60171,5.29374,6.60289,-1.01286
90.76889074,1.41519,1.41512,5.42397,6.64806,-1.21316
90.76957386,1.36863,1.36856,5.45519,6.65925,-1.26277
90.77051237,1.30467,1.30459,5.49807,6.67313,-1.33115
90.77162088,1.22877,1.2287,5.54723,6.68953,-1.41193
90.77286623,1.14319,1.14311,5.60246,6.70629,-1.50267
90.77422271,1.04958,1.04951,5.66094,6.72454,-1.60167
90.77631967,0.904116,0.904039,5.74896,6.74995,-1.7547
90.780185,0.633645,0.633567,5.90373,6.79022,-2.03679
90.78791567,0.0843775,0.0842989,6.1848,6.84547,-2.59754
90.80258187,-0.981811,-0.981891,6.61616,6.85955,-3.62651
90.80759761,-1.35232,-1.3524,6.73337,6.83741,-3.96425
90.81003236,-1.53306,-1.53314,6.78475,6.82175,-4.12497
90.8109393,-1.60038,-1.60046,6.80248,6.81468,-4.18377
90.81275319,-1.7352,-1.73528,6.83794,6.80053,-4.30136
90.81632823,-2.00092,-2.001,6.90109,6.76674,-4.5271
90.8234783,-2.52995,-2.53003,7.00463,6.67934,-4.95444
90.82632954,-2.73952,-2.7396,7.03749,6.63719,-5.11515
90.82798768,-2.86066,-2.86074,7.05439,6.61013,-5.20591
90.82955098,-2.97487,-2.97495,7.06886,6.58461,-5.28959
90.83131546,-3.10292,-3.103,7.08347,6.55362,-5.38184
90.83322571,-3.24074,-3.24082,7.09724,6.51833,-5.47913
90.83704621,-3.51332,-3.51339,7.11846,6.44238,-5.66588
90.84468721,-4.04258,-4.04265,7.13583,6.26948,-6.00933
90.85662107,-4.80967,-4.80973,7.09744,5.94529,-6.46886
90.86262198,-5.16226,-5.16231,7.0484,5.75797,-6.66527
90.86560464,-5.32821,-5.32827,7.01672,5.65895,-6.75439
90.86846306,-5.48107,-5.48113,6.98188,5.56047,-6.83457
90.87097323,-5.61029,-5.61034,6.9477,5.47113,-6.90078
90.87377171,-5.74891,-5.74896,6.90569,5.36845,-6.96999
90.87936866,-6.00947,-6.00951,6.80949,5.15354,-7.09393
90.88810205,-6.37324,-6.37328,6.62763,4.79363,-7.24901
90.900676,-6.8084,-6.80843,6.30025,4.22574,-7.39144
90.91429226,-7.16466,-7.16468,5.86247,3.54924,-7.44019
90.93384675,-7.47285,-7.47285,5.0937,2.4785,-7.32525
90.96384191,-7.49961,-7.4996,3.63362,0.652221,-6.75325
90.9827123,-7.2514,-7.25137,2.5612,-0.587421,-6.16338
90.99150447,-7.0684,-7.06836,2.02512,-1.18239,-5.83118
90.99453147,-6.99573,-6.99569,1.83559,-1.3892,-5.70867
90.9958047,-6.96332,-6.96328,1.75516,-1.47619,-5.65561
90.99700626,-6.93273,-6.93269,1.67889,-1.55846,-5.60553
90.99940937,-6.86855,-6.86851,1.52532,-1.72302,-5.5029
91.00421559,-6.73144,-6.7314,1.21431,-2.0516,-5.29053
91.01382803,-6.42327,-6.42323,0.577989,-2.70136,-4.83845
91.03305291,-5.67934,-5.67929,-0.73992,-3.92271,-3.83407
91.03976537,-5.3809,-5.38084,-1.21148,-4.31613,-3.45344
91.04282556,-5.23844,-5.23838,-1.42794,-4.48828,-3.27504
91.04398141,-5.18337,-5.18331,-1.50971,-4.55161,-3.2067
91.04502863,-5.13348,-5.13342,-1.58394,-4.60898,-3.14479
91.04712306,-5.03146,-5.0314,-1.7324,-4.7208,-3.01963
91.04813422,-4.98221,-4.98214,-1.80408,-4.7735,-2.95858
91.04874137,-4.95206,-4.952,-1.84711,-4.80514,-2.92192
91.04926195,-4.92622,-4.92615,-1.88401,-4.83178,-2.89049
91.04978149,-4.90042,-4.90036,-1.92084,-4.85837,-2.85886
91.05063827,-4.85732,-4.85726,-1.98148,-4.90136,-2.80671
91.05153682,-4.81212,-4.81205,-2.04507,-4.94644,-2.75155
91.05289151,-4.74316,-4.7431,-2.14094,-5.01291,-2.66839
91.05549896,-4.60848,-4.60841,-2.32491,-5.13729,-2.50661
91.05997403,-4.37148,-4.37141,-2.63873,-5.34015,-2.22479
91.06892417,-3.8763,-3.87623,-3.25406,-5.70751,-1.64638
91.0793199,-3.26789,-3.26781,-3.9365,-6.0724,-0.952128
91.09249197,-2.45046,-2.45038,-4.72413,-6.44227,-0.0428845
91.09782517,-2.10557,-2.10549,-5.01385,-6.56299,0.333729
91.10121228,-1.88264,-1.88256,-5.18806,-6.63107,0.575131
91.10403671,-1.69458,-1.6945,-5.32728,-6.68279,0.777581
91.10694556,-1.49893,-1.49884,-5.46493,-6.73126,0.987026
91.11008482,-1.28563,-1.28555,-5.60707,-6.77814,1.21404
91.11085404,-1.23296,-1.23288,-5.64067,-6.78858,1.26966
91.11172889,-1.17306,-1.17298,-5.67888,-6.80045,1.33314
91.11285389,-1.0957,-1.09562,-5.72655,-6.81444,1.41477
91.11408459,-1.01077,-1.01068,-5.7787,-6.82974,1.50407
91.11542494,-0.917919,-0.917835,-5.83389,-6.84501,1.60143
91.11747363,-0.775313,-0.775229,-5.91604,-6.86638,1.75025
91.12121977,-0.512488,-0.512403,-6.0594,-6.89935,2.02237
91.12871204,0.0204747,0.0205606,-6.31989,-6.94185,2.56323
91.14030392,0.860922,0.861009,-6.65519,-6.94706,3.37935
91.14518775,1.21978,1.21987,-6.77203,-6.92748,3.71281
91.14997808,1.57343,1.57352,-6.87272,-6.89595,4.03142
91.15255061,1.76382,1.76391,-6.92113,-6.87402,4.19863
91.15463131,1.91781,1.91789,-6.95742,-6.85376,4.33148
91.1587927,2.2253,2.22538,-7.02231,-6.80656,4.58991
91.16603925,2.7565,2.75658,-7.1111,-6.70344,5.01299
91.16853747,2.93796,2.93804,-7.13461,-6.66178,5.15038
91.1704804,3.07828,3.07837,-7.15039,-6.62724,5.25404
91.17224695,3.20514,3.20522,-7.16285,-6.59423,5.34585
91.17398,3.32881,3.32889,-7.17333,-6.56037,5.43365
91.17744609,3.57345,3.57353,-7.18913,-6.4883,5.60273
91.18437828,4.04912,4.04919,-7.20036,-6.32713,5.91574
91.19586247,4.78247,4.78253,-7.16027,-6.01178,6.36371
91.20162539,5.1198,5.11987,-7.11296,-5.83138,6.55608
91.20455024,5.28214,5.2822,-7.0821,-5.73427,6.64555
91.20733801,5.43091,5.43097,-7.04844,-5.63834,6.72579
91.20957754,5.54617,5.54623,-7.01844,-5.55891,6.78671
91.21195493,5.66443,5.66448,-6.98373,-5.47234,6.84794
91.2167097,5.88867,5.88872,-6.90555,-5.29233,6.95983
91.22280757,6.15305,6.15309,-6.78851,-5.04845,7.08281
91.2350033,6.60662,6.60666,-6.49959,-4.51892,7.26045
91.24633771,6.94055,6.94057,-6.16791,-3.97962,7.34509
91.26426139,7.30111,7.30112,-5.52726,-3.04328,7.32546
91.28882397,7.47305,7.47304,-4.4406,-1.61845,7.00809
91.32048783,7.17648,7.17645,-2.73836,0.399683,6.14481
91.33291535,6.90672,6.90668,-1.98718,1.23211,5.67394
91.34513931,6.56231,6.56227,-1.21043,2.05557,5.14463
91.34847117,6.45515,6.4551,-0.992643,2.2796,4.98935
91.35174541,6.34451,6.34446,-0.776373,2.49871,4.83241
91.3582939,6.10789,6.10784,-0.33787,2.93111,4.50621
91.37139086,5.57624,5.57618,0.559092,3.7564,3.80773
91.37754334,5.30043,5.30037,0.988176,4.12087,3.45932
91.38125289,5.12636,5.12629,1.24867,4.33178,3.24327
91.38345657,5.02024,5.02017,1.40397,4.45357,3.11287
91.3845331,4.96722,4.96715,1.47983,4.512,3.04863
91.38668615,4.86118,4.86111,1.63174,4.62657,2.9191
91.38907648,4.74081,4.74074,1.80039,4.75009,2.77372
91.39020588,4.68296,4.68289,1.88007,4.80704,2.70445
91.39111674,4.6363,4.63624,1.94425,4.85201,2.64821
91.39204168,4.58818,4.58812,2.00941,4.89767,2.5911
91.39329923,4.52276,4.52269,2.09801,4.95836,2.51291
91.39581433,4.38969,4.38962,2.2747,5.07645,2.35523
91.39999082,4.16361,4.16353,2.56651,5.26314,2.08972
91.40834379,3.6931,3.69303,3.14013,5.60282,1.54575
91.41899757,3.05978,3.0597,3.84081,5.97337,0.829242
91.43147334,2.27507,2.27498,4.59371,6.32073,-0.037691
91.4370958,1.90718,1.90709,4.90381,6.44717,-0.43719
91.44003369,1.71164,1.71155,5.05759,6.50588,-0.647868
91.44284412,1.52259,1.5225,5.19903,6.55735,-0.850474
91.44532584,1.35411,1.35402,5.31927,6.59901,-1.03014
91.44797626,1.17263,1.17254,5.44294,6.63901,-1.22276
91.44875174,1.11915,1.11906,5.47796,6.65071,-1.27911
91.44970177,1.05364,1.05355,5.52085,6.66355,-1.34839
91.45080279,0.977386,0.977298,5.56905,6.67844,-1.42867
91.45206655,0.889547,0.889459,5.62437,6.6938,-1.52081
91.45351348,0.788575,0.788486,5.68589,6.7114,-1.62648
91.45580344,0.62792,0.62783,5.78044,6.73599,-1.79372
91.46018989,0.31741,0.317319,5.95213,6.77481,-2.11383
91.4689628,-0.313403,-0.313495,6.25909,6.82018,-2.74867
91.47620305,-0.84254,-0.842633,6.47638,6.8256,-3.26262
91.48039802,-1.15207,-1.15216,6.58752,6.81564,-3.55457
91.48459881,-1.46354,-1.46363,6.68808,6.79616,-3.84116
91.4867692,-1.62497,-1.62506,6.73584,6.78239,-3.9867
91.4879753,-1.71468,-1.71477,6.76115,6.77365,-4.06672
91.4903875,-1.89403,-1.89412,6.80915,6.75389,-4.22469
91.4952119,-2.25273,-2.25283,6.8947,6.70526,-4.53141
91.50249044,-2.7893,-2.78939,6.99763,6.60929,-4.96676
91.50553652,-3.01165,-3.01175,7.03141,6.56115,-5.13828
91.50728742,-3.13869,-3.13878,7.04836,6.53136,-5.23384
91.50895489,-3.25902,-3.25911,7.06284,6.50158,-5.32271
91.51112774,-3.41472,-3.41481,7.07927,6.46072,-5.43543
91.51348677,-3.58216,-3.58224,7.09402,6.41374,-5.5539
91.51820483,-3.91106,-3.91115,7.1139,6.31175,-5.77908
91.52762981,-4.53689,-4.53697,7.1158,6.07671,-6.18389
91.53849803,-5.19042,-5.19049,7.05669,5.75571,-6.57881
91.54280884,-5.42743,-5.42749,7.01529,5.6139,-6.71446
91.54675345,-5.63253,-5.63259,6.96864,5.47714,-6.82834
91.55089315,-5.83569,-5.83574,6.9108,5.32662,-6.9374
91.55532307,-6.03966,-6.03971,6.83899,5.1578,-7.04234
91.56418289,-6.40743,-6.40748,6.6653,4.79702,-7.21603
91.57476438,-6.77846,-6.7785,6.40688,4.32756,-7.36094
91.58936098,-7.17159,-7.17162,5.96361,3.61607,-7.45134
91.61084405,-7.50687,-7.50688,5.14196,2.44971,-7.36164
91.63318949,-7.55858,-7.55857,4.09451,1.10891,-7.0011
91.65306868,-7.36102,-7.361,3.01709,-0.171673,-6.46577
91.6646242,-7.1448,-7.14477,2.33434,-0.94501,-6.0668
91.67017055,-7.01536,-7.01533,1.99315,-1.32149,-5.85339
91.67213117,-6.9657,-6.96566,1.87056,-1.45526,-5.77463
91.67396253,-6.91751,-6.91747,1.75518,-1.58022,-5.69956
91.67722465,-6.82744,-6.8274,1.54767,-1.80279,-5.56231
91.68374889,-6.63136,-6.63132,1.12551,-2.24648,-5.27464
91.69679738,-6.17802,-6.17797,0.255796,-3.1136,-4.64944
91.70813294,-5.72091,-5.72085,-0.523205,-3.82768,-4.0556
91.71478616,-5.42631,-5.42625,-0.988706,-4.22312,-3.68629
91.71854191,-5.25172,-5.25165,-1.25354,-4.43675,-3.47136
91.72083504,-5.14224,-5.14217,-1.41587,-4.56338,-3.3379
91.7219713,-5.0872,-5.08714,-1.4963,-4.62491,-3.27118
91.72424383,-4.97519,-4.97513,-1.6574,-4.74536,-3.13625
91.72515326,-4.93037,-4.9303,-1.72187,-4.79235,-3.08226
91.72581384,-4.89711,-4.89705,-1.7687,-4.82649,-3.04261
91.72642233,-4.86648,-4.86641,-1.81183,-4.85725,-3.00608
91.72738118,-4.81821,-4.81814,-1.8798,-4.90572,-2.94808
91.72831533,-4.77037,-4.7703,-1.94603,-4.95167,-2.89158
91.7296767,-4.70065,-4.70058,-2.04231,-5.01862,-2.80861
91.73239945,-4.55865,-4.55858,-2.23487,-5.1478,-2.64112
91.73683018,-4.32176,-4.32169,-2.54641,-5.34744,-2.36431
91.74569163,-3.82738,-3.8273,-3.15863,-5.70921,-1.79585
91.75594639,-3.22311,-3.22303,-3.83797,-6.06768,-1.11551
91.76915904,-2.3985,-2.39841,-4.64028,-6.4373,-0.208314
91.7746504,-2.04144,-2.04135,-4.94429,-6.56074,0.1779
91.77783351,-1.83087,-1.83078,-5.11146,-6.62427,0.403964
91.78075106,-1.63569,-1.6356,-5.25849,-6.67736,0.612414
91.78430163,-1.3955,-1.39541,-5.42946,-6.7354,0.867498
91.78706215,-1.20682,-1.20673,-5.55643,-6.77555,1.06675
91.78973675,-1.02246,-1.02237,-5.67459,-6.80978,1.2605
91.79043852,-0.973768,-0.973676,-5.70458,-6.81876,1.31134
91.7914312,-0.904892,-0.9048,-5.747,-6.82992,1.38345
91.79253193,-0.828211,-0.828119,-5.79257,-6.8423,1.46342
91.79387852,-0.734081,-0.733989,-5.84831,-6.8555,1.56124
91.79557891,-0.614726,-0.614633,-5.91645,-6.87216,1.68489
91.79843454,-0.413088,-0.412994,-6.02676,-6.89541,1.89255
91.80414578,-0.00562824,-0.00553369,-6.23208,-6.9283,2.30669
91.81556827,0.823254,0.82335,-6.58258,-6.94047,3.12064
91.82045915,1.18294,1.18304,-6.70834,-6.92405,3.46075
91.82535743,1.54496,1.54506,-6.81983,-6.89483,3.79393
91.82794648,1.73685,1.73694,-6.87295,-6.87426,3.9666
91.82966616,1.86429,1.86439,-6.90601,-6.85866,4.0797
91.83310552,2.119,2.11909,-6.96688,-6.82287,4.30159
91.83998424,2.62538,2.62548,-7.0677,-6.73321,4.72515
91.84519528,3.0045,3.00459,-7.12564,-6.64947,5.02559
91.84748089,3.16919,3.16929,-7.14606,-6.60848,5.15137
91.84898656,3.27675,3.27684,-7.15722,-6.57955,5.23211
91.85043786,3.38042,3.38051,-7.16799,-6.55166,5.30832
91.85202231,3.49257,3.49266,-7.17767,-6.51946,5.38971
91.85490878,3.69474,3.69483,-7.19161,-6.45773,5.53325
91.86068172,4.08912,4.08921,-7.20532,-6.32247,5.80263
91.87079602,4.73821,4.73828,-7.1845,-6.04871,6.22019
91.87618027,5.05819,5.05827,-7.15042,-5.8843,6.41491
91.87902831,5.21931,5.21938,-7.12601,-5.79219,6.5103
91.88055303,5.30308,5.30315,-7.11056,-5.74098,6.55923
91.88198286,5.38001,5.38008,-7.09607,-5.69295,6.60377
91.88390721,5.48105,5.48112,-7.07407,-5.62634,6.66168
91.88583505,5.57945,5.57952,-7.05007,-5.55806,6.71735
91.88969072,5.76801,5.76807,-6.99623,-5.41693,6.82169
91.89740207,6.11351,6.11357,-6.86561,-5.1169,7.00251
91.90838424,6.53566,6.5357,-6.62822,-4.6505,7.1966
91.9199592,6.89435,6.89438,-6.31505,-4.11201,7.32168
91.93593646,7.24801,7.24803,-5.78256,-3.29651,7.3636
91.96114492,7.48351,7.4835,-4.72826,-1.86419,7.1356
91.9853762,7.35346,7.35344,-3.4965,-0.350606,6.59775
92.00308447,7.04805,7.04802,-2.47821,0.818797,6.02044
92.01030856,6.87415,6.87412,-2.03676,1.30671,5.74233
92.0129044,6.80486,6.80482,-1.87471,1.48316,5.63658
92.01537639,6.73563,6.73559,-1.71884,1.65119,5.53313
92.01792671,6.66095,6.66091,-1.55655,1.82455,5.42367
92.02302735,6.50187,6.50182,-1.22767,2.17027,5.19665
92.03322863,6.14604,6.14599,-0.554369,2.85101,4.71162
92.05363118,5.29403,5.29396,0.839788,4.11034,3.62862
92.06024558,4.97909,4.97903,1.30233,4.48056,3.24678
92.0624483,4.87015,4.87008,1.45735,4.59886,3.11643
92.06384924,4.79947,4.7994,1.55594,4.67256,3.03246
92.06519449,4.7316,4.73153,1.65062,4.74181,2.95182
92.06583287,4.69884,4.69877,1.69554,4.77467,2.91314
92.06686067,4.6461,4.64603,1.76787,4.82648,2.85085
92.06862294,4.55452,4.55445,1.89189,4.91356,2.74319
92.06983533,4.49083,4.49076,1.97707,4.97217,2.6686
92.0722601,4.36181,4.36174,2.14741,5.08632,2.5182
92.07627156,4.14366,4.14358,2.42785,5.26643,2.26588
92.08429448,3.69049,3.69041,2.98066,5.59542,1.74891
92.09517754,3.04211,3.04203,3.70183,5.9778,1.02372
92.10721017,2.2841,2.28401,4.43952,6.31758,0.193959
92.1145094,1.80482,1.80473,4.84751,6.48196,-0.322001
92.11791292,1.57662,1.57653,5.02607,6.54793,-0.5655
92.12115905,1.35638,1.35628,5.18887,6.6046,-0.799223
92.12376154,1.17806,1.17796,5.31405,6.64564,-0.98752
92.12661925,0.980547,0.980452,5.44609,6.68559,-1.19516
92.12739572,0.926507,0.926411,5.48077,6.69645,-1.25158
92.12827609,0.865234,0.865138,5.52009,6.70733,-1.31577
92.12941079,0.785936,0.78584,5.56925,6.72136,-1.39851
92.13060086,0.702491,0.702395,5.62081,6.73455,-1.48529
92.13189288,0.611582,0.611485,5.67525,6.74886,-1.57968
92.13376375,0.479376,0.479279,5.75214,6.76728,-1.71634
92.13707759,0.243625,0.243527,5.88281,6.79505,-1.95842
92.14370525,-0.233438,-0.233537,6.12329,6.83214,-2.44074
92.15194785,-0.835651,-0.835752,6.3842,6.84434,-3.03227
92.15612854,-1.14431,-1.14441,6.50051,6.8363,-3.32721
92.16029035,-1.45308,-1.45318,6.60571,6.8189,-3.61603
92.16254177,-1.62065,-1.62076,6.65823,6.80561,-3.77
92.16370541,-1.70726,-1.70736,6.68417,6.79768,-3.84884
92.1660327,-1.88045,-1.88055,6.73362,6.77967,-4.00485
92.17068729,-2.22682,-2.22693,6.82277,6.73516,-4.30922
92.17999646,-2.91212,-2.91222,6.96246,6.61275,-4.88026
92.18375854,-3.18515,-3.18525,7.0044,6.55081,-5.09514
92.18580903,-3.3327,-3.33279,7.02376,6.51406,-5.20806
92.18778965,-3.47415,-3.47425,7.04013,6.4766,-5.31417
92.18958681,-3.60147,-3.60157,7.05302,6.44094,-5.40794
92.19156138,-3.7401,-3.7402,7.06502,6.39995,-5.50822
92.19551051,-4.0128,-4.01289,7.0823,6.31236,-5.70046
92.20340877,-4.53554,-4.53562,7.0903,6.1152,-6.05291
92.20916905,-4.89427,-4.89435,7.07405,5.95331,-6.28378
92.2140401,-5.18019,-5.18027,7.04596,5.80479,-6.46219
92.21604241,-5.29276,-5.29283,7.03064,5.74069,-6.53111
92.2179714,-5.39832,-5.39839,7.01381,5.67729,-6.59509
92.21969362,-5.49016,-5.49022,6.99709,5.61933,-6.65023
92.22153003,-5.58561,-5.58567,6.9775,5.55614,-6.70696
92.22518029,-5.76796,-5.76802,6.93323,5.42633,-6.81346
92.2316038,-6.06587,-6.06593,6.83834,5.18465,-6.98069
92.24194861,-6.48657,-6.48661,6.64111,4.76129,-7.19646
92.25327453,-6.86611,-6.86615,6.36435,4.25196,-7.35785
92.26782366,-7.23263,-7.23266,5.92007,3.53279,-7.45276
92.28983647,-7.53579,-7.5358,5.07308,2.32284,-7.36489
92.31290401,-7.54034,-7.54033,3.98264,0.922763,-6.9892
92.33180786,-7.31555,-7.31552,2.95231,-0.305272,-6.4782
92.34191815,-7.11393,-7.1139,2.35567,-0.98483,-6.13362
92.34754635,-6.97793,-6.97789,2.01099,-1.36772,-5.92123
92.34946767,-6.92768,-6.92764,1.89137,-1.49902,-5.84545
92.35124737,-6.87943,-6.87939,1.77974,-1.62064,-5.7738
92.35480679,-6.77814,-6.77809,1.5542,-1.86389,-5.62644
92.36192561,-6.55675,-6.5567,1.09461,-2.34804,-5.31593
92.37616325,-6.04209,-6.04203,0.145549,-3.28845,-4.63537
92.38732171,-5.57482,-5.57476,-0.62185,-3.9812,-4.04985
92.39328103,-5.30319,-5.30312,-1.03857,-4.32962,-3.71936
92.39929586,-5.01419,-5.01412,-1.46217,-4.66121,-3.37408
92.40090397,-4.93405,-4.93398,-1.57586,-4.74617,-3.2795
92.40214913,-4.872,-4.87193,-1.6639,-4.81048,-3.20627
92.40283639,-4.83719,-4.83711,-1.71249,-4.84597,-3.16542
92.40351644,-4.80274,-4.80266,-1.76057,-4.88022,-3.12499
92.40451477,-4.75151,-4.75144,-1.83115,-4.9305,-3.06513
92.40556536,-4.69761,-4.69753,-1.90543,-4.98239,-3.00215
92.40746323,-4.59881,-4.59874,-2.03949,-5.07417,-2.88729
92.41118979,-4.40097,-4.40089,-2.302,-5.24729,-2.65881
92.41843194,-4.00236,-4.00228,-2.80696,-5.55788,-2.20419
92.42877487,-3.40267,-3.40258,-3.50681,-5.94484,-1.53261
92.44059304,-2.67718,-2.67709,-4.25679,-6.30814,-0.736702
92.44799957,-2.2022,-2.2021,-4.69097,-6.49374,-0.224002
92.45220539,-1.92596,-1.92586,-4.92264,-6.58487,0.0714332
92.45418721,-1.79423,-1.79414,-5.02769,-6.62425,0.211644
92.45610445,-1.66589,-1.6658,-5.12666,-6.66019,0.347842
92.45795087,-1.54148,-1.54139,-5.21948,-6.69281,0.479497
92.45998344,-1.40363,-1.40353,-5.31887,-6.72646,0.624944
92.46404858,-1.12523,-1.12514,-5.50911,-6.78667,0.917282
92.46682849,-0.932858,-0.932759,-5.63279,-6.82243,1.11816
92.46899927,-0.781549,-0.78145,-5.72533,-6.84688,1.27553
92.46969223,-0.73298,-0.732881,-5.75487,-6.85469,1.32577
92.47076556,-0.657752,-0.657652,-5.79887,-6.86524,1.40377
92.47189167,-0.578516,-0.578416,-5.84503,-6.87632,1.48561
92.47323547,-0.483657,-0.483557,-5.8986,-6.88819,1.58328
92.47510623,-0.351063,-0.350962,-5.97127,-6.90304,1.71933
92.47838451,-0.117262,-0.11716,-6.09332,-6.92434,1.95776
92.48494107,0.355371,0.355473,-6.31744,-6.94911,2.43256
92.49141011,0.827444,0.827548,-6.51274,-6.9505,2.89571
92.49545406,1.125,1.1251,-6.62188,-6.93984,3.18131
92.49909063,1.39389,1.39399,-6.71159,-6.92277,3.43464
92.50005549,1.46523,1.46533,-6.73378,-6.91682,3.5011
92.50101322,1.53626,1.53636,-6.7558,-6.9109,3.56707
92.50381522,1.74407,1.74417,-6.81627,-6.89011,3.75778
92.50666015,1.95506,1.95517,-6.87287,-6.86481,3.94824
92.51235001,2.37585,2.37595,-6.97169,-6.80168,4.31781
92.52372972,3.20255,3.20265,-7.11244,-6.62657,4.9984
92.52746367,3.46799,3.46809,-7.1422,-6.55511,5.20307
92.53108462,3.72145,3.72155,-7.16339,-6.47934,5.39198
92.53375698,3.90553,3.90562,-7.17422,-6.4194,5.52531
92.53655266,4.09494,4.09503,-7.18121,-6.35309,5.65931
92.54214402,4.46219,4.46228,-7.18203,-6.20961,5.91103
92.55332674,5.1372,5.13728,-7.13198,-5.8807,6.3519
92.55729018,5.35575,5.35583,-7.09787,-5.75094,6.48845
92.56088888,5.54418,5.54425,-7.0596,-5.62732,6.60369
92.56390445,5.6947,5.69477,-7.02225,-5.51956,6.69391
92.56729835,5.8562,5.85626,-6.97451,-5.39383,6.78859
92.57408614,6.15489,6.15494,-6.86125,-5.12861,6.95631
92.58337026,6.51268,6.51272,-6.66884,-4.73728,7.13939
92.59704396,6.93613,6.93616,-6.30967,-4.10457,7.31309
92.61137725,7.25074,7.25076,-5.84103,-3.37483,7.37504
92.63291071,7.4822,7.4822,-4.97453,-2.16723,7.24605
92.65606073,7.42048,7.42046,-3.84863,-0.745283,6.82605
92.67413075,7.15864,7.15861,-2.84629,0.43519,6.30798
92.68312788,6.96092,6.96089,-2.31068,1.04035,5.99085
92.69219211,6.71858,6.71853,-1.74957,1.65531,5.63406
92.69463933,6.64584,6.6458,-1.59454,1.82175,5.53145
92.6970664,6.57072,6.57068,-1.43943,1.98682,5.42715
92.70192052,6.41179,6.41174,-1.12538,2.31547,5.21119
92.71162877,6.06026,6.0602,-0.483451,2.96148,4.75112
92.73104527,5.23145,5.23138,0.842941,4.15617,3.72788
92.73735761,4.92718,4.9271,1.28373,4.50887,3.36698
92.73943103,4.82362,4.82355,1.42933,4.62017,3.24554
92.74074518,4.75677,4.75669,1.52161,4.68935,3.16761
92.74200832,4.69251,4.69244,1.61042,4.75448,3.0927
92.74261489,4.66116,4.66109,1.65307,4.78576,3.05635
92.74362503,4.60896,4.60888,1.72409,4.83682,2.9958
92.74537183,4.51756,4.51748,1.84691,4.92338,2.89023
92.7465798,4.45368,4.4536,1.93169,4.98196,2.8167
92.74898131,4.32509,4.32501,2.10025,5.09539,2.66928
92.75296762,4.10702,4.10693,2.3788,5.27505,2.42105
92.76094022,3.65431,3.65422,2.92841,5.60347,1.91206
92.77187112,3.00004,2.99996,3.65421,5.98948,1.18947
92.78383406,2.24341,2.24332,4.391,6.3294,0.369838
92.79115376,1.76114,1.76105,4.80321,6.49556,-0.144832
92.79460865,1.52873,1.52864,4.98596,6.56308,-0.390891
92.7972526,1.34894,1.34884,5.12023,6.61006,-0.580403
92.79963707,1.18542,1.18532,5.23708,6.64896,-0.752127
92.80188767,1.02993,1.02983,5.3437,6.68268,-0.914847
92.80471288,0.833234,0.833133,5.47259,6.72089,-1.11987
92.8062444,0.725922,0.725821,5.53978,6.73934,-1.23136
92.8070486,0.669385,0.669283,5.57506,6.74903,-1.28991
92.808109,0.594641,0.594539,5.61999,6.76044,-1.36731
92.80923231,0.515229,0.515127,5.66759,6.77252,-1.44929
92.81048357,0.426491,0.426389,5.7192,6.78422,-1.54062
92.81202725,0.316619,0.316516,5.78147,6.79864,-1.65346
92.81456774,0.134879,0.134775,5.88063,6.81856,-1.83917
92.81964872,-0.231804,-0.231909,6.06669,6.84752,-2.21003
92.82981067,-0.975782,-0.975888,6.39065,6.86259,-2.94272
92.83361242,-1.2572,-1.25731,6.49547,6.85367,-3.21241
92.83631845,-1.45829,-1.45839,6.5647,6.84254,-3.40239
92.8386668,-1.63321,-1.63332,6.62117,6.82968,-3.56557
92.8406365,-1.77993,-1.78003,6.66597,6.81663,-3.70101
92.84394309,-2.02623,-2.02634,6.73592,6.79012,-3.92503
92.85055628,-2.51684,-2.51695,6.85623,6.71997,-4.35795
92.85718732,-3.00305,-3.00316,6.9508,6.6271,-4.76782
92.86254943,-3.38962,-3.38972,7.00836,6.5358,-5.07844
92.86478679,-3.54877,-3.54887,7.0274,6.49347,-5.20211
92.86693916,-3.7004,-3.7005,7.04297,6.45042,-5.31761
92.86880741,-3.83069,-3.83078,7.05432,6.41123,-5.41507
92.87080697,-3.96862,-3.96871,7.06424,6.36742,-5.51655
92.8748061,-4.23912,-4.23921,7.07721,6.27408,-5.71097
92.88157607,-4.67763,-4.67772,7.07855,6.09907,-6.01509
92.88682518,-4.99822,-4.9983,7.06193,5.94894,-6.22982
92.88984299,-5.17396,-5.17404,7.04546,5.85701,-6.3451
92.89131336,-5.25717,-5.25724,7.03516,5.81039,-6.39859
92.89245111,-5.31994,-5.32001,7.02719,5.77431,-6.43998
92.8935141,-5.37858,-5.37866,7.01831,5.73946,-6.47697
92.89480909,-5.44827,-5.44834,7.00749,5.69699,-6.52203
92.89683995,-5.55497,-5.55504,6.98811,5.62848,-6.58986
92.90090166,-5.75921,-5.75928,6.94274,5.48624,-6.71773
92.90902508,-6.13264,-6.1327,6.82596,5.18141,-6.94247
92.92012245,-6.57041,-6.57046,6.61183,4.72302,-7.18341
92.93232684,-6.95845,-6.95848,6.30616,4.16618,-7.36154
92.94675125,-7.29411,-7.29413,5.85486,3.44246,-7.45722
92.97039112,-7.56503,-7.56503,4.92243,2.12322,-7.35564
92.99500885,-7.4933,-7.49328,3.72483,0.604325,-6.92761
93.01314458,-7.22002,-7.21998,2.71228,-0.588878,-6.41488
93.0212479,-7.03954,-7.0395,2.22738,-1.13726,-6.13414
93.02455454,-6.95582,-6.95578,2.02417,-1.36295,-6.01075
93.02702722,-6.88948,-6.88944,1.87032,-1.53223,-5.91523
93.02939504,-6.82304,-6.82299,1.72157,-1.69434,-5.82124
93.03413069,-6.68175,-6.6817,1.42014,-2.01821,-5.62605
93.04360199,-6.36653,-6.36647,0.802737,-2.65926,-5.20788
93.0625446,-5.61345,-5.61338,-0.479707,-3.8684,-4.26894
93.07066583,-5.24255,-5.24247,-1.04542,-4.34461,-3.82668
93.07545816,-5.0108,-5.01072,-1.38233,-4.60982,-3.55519
93.07705159,-4.93121,-4.93113,-1.49482,-4.69508,-3.46325
93.07852687,-4.85752,-4.85744,-1.59897,-4.77218,-3.37726
93.07922576,-4.82195,-4.82187,-1.64831,-4.8087,-3.33652
93.0803698,-4.76371,-4.76363,-1.72907,-4.86717,-3.26909
93.08125867,-4.71784,-4.71776,-1.79183,-4.91165,-3.21671
93.08219389,-4.66958,-4.6695,-1.85785,-4.95845,-3.16097
93.08369422,-4.59123,-4.59115,-1.96361,-5.03176,-3.07154
93.08661904,-4.43609,-4.43601,-2.1698,-5.17023,-2.89494
93.09172737,-4.15777,-4.15768,-2.5277,-5.39847,-2.58076
93.10194402,-3.5745,-3.57441,-3.22865,-5.80543,-1.93203
93.11200156,-2.96792,-2.96783,-3.88761,-6.14379,-1.26919
93.12663144,-2.03455,-2.03445,-4.75593,-6.52909,-0.268543
93.13223829,-1.66183,-1.66173,-5.05531,-6.64356,0.125334
93.13734939,-1.31553,-1.31542,-5.31009,-6.7321,0.488642
93.14093462,-1.06913,-1.06903,-5.47829,-6.78527,0.745616
93.14440968,-0.827752,-0.827646,-5.63312,-6.82983,0.99611
93.14744706,-0.614824,-0.614718,-5.76194,-6.86318,1.21608
93.14824659,-0.558479,-0.558373,-5.79463,-6.87089,1.27399
93.14911909,-0.496857,-0.49675,-5.8303,-6.87931,1.33738
93.15023845,-0.417598,-0.41749,-5.87462,-6.88884,1.41872
93.15147858,-0.329528,-0.32942,-5.92372,-6.8994,1.50883
93.15285007,-0.23182,-0.231712,-5.97641,-6.90964,1.60863
93.15496006,-0.0808858,-0.0807774,-6.05516,-6.92335,1.76215
93.15886441,0.200257,0.200366,-6.19356,-6.94221,2.04605
93.16667311,0.768844,0.768954,-6.44223,-6.95481,2.61007
93.17109493,1.09402,1.09414,-6.56654,-6.94724,2.92586
93.17475875,1.36484,1.36495,-6.66055,-6.93298,3.1847
93.17672527,1.51063,1.51075,-6.70767,-6.92236,3.32234
93.17802274,1.60683,1.60694,-6.7369,-6.91372,3.41224
93.17954773,1.72,1.72011,-6.77126,-6.90356,3.5179
93.18199081,1.9013,1.90141,-6.82245,-6.8839,3.68502
93.18684344,2.26074,2.26085,-6.91361,-6.83566,4.00992
93.19654869,2.97092,2.97103,-7.05435,-6.70327,4.62379
93.20355799,3.47174,3.47184,-7.12184,-6.57845,5.03118
93.20661628,3.68612,3.68622,-7.14239,-6.51644,5.19846
93.20955021,3.88873,3.88883,-7.15706,-6.45271,5.35254
93.21188131,4.04726,4.04736,-7.16521,-6.39916,5.47045
93.21437168,4.21393,4.21403,-7.17053,-6.33913,5.59206
93.21935244,4.53754,4.53763,-7.17073,-6.21047,5.82221
93.22572314,4.9294,4.92949,-7.15095,-6.02957,6.09197
93.22989349,5.17085,5.17093,-7.12594,-5.90139,6.25392
93.23177405,5.27554,5.27562,-7.11156,-5.8411,6.32322
93.23358684,5.37389,5.37397,-7.0959,-5.78154,6.38784
93.23517101,5.45775,5.45783,-7.08006,-5.72778,6.44258
93.23683929,5.54399,5.54406,-7.06339,-5.67117,6.49849
93.24017585,5.71021,5.71029,-7.02421,-5.55336,6.60498
93.24647814,6.00235,6.00241,-6.93436,-5.31846,6.78692
93.25667302,6.41694,6.41699,-6.74616,-4.90554,7.02853
93.26786852,6.79235,6.79239,-6.48042,-4.40756,7.21977
93.28261008,7.16272,7.16274,-6.04075,-3.68619,7.35565
93.30070729,7.42964,7.42965,-5.37081,-2.70922,7.34753
93.33393419,7.40735,7.40733,-3.81622,-0.706962,6.86345
93.35393557,7.08862,7.08858,-2.70148,0.601069,6.2967
93.36326264,6.86477,6.86473,-2.14061,1.22957,5.96546
93.36556674,6.80227,6.80222,-1.99828,1.3863,5.87727
93.366871,6.76524,6.76519,-1.9171,1.47501,5.8259
93.36812269,6.7297,6.72965,-1.83879,1.56028,5.7766
93.37062607,6.65541,6.65536,-1.68108,1.73081,5.67523
93.37563283,6.4975,6.49745,-1.36143,2.07112,5.46441
93.38564635,6.14547,6.14541,-0.706656,2.74284,5.01177
93.40567339,5.30626,5.30618,0.652016,3.99563,3.99284
93.41309541,4.95131,4.95123,1.16877,4.41836,3.57867
93.4191746,4.64393,4.64385,1.59485,4.74141,3.22582
93.42091365,4.55331,4.55323,1.71699,4.82961,3.1227
93.42263164,4.46265,4.46257,1.83766,4.91472,3.01991
93.42429233,4.37397,4.37388,1.95431,4.99502,2.91971
93.42582556,4.29118,4.2911,2.06166,5.06745,2.82649
93.42889202,4.12307,4.12298,2.27636,5.20751,2.63802
93.43502495,3.77697,3.77688,2.70176,5.46909,2.25335
93.44514451,3.17876,3.17866,3.38516,5.84892,1.59775
93.45620848,2.489,2.4889,4.09068,6.19281,0.854208
93.46787708,1.72519,1.72508,4.76534,6.47671,0.0438889
93.47239938,1.41974,1.41964,5.00453,6.56521,-0.276725
93.47604109,1.17026,1.17015,5.18707,6.62784,-0.537231
93.47885757,0.975293,0.975183,5.32193,6.67103,-0.739974
93.4817814,0.771128,0.771018,5.45616,6.71105,-0.951469
93.48463222,0.570413,0.570302,5.58146,6.74536,-1.15853
93.48572815,0.49283,0.492719,5.62788,6.75706,-1.23837
93.48655946,0.433828,0.433716,5.66309,6.76593,-1.29893
93.48772572,0.350838,0.350726,5.71088,6.77698,-1.38408
93.4888458,0.270902,0.27079,5.75678,6.78759,-1.46587
93.49012385,0.17942,0.179308,5.80767,6.79781,-1.55919
93.49180523,0.0586417,0.0585291,5.87304,6.81125,-1.68212
93.49468722,-0.149465,-0.149578,5.9809,6.82956,-1.89285
93.50045122,-0.569425,-0.56954,6.18099,6.85227,-2.31327
93.50544145,-0.936577,-0.936692,6.33755,6.8571,-2.67478
93.50852277,-1.1647,-1.16481,6.42655,6.85326,-2.8963
93.51158006,-1.39195,-1.39206,6.50912,6.84435,-3.11404
93.51241182,-1.45377,-1.45389,6.53035,6.84083,-3.17328
93.51339594,-1.52713,-1.52725,6.55547,6.83667,-3.24269
93.51450247,-1.60962,-1.60974,6.58216,6.83062,-3.32074
93.516175,-1.7343,-1.73442,6.62252,6.82148,-3.43782
93.51883558,-1.93274,-1.93286,6.68234,6.80309,-3.62223
93.52415674,-2.32878,-2.3289,6.78923,6.75514,-3.983
93.53479907,-3.10944,-3.10955,6.95254,6.61555,-4.66199
93.54195029,-3.61983,-3.61994,7.02484,6.4897,-5.07941
93.54510019,-3.83992,-3.84002,7.04721,6.42623,-5.25231
93.54813239,-4.04826,-4.04836,7.06333,6.36057,-5.412
93.55076406,-4.22584,-4.22594,7.07305,6.30001,-5.54519
93.55370151,-4.42003,-4.42013,7.07923,6.22855,-5.68804
93.55957641,-4.79348,-4.79357,7.07699,6.07362,-5.9559
93.56344844,-5.02751,-5.0276,7.06495,5.96288,-6.11974
93.56634059,-5.19537,-5.19546,7.05054,5.87578,-6.23565
93.56772992,-5.27379,-5.27388,7.0415,5.83223,-6.28882
93.56898333,-5.34325,-5.34334,7.03334,5.79294,-6.33679
93.57025602,-5.41253,-5.41261,7.02326,5.7516,-6.38337
93.57153555,-5.48092,-5.481,7.01312,5.71004,-6.4302
93.57409461,-5.61397,-5.61405,6.98931,5.6241,-6.51969
93.57921273,-5.86571,-5.86578,6.93118,5.44395,-6.68621
93.58944896,-6.31445,-6.31451,6.77381,5.05165,-6.96997
93.60018591,-6.70958,-6.70963,6.55147,4.59637,-7.1978
93.61314731,-7.08663,-7.08667,6.20814,3.99093,-7.37915
93.63006608,-7.41845,-7.41847,5.6439,3.11717,-7.46544
93.65723877,-7.5851,-7.5851,4.49039,1.54717,-7.26444
93.69037304,-7.21438,-7.21434,2.73416,-0.573378,-6.49734
93.70225946,-6.93367,-6.93363,2.01983,-1.3732,-6.08936
93.70571312,-6.83793,-6.83788,1.80459,-1.6083,-5.95818
93.70785426,-6.77548,-6.77543,1.66959,-1.75405,-5.87413
93.71026076,-6.70255,-6.70249,1.51653,-1.91787,-5.77726
93.71507375,-6.54815,-6.54809,1.20649,-2.24446,-5.5761
93.72469973,-6.2063,-6.20624,0.572047,-2.88749,-5.14528
93.7439517,-5.39905,-5.39897,-0.742301,-4.08269,-4.17876
93.75062709,-5.08208,-5.082,-1.20939,-4.46027,-3.81246
93.75349704,-4.94017,-4.94009,-1.4116,-4.61538,-3.65028
93.75459116,-4.88486,-4.88478,-1.48869,-4.67287,-3.58755
93.75559491,-4.83413,-4.83404,-1.55957,-4.72561,-3.53001
93.75615714,-4.8057,-4.80562,-1.59927,-4.75447,-3.49746
93.75705574,-4.75956,-4.75948,-1.66272,-4.8006,-3.44544
93.75766676,-4.72818,-4.7281,-1.70587,-4.83131,-3.40978
93.75856356,-4.68156,-4.68148,-1.7692,-4.87639,-3.35745
93.75951103,-4.63231,-4.63222,-1.83611,-4.92319,-3.30159
93.76106326,-4.55063,-4.55054,-1.94553,-4.99851,-3.21007
93.7641417,-4.38604,-4.38595,-2.16255,-5.143,-3.02602
93.769487,-4.09222,-4.09212,-2.53697,-5.37905,-2.70001
93.78017759,-3.47578,-3.47568,-3.26911,-5.79733,-2.02528
93.79016152,-2.86773,-2.86763,-3.92081,-6.1253,-1.37014
93.80534289,-1.89028,-1.89017,-4.81359,-6.5116,-0.33472
93.81105305,-1.50721,-1.5071,-5.11392,-6.62219,0.0658521
93.81623577,-1.15298,-1.15287,-5.3679,-6.70637,0.433896
93.82018027,-0.879509,-0.879397,-5.54915,-6.76018,0.716504
93.82390013,-0.618766,-0.618652,-5.71065,-6.80286,0.984688
93.82687748,-0.408189,-0.408075,-5.83342,-6.83142,1.20041
93.8277647,-0.345126,-0.345011,-5.86866,-6.83876,1.26469
93.8286151,-0.284548,-0.284434,-5.90244,-6.84579,1.32652
93.82974497,-0.203873,-0.203758,-5.94585,-6.85385,1.40866
93.8309499,-0.117602,-0.117486,-5.99215,-6.86244,1.49626
93.83226479,-0.0231878,-0.0230721,-6.04117,-6.87049,1.59197
93.83423082,0.118489,0.118605,-6.11245,-6.88073,1.73507
93.83776658,0.374728,0.374845,-6.2346,-6.89379,1.99244
93.84483809,0.892035,0.892153,-6.4559,-6.89945,2.50445
93.84832765,1.14936,1.14948,-6.55385,-6.89227,2.75507
93.85180965,1.40724,1.40735,-6.64425,-6.87861,3.0031
93.85276006,1.47762,1.47774,-6.66739,-6.87352,3.0703
93.85367107,1.54528,1.54539,-6.68957,-6.86865,3.13471
93.8566118,1.76366,1.76378,-6.75693,-6.84919,3.34086
93.85963213,1.98795,1.98807,-6.82073,-6.8245,3.54989
93.86567279,2.43495,2.43507,-6.93208,-6.761,3.95775
93.87775411,3.31057,3.31068,-7.09058,-6.57898,4.7176
93.88323158,3.69589,3.696,-7.13447,-6.47273,5.03321
93.88613212,3.89606,3.89616,-7.15072,-6.41057,5.19205
93.88890014,4.08396,4.08407,-7.16174,-6.34753,5.3379
93.8911334,4.23307,4.23317,-7.16746,-6.29404,5.45146
93.89342781,4.38367,4.38377,-7.17041,-6.23668,5.56435
93.89801663,4.67593,4.67603,-7.16748,-6.11475,5.77895
93.90301683,4.97908,4.97918,-7.15101,-5.97113,5.99631
93.90638212,5.17321,5.1733,-7.13221,-5.86825,6.13314
93.90789773,5.25788,5.25797,-7.1212,-5.81989,6.1923
93.90917046,5.32761,5.32769,-7.11195,-5.77927,6.24032
93.91039785,5.39365,5.39373,-7.10127,-5.73871,6.28662
93.9117005,5.46246,5.46254,-7.08994,-5.69566,6.33415
93.91430581,5.59619,5.59627,-7.0637,-5.60674,6.42593
93.91915556,5.83181,5.83188,-7.00531,-5.43375,6.58522
93.92885504,6.25345,6.25351,-6.85203,-5.05962,6.85913
93.9391939,6.63274,6.63279,-6.63648,-4.62128,7.08628
93.95319525,7.03474,7.03477,-6.26248,-3.96708,7.28913
93.96777059,7.31992,7.31994,-5.77805,-3.21814,7.37498
93.99692127,7.4985,7.49849,-4.54952,-1.54734,7.18223
94.02487062,7.20445,7.20442,-3.08928,0.223878,6.57122
94.03814768,6.9121,6.91206,-2.30945,1.10738,6.1428
94.0462114,6.68879,6.68874,-1.81202,1.6507,5.84169
94.04891975,6.60622,6.60616,-1.64117,1.83361,5.73384
94.0514054,6.52719,6.52713,-1.48286,2.00149,5.632
94.0563767,6.36008,6.36002,-1.16218,2.33554,5.42039
94.0663193,5.99084,5.99077,-0.506183,2.99111,4.96677
94.0862045,5.12201,5.12193,0.850508,4.19609,3.94816
94.09261801,4.80609,4.80601,1.29798,4.54636,3.58939
94.09481138,4.69419,4.6941,1.45194,4.66101,3.46345
94.09697598,4.58191,4.58182,1.60387,4.77113,3.33762
94.09767309,4.54526,4.54517,1.6528,4.80571,3.2967
94.09844279,4.5048,4.50471,1.70686,4.8439,3.25151
94.1007473,4.38203,4.38194,1.86871,4.95513,3.1149
94.1032019,4.24912,4.24903,2.04086,5.06953,2.96763
94.10796609,3.98501,3.98491,2.37356,5.28004,2.67679
94.11749447,3.43366,3.43356,3.02777,5.65753,2.07658
94.12828549,2.77459,2.77448,3.73796,6.01761,1.36952
94.14175082,1.90589,1.90578,4.54988,6.36961,0.451961
94.14775347,1.50323,1.50312,4.87883,6.49219,0.0314856
94.15088742,1.2895,1.28938,5.04128,6.54786,-0.190572
94.15389374,1.08236,1.08225,5.19068,6.59595,-0.405041
94.15670792,0.886705,0.88659,5.3248,6.63627,-0.606983
94.1598126,0.668966,0.66885,5.46643,6.67552,-0.830962
94.16281911,0.456318,0.456201,5.59738,6.7083,-1.0489
94.16555949,0.261026,0.260908,5.71154,6.73315,-1.24838
94.16630433,0.207709,0.20759,5.74148,6.7399,-1.3026
94.16727065,0.138392,0.138274,5.78033,6.74716,-1.37316
94.16836182,0.0599276,0.0598089,5.82275,6.75535,-1.45285
94.16968341,-0.0353722,-0.0354913,5.87413,6.76342,-1.54936
94.17130658,-0.152807,-0.152927,5.93516,6.77333,-1.66806
94.17398331,-0.347357,-0.347477,6.03216,6.78548,-1.86381
94.17933677,-0.739473,-0.739594,6.21277,6.79791,-2.25457
94.18363007,-1.05648,-1.0566,6.34479,6.79653,-2.56632
94.18660821,-1.27759,-1.27771,6.42971,6.78968,-2.78108
94.18747353,-1.34183,-1.34196,6.45315,6.7866,-2.84348
94.18829632,-1.40313,-1.40326,6.47544,6.78367,-2.90242
94.18939777,-1.48519,-1.48532,6.50394,6.77857,-2.98134
94.19060301,-1.57498,-1.57511,6.53512,6.77298,-3.06711
94.19192533,-1.67362,-1.67374,6.56788,6.76558,-3.16121
94.19393824,-1.82377,-1.82389,6.61571,6.75252,-3.30333
94.19761607,-2.0981,-2.09822,6.69679,6.72315,-3.55989
94.20497172,-2.64355,-2.64367,6.83467,6.64334,-4.05775
94.21968302,-3.69913,-3.69925,7.01479,6.4022,-4.96469
94.22450779,-4.0316,-4.03171,7.04633,6.29985,-5.23284
94.22870636,-4.31314,-4.31324,7.06286,6.20169,-5.45304
94.23178505,-4.51409,-4.5142,7.06858,6.12444,-5.60657
94.23503984,-4.72072,-4.72082,7.06881,6.03799,-5.76166
94.24154943,-5.11275,-5.11285,7.0515,5.85076,-6.0502
94.24382792,-5.24285,-5.24294,7.03989,5.78076,-6.14447
94.24528362,-5.32391,-5.324,7.03042,5.73439,-6.2029
94.24667677,-5.39996,-5.40005,7.02135,5.69002,-6.25753
94.24850447,-5.49746,-5.49755,7.00713,5.62995,-6.3273
94.25046312,-5.59914,-5.59922,6.98988,5.564,-6.39967
94.2543804,-5.79402,-5.7941,6.94921,5.42726,-6.53707
94.26221498,-6.15134,-6.1514,6.84354,5.13492,-6.78274
94.27376324,-6.60231,-6.60237,6.63024,4.66016,-7.07491
94.28560286,-6.9738,-6.97384,6.34283,4.12222,-7.28913
94.30129156,-7.32809,-7.32811,5.86047,3.33629,-7.44273
94.32696349,-7.57982,-7.57982,4.84419,1.89611,-7.38655
94.35320771,-7.43507,-7.43504,3.54825,0.263815,-6.95695
94.37155361,-7.10439,-7.10435,2.50729,-0.946934,-6.44698
94.37909001,-6.91579,-6.91575,2.05043,-1.45538,-6.18971
94.38189395,-6.838,-6.83795,1.87643,-1.64555,-6.08713
94.38452026,-6.76149,-6.76144,1.71163,-1.82367,-5.9878
94.38977287,-6.59823,-6.59817,1.37717,-2.17896,-5.78005
94.4002781,-6.23208,-6.23201,0.690579,-2.87813,-5.32967
94.42128857,-5.35246,-5.35238,-0.737961,-4.16552,-4.3011
94.42848756,-5.00767,-5.00759,-1.24086,-4.56172,-3.91134
94.43124874,-4.86978,-4.8697,-1.43514,-4.7062,-3.75703
94.43240692,-4.81084,-4.81076,-1.51664,-4.76505,-3.69137
94.4332695,-4.76695,-4.76686,-1.57745,-4.80889,-3.64248
94.43522638,-4.66588,-4.66579,-1.71542,-4.90563,-3.53029
94.43642087,-4.60347,-4.60339,-1.79964,-4.96336,-3.46122
94.43880986,-4.47709,-4.477,-1.96796,-5.07588,-3.32177
94.44358783,-4.21813,-4.21803,-2.30351,-5.28954,-3.03773
94.45314376,-3.67668,-3.67658,-2.9646,-5.67347,-2.45038
94.46390484,-3.03192,-3.03181,-3.6806,-6.03918,-1.76068
94.47749123,-2.17025,-2.17014,-4.51253,-6.4032,-0.852519
94.48483207,-1.68431,-1.68419,-4.9188,-6.55518,-0.346217
94.48856183,-1.43232,-1.43221,-5.112,-6.62052,-0.0851727
94.49202055,-1.19582,-1.19571,-5.28267,-6.67401,0.158944
94.4958617,-0.930192,-0.930076,-5.46263,-6.72548,0.432133
94.50061952,-0.597117,-0.596999,-5.67188,-6.7777,0.773192
94.50433345,-0.334184,-0.334065,-5.82496,-6.80966,1.04119
94.50774872,-0.0902716,-0.0901515,-5.95795,-6.83227,1.28881
94.5085853,-0.0302219,-0.0301015,-5.98914,-6.83659,1.34947
94.50958022,0.0413403,0.0414608,-6.02623,-6.84173,1.42183
94.51063753,0.11756,0.11768,-6.06422,-6.84593,1.49874
94.51210244,0.223442,0.223564,-6.11684,-6.85174,1.60529
94.51424529,0.378889,0.37901,-6.19073,-6.8575,1.7612
94.5181172,0.661336,0.661458,-6.31708,-6.86156,2.04291
94.52211949,0.955189,0.955312,-6.43807,-6.85725,2.33316
94.52510868,1.17573,1.17586,-6.52209,-6.84842,2.54897
94.52853139,1.42913,1.42925,-6.61165,-6.83246,2.79462
94.53071025,1.59084,1.59096,-6.66499,-6.81908,2.94998
94.53217499,1.69955,1.69967,-6.69925,-6.80868,3.05387
94.53440333,1.86489,1.86501,-6.7489,-6.79071,3.21092
94.53860206,2.17642,2.17654,-6.83443,-6.74989,3.50299
94.54699951,2.79387,2.79399,-6.97424,-6.64137,4.06725
94.56124353,3.80192,3.80203,-7.11765,-6.37819,4.9365
94.56610316,4.13091,4.13103,-7.13984,-6.26604,5.20409
94.57008873,4.39301,4.39312,-7.14802,-6.16582,5.41125
94.57305417,4.58268,4.58279,-7.14832,-6.08653,5.55802
94.57616305,4.77595,4.77605,-7.14337,-5.99914,5.7052
94.58238081,5.14245,5.14254,-7.11751,-5.81161,5.97958
94.58445399,5.2584,5.25849,-7.10419,-5.74535,6.06523
94.58614806,5.3507,5.35079,-7.09158,-5.68926,6.13309
94.58772667,5.4347,5.43479,-7.07777,-5.637,6.19462
94.58930536,5.51679,5.51688,-7.06395,-5.58313,6.25452
94.59246275,5.67536,5.67544,-7.03101,-5.47228,6.36948
94.59877751,5.97087,5.97095,-6.94942,-5.23847,6.58021
94.60902005,6.39153,6.3916,-6.77359,-4.82621,6.86826
94.62019613,6.77054,6.77059,-6.52222,-4.3321,7.10773
94.63453511,7.13804,7.13808,-6.11297,-3.63556,7.3027
94.65217501,7.41165,7.41166,-5.48432,-2.69204,7.37398
94.68459162,7.42508,7.42506,-4.01379,-0.758511,7.0481
94.70485289,7.126,7.12597,-2.91089,0.554102,6.56047
94.71441042,6.90614,6.9061,-2.34664,1.19306,6.25837
94.71804613,6.80963,6.80958,-2.12516,1.43836,6.13175
94.71948171,6.76912,6.76907,-2.03673,1.53545,6.07958
94.72082424,6.73123,6.73118,-1.95357,1.62624,6.03079
94.7235093,6.65173,6.65168,-1.78594,1.80782,5.92986
94.72887941,6.48199,6.48194,-1.44571,2.16981,5.71842
94.73961963,6.101,6.10093,-0.747181,2.88174,5.25865
94.76110008,5.18489,5.18481,0.706293,4.18795,4.20406
94.76858377,4.81945,4.81936,1.22652,4.59417,3.79642
94.77223831,4.63271,4.63262,1.48237,4.78091,3.59023
94.77359505,4.56173,4.56164,1.57736,4.84809,3.51226
94.77481767,4.49776,4.49767,1.66308,4.90754,3.442
94.77662987,4.40144,4.40135,1.79013,4.99375,3.33658
94.7785372,4.29875,4.29866,1.92386,5.08203,3.22453
94.78235186,4.08944,4.08934,2.19056,5.25125,2.99711
94.78998118,3.65567,3.65557,2.71864,5.56153,2.52964
94.80181852,2.94542,2.94532,3.51083,5.97169,1.77375
94.81329047,2.21757,2.21746,4.22811,6.28891,1.00935
94.82088968,1.71575,1.71563,4.66641,6.45634,0.487485
94.82511689,1.43028,1.43017,4.89489,6.5349,0.192317
94.82731378,1.28024,1.28013,5.00886,6.57165,0.0376405
94.82931433,1.14266,1.14254,5.10965,6.6027,-0.103917
94.83143019,0.996197,0.99608,5.21314,6.63305,-0.254323
94.833743,0.835028,0.83491,5.32263,6.66329,-0.419498
94.83836863,0.509508,0.509389,5.53065,6.71467,-0.752017
94.84190945,0.257602,0.257481,5.68022,6.74582,-1.00829
94.84490553,0.0427062,0.0425851,5.80039,6.76604,-1.2262
94.84565651,-0.0114027,-0.011524,5.82939,6.7711,-1.28082
94.84654415,-0.0754795,-0.075601,5.86366,6.77567,-1.34561
94.84764997,-0.155483,-0.155605,5.90495,6.78135,-1.42632
94.84891765,-0.247434,-0.247556,5.95228,6.78621,-1.51885
94.85035688,-0.352125,-0.352247,6.00429,6.79173,-1.62407
94.85261417,-0.516929,-0.517052,6.08325,6.79729,-1.78908
94.85692133,-0.833268,-0.833392,6.22514,6.80014,-2.10374
94.86033022,-1.08517,-1.0853,6.32932,6.79522,-2.35209
94.8634768,-1.31876,-1.31889,6.41916,6.78451,-2.58025
94.86415698,-1.36926,-1.36938,6.4376,6.7822,-2.62957
94.86505093,-1.43584,-1.43597,6.46183,6.77777,-2.69407
94.86612627,-1.51593,-1.51606,6.48969,6.77243,-2.77166
94.86742402,-1.61259,-1.61272,6.52332,6.76434,-2.86475
94.86895113,-1.72647,-1.7266,6.56108,6.75482,-2.97429
94.8714133,-1.91009,-1.91021,6.61899,6.73602,-3.14952
94.87633764,-2.27672,-2.27684,6.72387,6.68892,-3.49506
94.88618631,-3.0012,-3.00132,6.89029,6.55747,-4.15875
94.89392335,-3.55593,-3.55605,6.98092,6.42012,-4.64718
94.90040805,-4.00616,-4.00628,7.03,6.28248,-5.02854
94.90314599,-4.19142,-4.19153,7.04342,6.21829,-5.18104
94.90524269,-4.33099,-4.3311,7.0508,6.16674,-5.29415
94.90714075,-4.45541,-4.45552,7.05531,6.11831,-5.39374
94.90902387,-4.5769,-4.577,7.05776,6.06861,-5.48993
94.9127901,-4.8134,-4.8135,7.05669,5.96436,-5.67469
94.91608138,-5.0124,-5.0125,7.04925,5.86803,-5.82804
94.91880249,-5.17108,-5.17117,7.03856,5.78475,-5.94923
94.92077263,-5.28249,-5.28259,7.02826,5.72243,-6.03386
94.92259514,-5.38286,-5.38295,7.01684,5.66327,-6.10986
94.9237297,-5.44402,-5.44411,7.00819,5.62522,-6.15607
94.92579025,-5.55259,-5.55268,6.99246,5.55613,-6.23786
94.92991135,-5.76027,-5.76035,6.95288,5.41158,-6.39321
94.93815355,-6.13952,-6.13959,6.84672,5.1017,-6.67143
94.94951043,-6.58654,-6.5866,6.64304,4.63126,-6.98482
94.96164053,-6.97042,-6.97046,6.35458,4.07639,-7.23134
94.97612698,-7.30544,-7.30547,5.91888,3.34853,-7.40865
95.00010525,-7.57395,-7.57396,4.998,2.00897,-7.43195
95.02491763,-7.49157,-7.49155,3.81138,0.477433,-7.1191
95.0427121,-7.21712,-7.21708,2.83094,-0.69153,-6.69531
95.05025715,-7.04824,-7.0482,2.38538,-1.20037,-6.46734
95.05252982,-6.99138,-6.99133,2.24789,-1.3549,-6.39319
95.05393288,-6.95443,-6.95439,2.16229,-1.4503,-6.34573
95.05527967,-6.91897,-6.91892,2.07964,-1.54205,-6.30018
95.05797326,-6.8443,-6.84425,1.91297,-1.72555,-6.20569
95.06336044,-6.68407,-6.68401,1.57435,-2.09184,-6.00686
95.0741348,-6.32145,-6.32138,0.877804,-2.81406,-5.57136
95.09568352,-5.43941,-5.43933,-0.576979,-4.1472,-4.56126
95.10379827,-5.0554,-5.05531,-1.14188,-4.59652,-4.13522
95.10854685,-4.81821,-4.81812,-1.47522,-4.84198,-3.87503
95.11016768,-4.73473,-4.73464,-1.58935,-4.92252,-3.78444
95.11165077,-4.65836,-4.65827,-1.69379,-4.99467,-3.70079
95.1141744,-4.52571,-4.52562,-1.8715,-5.11399,-3.55683
95.1170912,-4.36949,-4.3694,-2.07662,-5.24657,-3.38794
95.12292481,-4.04799,-4.0479,-2.48467,-5.4952,-3.04247
95.13331753,-3.447,-3.4469,-3.19634,-5.88576,-2.40324
95.14424304,-2.77904,-2.77894,-3.90889,-6.2262,-1.70125
95.159437,-1.79579,-1.79568,-4.79916,-6.58342,-0.681088
95.16478287,-1.4358,-1.43568,-5.08009,-6.67727,-0.310994
95.16995072,-1.08158,-1.08146,-5.33373,-6.75246,0.051547
95.17372399,-0.819375,-0.819256,-5.50762,-6.79779,0.318925
95.17798077,-0.520225,-0.520105,-5.69249,-6.8393,0.622957
95.18215878,-0.223406,-0.223285,-5.86252,-6.87019,0.923502
95.18486709,-0.0293981,-0.029276,-5.96679,-6.88503,1.11929
95.18682406,0.11153,0.111652,-6.0388,-6.89283,1.26121
95.18755041,0.163991,0.164114,-6.06553,-6.89572,1.31388
95.18874398,0.250369,0.250492,-6.10761,-6.89885,1.40065
95.18982142,0.328522,0.328645,-6.1456,-6.90168,1.47898
95.19116182,0.425978,0.426102,-6.19136,-6.90321,1.57643
95.19298158,0.558678,0.558802,-6.25172,-6.90528,1.70883
95.19617777,0.792757,0.792882,-6.35283,-6.9034,1.94138
95.19942186,1.03152,1.03164,-6.44908,-6.89587,2.17701
95.20213081,1.23166,1.23178,-6.52456,-6.88526,2.37307
95.20329655,1.318,1.31813,-6.55539,-6.87924,2.45745
95.20410213,1.37767,1.3778,-6.5767,-6.87508,2.51551
95.20525286,1.46307,1.4632,-6.60567,-6.86786,2.59845
95.20634634,1.54422,1.54435,-6.6332,-6.86099,2.67692
95.20760728,1.6378,1.63793,-6.663,-6.85138,2.76741
95.20923956,1.75903,1.75916,-6.70158,-6.83893,2.88397
95.21202535,1.96593,1.96606,-6.7627,-6.81356,3.08163
95.21759695,2.37851,2.37863,-6.87109,-6.75084,3.47074
95.22874015,3.18953,3.18966,-7.03312,-6.5787,4.21312
95.23729486,3.79062,3.79073,-7.10858,-6.40532,4.74053
95.24232512,4.13206,4.13217,-7.13332,-6.28705,5.02973
95.24474716,4.29265,4.29276,-7.14009,-6.22586,5.16279
95.24658089,4.41233,4.41244,-7.14302,-6.17774,5.26067
95.24824036,4.51908,4.51919,-7.14403,-6.13286,5.34707
95.24997095,4.62872,4.62883,-7.14345,-6.08474,5.435
95.25343212,4.84234,4.84244,-7.13731,-5.98449,5.60433
95.25644803,5.02187,5.02197,-7.12657,-5.89282,5.74494
95.25894366,5.16543,5.16552,-7.11391,-5.81398,5.85652
95.26076248,5.26707,5.26717,-7.10219,-5.75455,5.93516
95.26147406,5.30586,5.30595,-7.09761,-5.7313,5.96509
95.26243701,5.35835,5.35844,-7.09023,-5.69892,6.00559
95.26344692,5.41233,5.41242,-7.0825,-5.66495,6.04717
95.26546673,5.51792,5.518,-7.06486,-5.59533,6.12829
95.26924771,5.70734,5.70742,-7.02602,-5.46048,6.27299
95.27680968,6.05536,6.05544,-6.92585,-5.17353,6.5347
95.28781535,6.4917,6.49176,-6.72787,-4.71658,6.85067
95.29949944,6.86689,6.86693,-6.45226,-4.18328,7.10316
95.31342834,7.19884,7.19887,-6.03983,-3.4877,7.29462
95.33484688,7.47168,7.47169,-5.24128,-2.30691,7.36379
95.3577545,7.45637,7.45636,-4.1886,-0.919113,7.14888
95.37666396,7.21511,7.21507,-3.18253,0.303972,6.75837
95.38683576,7.00299,7.00295,-2.59494,0.983857,6.4721
95.39242237,6.8628,6.86275,-2.2596,1.36157,6.29307
95.39433547,6.811,6.81095,-2.14281,1.49144,6.22829
95.3961092,6.76129,6.76124,-2.03369,1.61185,6.16669
95.39965667,6.65708,6.65702,-1.81314,1.85267,6.03912
95.4067516,6.42995,6.42989,-1.36341,2.33178,5.76702
95.42094147,5.90421,5.90414,-0.433447,3.26193,5.1584
95.43358017,5.35981,5.35973,0.423863,4.03493,4.54826
95.44150992,4.98341,4.98333,0.972877,4.48244,4.13455
95.44545343,4.78661,4.78652,1.24832,4.69187,3.92033
95.44765182,4.67419,4.6741,1.40248,4.80439,3.79853
95.44925242,4.59117,4.59108,1.51472,4.88419,3.70883
95.45045232,4.528,4.52791,1.59895,4.94281,3.64078
95.45174161,4.46013,4.46004,1.68945,5.00466,3.56766
95.45432018,4.32195,4.32186,1.87045,5.1249,3.41931
95.45947734,4.0384,4.0383,2.23132,5.35203,3.11639
95.46979165,3.44405,3.44394,2.94188,5.75543,2.48726
95.48025594,2.80644,2.80633,3.63533,6.09786,1.8197
95.49471757,1.87422,1.87411,4.51474,6.46379,0.85487
95.50219581,1.37083,1.37071,4.92319,6.60489,0.338609
95.50603554,1.10714,1.10703,5.11891,6.66472,0.0693754
95.50962324,0.857835,0.857715,5.29265,6.71297,-0.184459
95.51338646,0.593494,0.593372,5.46539,6.75569,-0.452848
95.51853669,0.227379,0.227256,5.68643,6.80114,-0.823257
95.52203796,-0.0242085,-0.0243326,5.82676,6.82351,-1.07684
95.52520483,-0.253511,-0.253636,5.9469,6.83783,-1.30728
95.52610561,-0.319027,-0.319152,5.97962,6.84063,-1.37282
95.52710907,-0.392155,-0.39228,6.01606,6.84375,-1.44608
95.52820499,-0.47219,-0.472315,6.05428,6.84575,-1.52608
95.52984313,-0.592136,-0.592262,6.11139,6.84874,-1.64567
95.53243914,-0.782942,-0.783068,6.19761,6.84967,-1.83527
95.53572382,-1.02551,-1.02563,6.30072,6.84557,-2.07517
95.53808071,-1.20024,-1.20037,6.37062,6.83901,-2.24677
95.54026919,-1.36293,-1.36306,6.43247,6.83023,-2.40612
95.54249101,-1.52848,-1.52861,6.49227,6.81869,-2.56722
95.54373712,-1.62133,-1.62146,6.52392,6.81055,-2.65715
95.54526959,-1.73566,-1.73579,6.56284,6.80054,-2.76774
95.54783201,-1.92683,-1.92695,6.62377,6.78018,-2.95148
95.55295685,-2.30844,-2.30857,6.73377,6.72916,-3.31441
95.56320654,-3.06156,-3.06168,6.90679,6.58675,-4.01364
95.57159529,-3.66016,-3.66028,7.0023,6.43109,-4.55061
95.57860281,-4.1417,-4.14181,7.05068,6.27481,-4.96784
95.58168909,-4.34731,-4.34742,7.06299,6.19853,-5.14135
95.58346423,-4.46349,-4.46361,7.0676,6.15263,-5.23806
95.58514133,-4.5717,-4.57181,7.07031,6.10791,-5.32729
95.58727422,-4.70692,-4.70703,7.07146,6.04919,-5.43776
95.58963216,-4.85308,-4.85319,7.06975,5.98186,-5.55603
95.59434804,-5.13375,-5.13385,7.05703,5.83976,-5.78081
95.59624349,-5.24196,-5.24206,7.04784,5.77939,-5.86682
95.59738554,-5.30534,-5.30544,7.04231,5.74302,-5.91703
95.59848489,-5.36636,-5.36645,7.03529,5.70668,-5.96537
95.59993932,-5.44498,-5.44507,7.026,5.65859,-6.02753
95.60147293,-5.52613,-5.52621,7.0145,5.60655,-6.09156
95.60454014,-5.68312,-5.68321,6.98768,5.49948,-6.215
95.61067456,-5.97678,-5.97686,6.91894,5.27366,-6.44368
95.62098761,-6.41204,-6.41211,6.75902,4.86025,-6.77426
95.63198588,-6.79823,-6.79828,6.52897,4.37499,-7.05343
95.64636118,-7.18511,-7.18514,6.13982,3.67675,-7.30622
95.66351152,-7.47613,-7.47615,5.55234,2.75821,-7.44547
95.69624714,-7.53998,-7.53996,4.104,0.797388,-7.24708
95.71689456,-7.26297,-7.26294,2.99431,-0.550855,-6.82477
95.72656356,-7.05221,-7.05217,2.42772,-1.20348,-6.55161
95.73017006,-6.96073,-6.96069,2.20929,-1.44928,-6.43781
95.73159577,-6.92217,-6.92212,2.12194,-1.5467,-6.39061
95.73299454,-6.88434,-6.88429,2.03572,-1.64227,-6.34431
95.73579208,-6.80468,-6.80463,1.8618,-1.83343,-6.24803
95.74138715,-6.63368,-6.63363,1.50835,-2.21449,-6.04481
95.75257729,-6.24661,-6.24654,0.780943,-2.96305,-5.59732
95.77495757,-5.30549,-5.30541,-0.737554,-4.32575,-4.55195
95.78248235,-4.94113,-4.94104,-1.26305,-4.73077,-4.15756
95.7848547,-4.82144,-4.82135,-1.42997,-4.85186,-4.02892
95.78603315,-4.7609,-4.76081,-1.51288,-4.91023,-3.96407
95.78715336,-4.70335,-4.70326,-1.59182,-4.96572,-3.90242
95.78886073,-4.61434,-4.61425,-1.71213,-5.04793,-3.80731
95.79189103,-4.45371,-4.45362,-1.92567,-5.18897,-3.63618
95.79795164,-4.12257,-4.12247,-2.35089,-5.45301,-3.2853
95.80804241,-3.54358,-3.54348,-3.04637,-5.84161,-2.67713
95.81909516,-2.87265,-2.87255,-3.77585,-6.19655,-1.97949
95.83308048,-1.97464,-1.97452,-4.6181,-6.54266,-1.05545
95.83891457,-1.58494,-1.58483,-4.93657,-6.65342,-0.657456
95.84223416,-1.35954,-1.35942,-5.10791,-6.7077,-0.428
95.84536118,-1.14496,-1.14484,-5.26239,-6.75307,-0.210046
95.84839134,-0.935062,-0.934942,-5.40566,-6.79175,0.00271379
95.85338835,-0.584971,-0.584849,-5.62849,-6.84421,0.356614
95.85948132,-0.151979,-0.151855,-5.87821,-6.88927,0.792613
95.86352514,0.138835,0.138959,-6.03088,-6.90779,1.08428
95.86717029,0.403122,0.403248,-6.15975,-6.91676,1.34848
95.86811059,0.471616,0.471741,-6.19138,-6.91765,1.41664
95.86904818,0.540032,0.540159,-6.22291,-6.91854,1.4848
95.87017422,0.622354,0.62248,-6.25975,-6.91805,1.56666
95.87222967,0.773027,0.773154,-6.325,-6.91717,1.71608
95.8757064,1.02895,1.02908,-6.42951,-6.90942,1.96882
95.87834493,1.22394,1.22407,-6.50394,-6.89922,2.16018
95.88042871,1.37833,1.37846,-6.55974,-6.88854,2.3113
95.88266661,1.54447,1.54459,-6.61675,-6.87451,2.47298
95.88393177,1.63839,1.63852,-6.64704,-6.86487,2.56398
95.88556162,1.75948,1.75961,-6.68605,-6.85245,2.6812
95.88834277,1.96611,1.96624,-6.7479,-6.82714,2.87994
95.89390507,2.37814,2.37826,-6.85781,-6.76458,3.2722
95.90502967,3.18813,3.18826,-7.02305,-6.59283,4.02513
95.91377184,3.80231,3.80243,-7.10244,-6.41534,4.57698
95.92110088,4.29472,4.29483,-7.13527,-6.23858,5.00455
95.92418051,4.49432,4.49443,-7.13996,-6.15684,5.17351
95.92660756,4.648,4.64811,-7.13991,-6.08936,5.30182
95.92882887,4.78555,4.78565,-7.13698,-6.02529,5.41546
95.93086416,4.90876,4.90886,-7.1319,-5.96465,5.5164
95.93493475,5.14624,5.14634,-7.11492,-5.83796,5.70944
95.93637174,5.22713,5.22722,-7.10638,-5.79123,5.77433
95.93732338,5.27947,5.27956,-7.10073,-5.76028,5.8173
95.93824013,5.32989,5.32998,-7.09416,-5.72958,5.85727
95.93947566,5.39633,5.39642,-7.0853,-5.6882,5.91114
95.94079293,5.46586,5.46595,-7.07463,-5.64312,5.96703
95.94331073,5.59507,5.59515,-7.05164,-5.55495,6.07066
95.94834634,5.83947,5.83955,-6.99559,-5.37083,6.26541
95.95841755,6.27489,6.27495,-6.84403,-4.97256,6.60588
95.96915402,6.66356,6.66361,-6.62609,-4.50595,6.898
95.98198929,7.02909,7.02913,-6.29231,-3.89497,7.15299
95.99879633,7.34873,7.34876,-5.74161,-3.0157,7.33519
96.02562298,7.49904,7.49903,-4.6222,-1.45608,7.28433
96.05807356,7.12492,7.12488,-2.93165,0.618776,6.70001
96.06957619,6.85177,6.85172,-2.25243,1.38882,6.36147
96.07311156,6.75349,6.75344,-2.03593,1.62783,6.24408
96.07547408,6.6842,6.68415,-1.88943,1.78754,6.16229
96.07809759,6.60395,6.60389,-1.72514,1.96491,6.06842
96.08334463,6.43325,6.43319,-1.39187,2.31787,5.8713
96.09383869,6.0525,6.05243,-0.708213,3.00978,5.44104
96.11482681,5.14483,5.14475,0.712525,4.27152,4.44791
96.12210207,4.78657,4.78648,1.21809,4.65964,4.06428
96.12558656,4.60739,4.60729,1.46193,4.83452,3.87373
96.12687335,4.53972,4.53963,1.55197,4.89714,3.80202
96.12804685,4.47801,4.47792,1.63423,4.95327,3.73663
96.13013049,4.36667,4.36657,1.7803,5.05058,3.61895
96.13429776,4.13923,4.13914,2.07193,5.23644,3.37939
96.14253332,3.67197,3.67186,2.64298,5.57082,2.89029
96.15420933,2.97175,2.97164,3.42745,5.97305,2.16395
96.16616916,2.21269,2.21258,4.17969,6.30035,1.38393
96.17390382,1.70111,1.701,4.62856,6.46719,0.861886
96.17830402,1.40335,1.40323,4.86784,6.54658,0.559253
96.18040791,1.25935,1.25923,4.97767,6.58059,0.413198
96.18242189,1.12057,1.12045,5.07985,6.61076,0.272617
96.18423424,0.994928,0.994807,5.1693,6.63593,0.145497
96.18618779,0.858726,0.858605,5.26311,6.66096,0.00785056
96.19009488,0.584034,0.583911,5.44278,6.70452,-0.26926
96.19732146,0.068561,0.0684358,5.74829,6.76242,-0.78741
96.20146803,-0.231257,-0.231383,5.90824,6.78245,-1.08755
96.20523633,-0.50604,-0.506167,6.04412,6.79238,-1.36164
96.20632843,-0.58607,-0.586197,6.08149,6.7935,-1.44133
96.20731268,-0.658339,-0.658466,6.11517,6.7945,-1.51314
96.20842792,-0.740379,-0.740506,6.15223,6.79399,-1.59452
96.21065839,-0.904915,-0.905043,6.22404,6.79295,-1.75742
96.21352487,-1.11716,-1.11729,6.31183,6.78679,-1.96678
96.21693754,-1.37081,-1.37094,6.40979,6.77368,-2.21555
96.21787212,-1.44049,-1.44062,6.43507,6.76873,-2.28368
96.21895058,-1.52089,-1.52101,6.46425,6.76301,-2.36204
96.22022929,-1.61621,-1.61634,6.49697,6.75461,-2.45495
96.22173984,-1.72896,-1.72909,6.53563,6.74468,-2.56439
96.22418488,-1.91146,-1.91159,6.59433,6.72522,-2.74084
96.22905988,-2.27475,-2.27488,6.70064,6.67712,-3.0893
96.2388099,-2.99281,-2.99294,6.87074,6.54447,-3.76582
96.25830993,-4.33783,-4.33795,7.04468,6.14007,-4.97494
96.26461831,-4.73847,-4.73858,7.05406,5.97052,-5.31815
96.27073061,-5.10371,-5.10381,7.04176,5.78897,-5.62526
96.27323692,-5.24613,-5.24622,7.03068,5.7097,-5.74382
96.27477989,-5.33149,-5.33159,7.02152,5.65904,-5.81467
96.27624913,-5.41109,-5.41118,7.01279,5.61081,-5.88062
96.27797488,-5.50247,-5.50256,7.0003,5.5524,-5.95623
96.28041731,-5.62797,-5.62805,6.97987,5.46759,-6.05984
96.28530216,-5.86595,-5.86603,6.92941,5.29055,-6.25531
96.29507187,-6.29217,-6.29224,6.79084,4.90782,-6.60017
96.30557636,-6.67908,-6.67914,6.58732,4.45558,-6.90364
96.31890535,-7.0668,-7.06684,6.25101,3.82507,-7.19016
96.33539758,-7.39064,-7.39067,5.72078,2.96521,-7.39538
96.36359744,-7.55993,-7.55993,4.55155,1.3245,-7.37973
96.39505331,-7.2095,-7.20947,2.91237,-0.692124,-6.85215
96.4060741,-6.95719,-6.95714,2.26228,-1.43112,-6.54536
96.4100586,-6.84998,-6.84993,2.01841,-1.7007,-6.41946
96.41393534,-6.73785,-6.7378,1.77712,-1.96298,-6.28968
96.4175099,-6.62782,-6.62776,1.55137,-2.20415,-6.16383
96.42465901,-6.38915,-6.38909,1.09123,-2.6817,-5.89492
96.43895725,-5.84102,-5.84095,0.140764,-3.59753,-5.29184
96.45002691,-5.35493,-5.35485,-0.618498,-4.25172,-4.76835
96.45594448,-5.0739,-5.07381,-1.03117,-4.57606,-4.46919
96.45962766,-4.89182,-4.89173,-1.28978,-4.76721,-4.27648
96.46189509,-4.77706,-4.77697,-1.44957,-4.88047,-4.15543
96.46335236,-4.7018,-4.70171,-1.55226,-4.95138,-4.07669
96.46504366,-4.61445,-4.61436,-1.67155,-5.03184,-3.9844
96.46842626,-4.43565,-4.43555,-1.91013,-5.18697,-3.79696
96.47519147,-4.06577,-4.06567,-2.38514,-5.47502,-3.41109
96.48542876,-3.47669,-3.47659,-3.0905,-5.85693,-2.80103
96.49701916,-2.7704,-2.77029,-3.85292,-6.21345,-2.07557
96.51115684,-1.8586,-1.85849,-4.69644,-6.54207,-1.14687
96.51649485,-1.50093,-1.50081,-4.98506,-6.6361,-0.784646
96.51986232,-1.27182,-1.2717,-5.15753,-6.68703,-0.553177
96.52262952,-1.08167,-1.08155,-5.29343,-6.72406,-0.361388
96.5254663,-0.885085,-0.884965,-5.42727,-6.75754,-0.163397
96.53113985,-0.487251,-0.487129,-5.67882,-6.81097,0.236394
96.53842315,0.0317374,0.0318612,-5.97117,-6.85335,0.756097
96.54258586,0.332208,0.332333,-6.12315,-6.86445,1.05592
96.54628092,0.60102,0.601146,-6.24902,-6.86638,1.32333
96.54822931,0.743512,0.743638,-6.31199,-6.86442,1.46477
96.54931336,0.822993,0.823119,-6.34541,-6.8619,1.54346
96.55115569,0.95837,0.958496,-6.40221,-6.85762,1.67734
96.55385208,1.1571,1.15723,-6.48074,-6.84731,1.87327
96.55713326,1.39971,1.39984,-6.57036,-6.82957,2.11137
96.55812818,1.47346,1.47359,-6.59593,-6.82278,2.18357
96.55921757,1.55422,1.55435,-6.62392,-6.81535,2.26239
96.56057017,1.65448,1.65461,-6.65727,-6.80428,2.36027
96.56234355,1.78601,1.78614,-6.69935,-6.78976,2.48821
96.56539565,2.01238,2.01251,-6.76735,-6.7599,2.7074
96.57149985,2.46334,2.46347,-6.88673,-6.68589,3.14036
96.58370825,3.34589,3.34601,-7.05981,-6.48236,3.97076
96.59322029,4.00339,4.00351,-7.13477,-6.27392,4.57171
96.60119558,4.52463,4.52473,-7.15784,-6.06665,5.03416
96.60449033,4.73043,4.73053,-7.15688,-5.97254,5.21284
96.60764233,4.92104,4.92114,-7.1503,-5.87799,5.37647
96.61020323,5.0709,5.071,-7.14092,-5.79798,5.5041
96.61185111,5.16479,5.16489,-7.13257,-5.74467,5.5832
96.61274798,5.21481,5.21491,-7.12802,-5.71566,5.62625
96.61336848,5.24942,5.24951,-7.1241,-5.69498,5.6552
96.61395412,5.28139,5.28148,-7.12039,-5.67546,5.68254
96.61483171,5.32929,5.32939,-7.11483,-5.64621,5.72257
96.6157573,5.37895,5.37904,-7.10784,-5.61447,5.7648
96.61729689,5.46006,5.46015,-7.0962,-5.56169,5.83327
96.62031595,5.61388,5.61397,-7.06894,-5.45475,5.96289
96.62561813,5.86787,5.86795,-7.00936,-5.25802,6.17587
96.63622248,6.31702,6.31708,-6.84646,-4.83174,6.54711
96.64641038,6.67721,6.67727,-6.63652,-4.38285,6.83632
96.66014763,7.05571,7.05575,-6.2741,-3.72096,7.12373
96.67683402,7.35397,7.35399,-5.7184,-2.83786,7.31795
96.70591072,7.46753,7.46752,-4.48004,-1.12843,7.26829
96.73206839,7.15133,7.1513,-3.11044,0.551043,6.82626
96.74270891,6.91364,6.9136,-2.49067,1.26161,6.54329
96.74659931,6.81148,6.81143,-2.25574,1.52408,6.42545
96.74822822,6.76634,6.76629,-2.15614,1.63398,6.37388
96.75007636,6.71347,6.71342,-2.04231,1.75872,6.31382
96.75377263,6.60257,6.60252,-1.81216,2.0082,6.18889
96.76116518,6.36063,6.36057,-1.3425,2.50291,5.92019
96.77595028,5.79989,5.79982,-0.37038,3.45542,5.31134
96.78754696,5.29192,5.29184,0.418232,4.14719,4.77069
96.79635198,4.86841,4.86832,1.02876,4.62655,4.32536
96.80027047,4.66981,4.66972,1.30292,4.82496,4.11788
96.80164708,4.59825,4.59816,1.39957,4.89231,4.04336
96.80294714,4.53068,4.53059,1.49086,4.95473,3.97299
96.80458403,4.44425,4.44416,1.60579,5.03165,3.88315
96.80777091,4.27315,4.27305,1.82966,5.17618,3.70567
96.81414467,3.92005,3.91995,2.27576,5.44527,3.34083
96.82427859,3.3304,3.33029,2.97314,5.8206,2.73527
96.83560847,2.63324,2.63313,3.7204,6.16647,2.02425
96.84961893,1.72193,1.72182,4.5646,6.48941,1.1014
96.85563979,1.31481,1.3147,4.89352,6.59303,0.691199
96.85881417,1.0967,1.09658,5.05749,6.63924,0.471911
96.86187333,0.884415,0.884294,5.20888,6.67832,0.258785
96.86496478,0.667924,0.667802,5.35522,6.7124,0.0417369
96.86831138,0.431461,0.431339,5.50626,6.74321,-0.194994
96.87500457,-0.0474443,-0.0475688,5.78607,6.78597,-0.673325
96.87942096,-0.367483,-0.367609,5.9548,6.80053,-0.992052
96.88226175,-0.574906,-0.575033,6.05678,6.80352,-1.19827
96.88312789,-0.638431,-0.638557,6.08663,6.80443,-1.26114
96.88397751,-0.700744,-0.700871,6.11591,6.804,-1.32304
96.88510023,-0.783295,-0.783422,6.15318,6.80343,-1.40484
96.88632337,-0.873406,-0.873533,6.19379,6.8013,-1.49395
96.8876619,-0.972216,-0.972343,6.23671,6.79897,-1.59164
96.88969625,-1.12275,-1.12288,6.29981,6.7929,-1.7401
96.89307635,-1.37366,-1.37379,6.39905,6.7779,-1.98677
96.8940337,-1.44493,-1.44506,6.42557,6.77226,-2.05664
96.8951123,-1.52524,-1.52536,6.45545,6.76591,-2.13523
96.8963967,-1.62086,-1.62099,6.48914,6.75669,-2.22881
96.89793324,-1.73539,-1.73552,6.52943,6.74566,-2.34035
96.90044241,-1.92243,-1.92255,6.59118,6.72413,-2.5225
96.90546076,-2.29583,-2.29596,6.70327,6.67124,-2.88364
96.91549745,-3.03322,-3.03334,6.88232,6.52697,-3.58744
96.93557085,-4.40771,-4.40782,7.06398,6.09191,-4.85468
96.93668749,-4.47975,-4.47986,7.06627,6.06125,-4.91909
96.93892078,-4.62208,-4.62218,7.07084,5.99993,-5.04572
96.94058373,-4.72629,-4.72639,7.07189,5.95238,-5.13781
96.94119458,-4.76396,-4.76406,7.07228,5.93491,-5.1709
96.94214468,-4.82255,-4.82265,7.07178,5.90688,-5.22237
96.9430529,-4.87738,-4.87749,7.07131,5.88008,-5.27024
96.94443153,-4.96063,-4.96073,7.06935,5.83841,-5.34291
96.94718881,-5.12212,-5.12222,7.06224,5.75256,-5.48311
96.9491442,-5.2332,-5.23329,7.05464,5.68966,-5.57919
96.95047606,-5.30714,-5.30724,7.04826,5.64588,-5.64308
96.95271159,-5.42813,-5.42822,7.03535,5.57068,-5.74756
96.95484241,-5.53988,-5.53996,7.0205,5.49703,-5.84396
96.95910405,-5.75328,-5.75336,6.98343,5.34407,-6.02767
96.96762732,-6.1416,-6.14167,6.88026,5.01613,-6.35952
96.97907735,-6.58591,-6.58597,6.68237,4.53148,-6.7324
96.99136427,-6.96719,-6.96724,6.39705,3.95855,-7.04131
97.00588624,-7.29359,-7.29362,5.9672,3.21666,-7.28708
97.03046298,-7.5492,-7.5492,5.03075,1.82407,-7.41821
97.05583817,-7.43809,-7.43807,3.81847,0.239444,-7.19529
97.07321068,-7.15235,-7.15231,2.86111,-0.909076,-6.84321
97.08036934,-6.98667,-6.98663,2.43901,-1.3927,-6.65268
97.08301932,-6.91842,-6.91838,2.27894,-1.57276,-6.5756
97.08550564,-6.85109,-6.85104,2.12702,-1.7417,-6.50017
97.09047828,-6.70708,-6.70703,1.81848,-2.07909,-6.3405
97.10042355,-6.38286,-6.3828,1.18407,-2.74528,-5.98716
97.12031411,-5.59885,-5.59877,-0.142402,-3.98904,-5.15373
97.13217089,-5.05027,-5.05018,-0.962159,-4.64472,-4.58133
97.13744698,-4.78757,-4.78748,-1.33203,-4.9111,-4.30937
97.13930307,-4.69251,-4.69242,-1.46276,-5.00074,-4.21127
97.14105731,-4.60146,-4.60137,-1.58632,-5.08337,-4.11742
97.14302043,-4.49821,-4.49812,-1.72464,-5.1734,-4.01115
97.14694667,-4.28749,-4.28739,-2.00128,-5.34588,-3.79474
97.1535126,-3.923,-3.9229,-2.46117,-5.61244,-3.42176
97.16124003,-3.47555,-3.47545,-2.99403,-5.89218,-2.96592
97.17437086,-2.67334,-2.67323,-3.85911,-6.28586,-2.15333
97.18365557,-2.07677,-2.07665,-4.42673,-6.50324,-1.55228
97.19155553,-1.55183,-1.55172,-4.87081,-6.64899,-1.02538
97.19478289,-1.33306,-1.33294,-5.04073,-6.69824,-0.806282
97.19787727,-1.12112,-1.121,-5.1969,-6.7399,-0.594287
97.20051723,-0.938705,-0.938585,-5.32487,-6.77116,-0.412021
97.20347337,-0.73278,-0.732659,-5.46248,-6.8015,-0.20648
97.20938567,-0.316055,-0.315932,-5.72031,-6.84755,0.208788
97.21834354,0.326302,0.326427,-6.06828,-6.88056,0.846948
97.22227778,0.612239,0.612366,-6.20513,-6.88117,1.13012
97.22617454,0.897414,0.897541,-6.33126,-6.87352,1.41193
97.22720197,0.972964,0.973092,-6.36264,-6.86986,1.48623
97.22822255,1.04801,1.04814,-6.39381,-6.86622,1.56022
97.2309572,1.24971,1.24984,-6.47337,-6.853,1.7585
97.23290622,1.39387,1.394,-6.52731,-6.84116,1.89981
97.23401317,1.47575,1.47588,-6.55655,-6.83321,1.98007
97.23514661,1.55974,1.55987,-6.58649,-6.82508,2.06213
97.23641625,1.65382,1.65395,-6.61868,-6.81421,2.15405
97.23820551,1.78641,1.78654,-6.66241,-6.79889,2.28335
97.2413285,2.01784,2.01796,-6.73414,-6.76716,2.50824
97.24757449,2.47881,2.47894,-6.86019,-6.68877,2.95341
97.26006646,3.37995,3.38007,-7.04348,-6.47398,3.811
97.27004925,4.0662,4.06632,-7.1249,-6.24839,4.45028
97.27841493,4.60694,4.60704,-7.14936,-6.02377,4.94292
97.28198327,4.82616,4.82627,-7.14778,-5.9183,5.13927
97.28419126,4.95784,4.95794,-7.14325,-5.85022,5.25623
97.28629106,5.07992,5.08002,-7.13643,-5.7835,5.36414
97.28853611,5.20682,5.20692,-7.12612,-5.70981,5.47593
97.28908498,5.23714,5.23723,-7.1236,-5.69179,5.5026
97.28961612,5.26648,5.26657,-7.12044,-5.67379,5.5284
97.29131863,5.35863,5.35872,-7.11029,-5.6161,5.60943
97.29258767,5.42584,5.42593,-7.10151,-5.57216,5.6685
97.29512576,5.55656,5.55664,-7.08137,-5.4823,5.78329
97.29932566,5.76235,5.76243,-7.04047,-5.32784,5.96364
97.30772545,6.13643,6.1365,-6.9309,-4.99804,6.2894
97.31857417,6.54854,6.54859,-6.73596,-4.53275,6.64286
97.33011281,6.90166,6.90171,-6.46479,-3.99202,6.93725
97.34632398,7.25349,7.25351,-5.97856,-3.15969,7.21202
97.37097316,7.47592,7.47592,-5.02395,-1.75494,7.32937
97.39655648,7.32579,7.32577,-3.78984,-0.15457,7.08619
97.41416709,7.00775,7.00771,-2.81329,1.00686,6.71385
97.4216064,6.82266,6.82261,-2.3724,1.50674,6.50826
97.42435972,6.74671,6.74666,-2.20524,1.69247,6.4251
97.42693149,6.67226,6.6722,-2.04732,1.86596,6.34408
97.43207503,6.51342,6.51336,-1.72665,2.21167,6.17266
97.44236211,6.15736,6.15729,-1.0677,2.89127,5.79355
97.46293626,5.3022,5.30212,0.307707,4.14209,4.90081
97.47419123,4.75818,4.75809,1.08496,4.73795,4.34104
97.4797114,4.47268,4.47259,1.47038,5.00311,4.04905
97.4816643,4.36883,4.36874,1.60718,5.09236,3.9431
97.48347652,4.27119,4.27109,1.73412,5.17296,3.8436
97.48710095,4.07234,4.07224,1.9878,5.32772,3.64129
97.49434981,3.66096,3.66086,2.49177,5.61222,3.22403
97.50344372,3.12053,3.12042,3.11117,5.9234,2.67809
97.5139621,2.46423,2.46412,3.79704,6.22152,2.01799
97.53131808,1.31783,1.31771,4.80508,6.57223,0.871
97.53716065,0.915405,0.915282,5.10458,6.65113,0.469954
97.5428068,0.519596,0.519472,5.37269,6.70892,0.0762094
97.54733592,0.197631,0.197505,5.57242,6.74229,-0.243576
97.55243613,-0.169209,-0.169336,5.78121,6.76616,-0.607374
97.55699941,-0.500904,-0.501033,5.95384,6.77534,-0.935738
97.55977655,-0.704243,-0.704372,6.05244,6.77533,-1.1367
97.56205314,-0.871697,-0.871827,6.12966,6.77218,-1.30198
97.56434068,-1.04057,-1.0407,6.204,6.76619,-1.46847
97.56566334,-1.13857,-1.1387,6.24551,6.7608,-1.56474
97.56745655,-1.27143,-1.27156,6.29957,6.7535,-1.69544
97.56836671,-1.33908,-1.33921,6.32701,6.74857,-1.76178
97.56936039,-1.41294,-1.41307,6.35551,6.74319,-1.8342
97.57044452,-1.49352,-1.49365,6.38661,6.73612,-1.91322
97.57161464,-1.58066,-1.58079,6.41855,6.72849,-1.9985
97.57290969,-1.6771,-1.67723,6.4539,6.71883,-2.09273
97.57491282,-1.82628,-1.82641,6.50586,6.70215,-2.23849
97.57854619,-2.09687,-2.097,6.5939,6.66656,-2.50182
97.58581292,-2.63499,-2.63512,6.74619,6.57503,-3.02237
97.60034638,-3.6773,-3.67742,6.957,6.31325,-4.01589
97.61148054,-4.42431,-4.42442,7.03526,6.04415,-4.71259
97.61740275,-4.79711,-4.79721,7.04788,5.87752,-5.05391
97.62032079,-4.97326,-4.97336,7.04677,5.78956,-5.21352
97.62309514,-5.13533,-5.13543,7.0413,5.70245,-5.35959
97.62519071,-5.254,-5.2541,7.03432,5.63441,-5.46622
97.62696719,-5.35193,-5.35202,7.02649,5.57526,-5.55412
97.62792831,-5.40388,-5.40397,7.02108,5.54234,-5.60074
97.62967009,-5.49621,-5.4963,7.01127,5.48269,-5.68358
97.63269277,-5.65103,-5.65111,6.98952,5.37555,-5.82238
97.63873814,-5.94086,-5.94094,6.93127,5.15008,-6.08161
97.64900229,-6.37525,-6.37532,6.78826,4.73435,-6.46725
97.65987636,-6.75896,-6.75901,6.57786,4.25096,-6.8027
97.67404351,-7.14425,-7.14429,6.21675,3.55976,-7.12943
97.69077428,-7.43626,-7.43628,5.67081,2.66272,-7.35805
97.72318049,-7.52214,-7.52213,4.28811,0.725262,-7.33919
97.74326947,-7.27101,-7.27098,3.23808,-0.581368,-7.03533
97.75258567,-7.07847,-7.07843,2.70575,-1.20703,-6.82154
97.75515631,-7.01704,-7.017,2.55408,-1.38144,-6.75461
97.75646608,-6.98397,-6.98392,2.47583,-1.4703,-6.71882
97.75771516,-6.95243,-6.95238,2.40121,-1.55522,-6.68468
97.76021331,-6.8861,-6.88605,2.25026,-1.72506,-6.61331
97.76520961,-6.74398,-6.74393,1.94352,-2.06414,-6.46155
97.77520222,-6.42304,-6.42297,1.31216,-2.73395,-6.12311
97.79518743,-5.64356,-5.64348,-0.010585,-3.98545,-5.31575
97.8075384,-5.07533,-5.07524,-0.860439,-4.66773,-4.73501
97.81305274,-4.8013,-4.80121,-1.2459,-4.94468,-4.45656
97.8148083,-4.7111,-4.71101,-1.36929,-5.02895,-4.36512
97.81601403,-4.64915,-4.64906,-1.45403,-5.08519,-4.30232
97.81718864,-4.58788,-4.58778,-1.53673,-5.13997,-4.24028
97.81953786,-4.46379,-4.46369,-1.70211,-5.24584,-4.11474
97.82420891,-4.21113,-4.21103,-2.03066,-5.4457,-3.85959
97.833551,-3.68332,-3.68322,-2.68147,-5.80457,-3.32825
97.84264181,-3.14259,-3.14248,-3.29885,-6.10297,-2.78589
97.85739328,-2.21424,-2.21412,-4.23624,-6.48365,-1.85852
97.86640564,-1.61873,-1.61861,-4.755,-6.65411,-1.26574
97.87066706,-1.33023,-1.3301,-4.98315,-6.71846,-0.979056
97.87336207,-1.14563,-1.14551,-5.12114,-6.75383,-0.795795
97.87591553,-0.969306,-0.969183,-5.24722,-6.78354,-0.620853
97.87828352,-0.8046,-0.804476,-5.36009,-6.80782,-0.457537
97.8830195,-0.471982,-0.471857,-5.57447,-6.84696,-0.128003
97.89249146,0.20465,0.204779,-5.95955,-6.88804,0.541204
97.89829939,0.626267,0.626396,-6.16757,-6.88895,0.95728
97.9015383,0.863351,0.863481,-6.27446,-6.88152,1.19085
97.90328244,0.991552,0.991682,-6.32934,-6.87517,1.31708
97.90443885,1.07679,1.07692,-6.36428,-6.8697,1.40077
97.90565758,1.16662,1.16675,-6.4011,-6.86392,1.48916
97.90796178,1.33691,1.33704,-6.46745,-6.85016,1.65627
97.91007768,1.49362,1.49375,-6.52556,-6.83505,1.80973
97.91124389,1.58,1.58013,-6.55598,-6.82533,1.89431
97.91253873,1.67599,1.67612,-6.58975,-6.81454,1.98823
97.91452635,1.82333,1.82346,-6.63894,-6.79567,2.13219
97.91811694,2.08951,2.08964,-6.72182,-6.75643,2.3915
97.92529813,2.61861,2.61874,-6.86458,-6.65833,2.90468
97.9396605,3.64344,3.64356,-7.05946,-6.38629,3.88762
97.950746,4.38371,4.38382,-7.12855,-6.10959,4.58604
97.95784092,4.82522,4.82532,-7.13619,-5.90306,4.99633
97.96112236,5.01923,5.01933,-7.13018,-5.79995,5.1749
97.96388095,5.1765,5.1766,-7.12052,-5.70967,5.31903
97.96509649,5.244,5.2441,-7.11456,-5.66856,5.38028
97.96623483,5.30568,5.30577,-7.10897,-5.63006,5.43763
97.96735109,5.36616,5.36625,-7.10207,-5.59121,5.49197
97.96856191,5.43012,5.43021,-7.09459,-5.54908,5.55091
97.97079185,5.54498,5.54507,-7.07806,-5.46937,5.65585
97.97513166,5.75793,5.75801,-7.03826,-5.30848,5.85022
97.98381127,6.14379,6.14386,-6.92894,-4.9645,6.20116
97.99497333,6.56473,6.56479,-6.73163,-4.48065,6.58058
98.00643598,6.91156,6.9116,-6.46483,-3.93806,6.88798
98.02296851,7.26352,7.26354,-5.97169,-3.08149,7.1881
98.04657827,7.47213,7.47213,-5.06412,-1.72819,7.3327
98.07557346,7.27884,7.27881,-3.6633,0.0965917,7.07695
98.08970304,7.01228,7.01224,-2.87762,1.03409,6.78644
98.09687761,6.83539,6.83534,-2.45534,1.51732,6.599
98.0994033,6.76661,6.76656,-2.30317,1.68807,6.52677
98.10174102,6.70003,6.69997,-2.16081,1.8461,6.45711
98.10641646,6.55861,6.55855,-1.87204,2.16125,6.30989
98.11576735,6.2438,6.24374,-1.27943,2.78278,5.98484
98.13446911,5.49404,5.49396,-0.0435194,3.94567,5.22002
98.14668619,4.92264,4.92255,0.793609,4.6178,4.64263
98.15228743,4.64012,4.64003,1.18342,4.89757,4.35837
98.15478267,4.51023,4.51014,1.35808,5.01593,4.22791
98.15570846,4.46112,4.46102,1.42289,5.05879,4.17862
98.15756003,4.36288,4.36279,1.5527,5.14275,4.08006
98.16126034,4.16218,4.16208,1.81212,5.30373,3.87894
98.16866095,3.74635,3.74624,2.32868,5.59939,3.46304
98.1774188,3.23072,3.23061,2.93031,5.90545,2.94864
98.19125236,2.36909,2.36897,3.8359,6.29528,2.09164
98.20468796,1.48299,1.48287,4.63104,6.56653,1.21302
98.21093538,1.05581,1.05569,4.96525,6.65707,0.790279
98.21449498,0.808484,0.808359,5.14427,6.69865,0.545734
98.21750443,0.597327,0.5972,5.28882,6.72819,0.337074
98.22057236,0.380257,0.380129,5.42978,6.75305,0.122682
98.22670821,-0.058874,-0.0590037,5.6928,6.78699,-0.31069
98.23302141,-0.516949,-0.51708,5.93789,6.80015,-0.762221
98.23694437,-0.804462,-0.804594,6.07739,6.7973,-1.04527
98.24088358,-1.09502,-1.09515,6.20779,6.78604,-1.33093
98.2429093,-1.24508,-1.24521,6.2711,6.77698,-1.47833
98.24396296,-1.32331,-1.32344,6.30269,6.77111,-1.55501
98.24499062,-1.39961,-1.39974,6.33351,6.76539,-1.62988
98.24723404,-1.56651,-1.56665,6.39782,6.75031,-1.79334
98.24852661,-1.66268,-1.66281,6.43348,6.73976,-1.88751
98.25046462,-1.80697,-1.8071,6.48504,6.72393,-2.02871
98.25392846,-2.06486,-2.06499,6.57153,6.68958,-2.28051
98.26085614,-2.57809,-2.57823,6.72283,6.60236,-2.78003
98.2747115,-3.57585,-3.57598,6.93993,6.35612,-3.74364
98.28561409,-4.3151,-4.31522,7.03182,6.0973,-4.44959
98.29475847,-4.8888,-4.8889,7.05627,5.83781,-4.991
98.29856931,-5.11297,-5.11307,7.05245,5.71852,-5.20084
98.30074814,-5.23659,-5.23669,7.0466,5.64744,-5.31626
98.30307252,-5.36455,-5.36465,7.03745,5.56936,-5.43561
98.3048127,-5.45762,-5.45771,7.02865,5.50939,-5.52239
98.30657725,-5.54963,-5.54972,7.01803,5.44729,-5.60818
98.31010637,-5.72674,-5.72683,6.99171,5.31921,-5.77325
98.31716459,-6.0544,-6.05448,6.919,5.04798,-6.07821
98.32807343,-6.4941,-6.49416,6.75522,4.59086,-6.48564
98.33952093,-6.87116,-6.87121,6.51829,4.06436,-6.8319
98.35402606,-7.22819,-7.22822,6.12674,3.33384,-7.15381
98.37604775,-7.51967,-7.51968,5.35157,2.10645,-7.39992
98.39911617,-7.51274,-7.51273,4.32814,0.693157,-7.35557
98.41690855,-7.29827,-7.29824,3.40646,-0.467886,-7.11921
98.42554051,-7.13078,-7.13074,2.9212,-1.04816,-6.94328
98.43413361,-6.92466,-6.92461,2.41605,-1.63118,-6.73013
98.43648454,-6.86153,-6.86148,2.27416,-1.7912,-6.66531
98.43879557,-6.79671,-6.79666,2.13322,-1.94849,-6.59894
98.44341762,-6.65908,-6.65902,1.84728,-2.26202,-6.45847
98.45266174,-6.3527,-6.35264,1.26031,-2.87997,-6.14761
98.47114996,-5.62299,-5.62291,0.0352073,-4.03489,-5.4134
98.48304744,-5.07546,-5.07537,-0.782877,-4.69258,-4.86608
98.48857333,-4.80135,-4.80125,-1.16898,-4.97047,-4.59289
98.49109657,-4.67213,-4.67204,-1.3463,-5.09106,-4.46426
98.49203151,-4.62331,-4.62322,-1.41216,-5.13468,-4.4157
98.49390138,-4.52567,-4.52557,-1.54388,-5.22014,-4.31857
98.49742047,-4.33782,-4.33772,-1.79177,-5.37476,-4.13187
98.50445864,-3.94902,-3.94891,-2.28602,-5.66041,-3.74595
98.51319581,-3.44331,-3.4432,-2.89097,-5.97265,-3.24483
98.52329598,-2.82914,-2.82903,-3.56751,-6.27667,-2.63731
98.54044004,-1.72311,-1.72299,-4.61174,-6.65651,-1.54549
98.54713503,-1.27111,-1.27099,-4.97524,-6.75879,-1.09998
98.55116445,-0.994137,-0.994011,-5.18017,-6.80803,-0.827143
98.55432394,-0.774572,-0.774445,-5.33318,-6.84021,-0.610946
98.55764901,-0.541396,-0.541267,-5.4869,-6.86803,-0.381421
98.56429913,-0.069175,-0.0690448,-5.77246,-6.90523,0.0831775
98.57410545,0.639418,0.63955,-6.14214,-6.91586,0.779669
98.57863999,0.9714,0.971534,-6.29273,-6.90313,1.1056
98.58196034,1.21587,1.216,-6.39498,-6.88682,1.34552
98.58293933,1.28821,1.28835,-6.42357,-6.88065,1.41626
98.58385223,1.35567,1.35581,-6.45023,-6.8749,1.48242
98.58496439,1.43786,1.43799,-6.48132,-6.86669,1.56303
98.58607636,1.52022,1.52035,-6.51241,-6.85847,1.64362
98.58886859,1.72702,1.72715,-6.58625,-6.83419,1.84599
98.59144975,1.91819,1.91832,-6.65035,-6.80813,2.03297
98.59661209,2.29977,2.2999,-6.7666,-6.74578,2.40555
98.60693675,3.05226,3.05239,-6.95177,-6.58102,3.13792
98.62758607,4.44661,4.44673,-7.13707,-6.09943,4.48413
98.63609621,4.96152,4.96162,-7.14277,-5.84395,4.97633
98.64076523,5.22473,5.22483,-7.12867,-5.69018,5.22705
98.64322124,5.35703,5.35712,-7.11643,-5.60553,5.35291
98.64553106,5.47735,5.47744,-7.10191,-5.52361,5.46735
98.6480879,5.60587,5.60596,-7.08247,-5.43037,5.58957
98.65168109,5.77841,5.77849,-7.04923,-5.29488,5.7536
98.65886748,6.09615,6.09623,-6.96232,-5.00868,6.05544
98.66995126,6.51754,6.5176,-6.77617,-4.52928,6.45471
98.68160928,6.87345,6.87349,-6.51439,-3.97817,6.79014
98.69771068,7.22181,7.22184,-6.04732,-3.14509,7.11449
98.72340066,7.44547,7.44547,-5.07091,-1.66911,7.30957
98.74754145,7.2994,7.29938,-3.92221,-0.149322,7.14714
98.764657,6.99668,6.99664,-2.98775,0.983753,6.83873
98.77178009,6.82365,6.8236,-2.57193,1.46416,6.66473
98.77442346,6.75258,6.75253,-2.41385,1.6432,6.59351
98.77689699,6.68281,6.68276,-2.26422,1.81074,6.5237
98.78184404,6.53406,6.534,-1.96033,2.14489,6.37513
98.79173816,6.20081,6.20075,-1.33544,2.80335,6.04336
98.81152639,5.40064,5.40056,-0.0285509,4.0273,5.25029
98.82389278,4.81534,4.81525,0.819511,4.69697,4.67215
98.82952761,4.52798,4.52788,1.21196,4.97294,4.38872
98.83207663,4.39387,4.39377,1.3905,5.09131,4.25653
98.83303491,4.34248,4.34238,1.45762,5.1347,4.20589
98.83495146,4.2397,4.2396,1.59202,5.21963,4.10462
98.83878455,4.02952,4.02942,1.86083,5.38228,3.8976
98.84645074,3.59396,3.59385,2.39553,5.67968,3.46887
98.85581967,3.03571,3.0356,3.03679,5.99415,2.91984
98.86676541,2.3503,2.35018,3.75488,6.29505,2.24625
98.88471044,1.1599,1.15977,4.80227,6.63727,1.07735
98.89076749,0.740825,0.740699,5.11352,6.71084,0.666065
98.89662031,0.328702,0.328574,5.39144,6.76213,0.261687
98.90110339,0.00871347,0.00858414,5.58892,6.7884,-0.0522371
98.90617299,-0.357153,-0.357284,5.79635,6.80463,-0.411117
98.91182712,-0.769604,-0.769736,6.00824,6.80607,-0.8156
98.91522052,-1.0191,-1.01924,6.12569,6.79855,-1.0602
98.91864017,-1.27175,-1.27188,6.23679,6.78468,-1.30781
98.9207325,-1.4269,-1.42703,6.30119,6.7731,-1.4598
98.92184385,-1.5093,-1.50943,6.3339,6.76564,-1.54053
98.92304411,-1.59848,-1.59862,6.36922,6.75759,-1.62784
98.92450247,-1.70684,-1.70697,6.41045,6.74636,-1.73393
98.92688036,-1.88352,-1.88365,6.47491,6.72563,-1.90691
98.93150937,-2.22709,-2.22722,6.59055,6.67685,-2.24304
98.94076739,-2.90725,-2.90738,6.78317,6.54645,-2.90771
98.95928343,-4.19168,-4.1918,7.01685,6.16009,-4.15967
98.97210241,-4.98507,-4.98518,7.06261,5.79879,-4.9303
98.97775917,-5.30359,-5.30369,7.05311,5.61579,-5.23925
98.98159711,-5.5071,-5.50719,7.03648,5.48371,-5.43662
98.98468344,-5.66305,-5.66314,7.01722,5.37298,-5.58788
98.98789219,-5.81793,-5.81802,6.99169,5.25369,-5.73812
98.99430968,-6.10608,-6.10616,6.92405,5.00272,-6.0177
99.00513288,-6.52914,-6.5292,6.76106,4.54366,-6.42823
99.01669581,-6.89628,-6.89633,6.52114,4.00626,-6.78445
99.03243962,-7.25899,-7.25903,6.09051,3.20319,-7.13614
99.05765641,-7.52118,-7.52119,5.17174,1.76998,-7.38936
99.0828164,-7.40829,-7.40827,4.00391,0.193979,-7.2775
99.10045399,-7.11657,-7.11654,3.05251,-0.973621,-6.99204
99.107769,-6.94591,-6.94587,2.62846,-1.46792,-6.82526
99.11048626,-6.87529,-6.87525,2.46682,-1.65244,-6.75626
99.11302886,-6.80577,-6.80572,2.3137,-1.8251,-6.68834
99.11811405,-6.65699,-6.65694,2.00237,-2.16953,-6.54301
99.12828445,-6.32179,-6.32173,1.36098,-2.84795,-6.21563
99.14862524,-5.51065,-5.51058,0.0155132,-4.10411,-5.4236
99.15928321,-5.01461,-5.01453,-0.717549,-4.68449,-4.93931
99.16493651,-4.73269,-4.7326,-1.11244,-4.96574,-4.66409
99.16746494,-4.60208,-4.60199,-1.29019,-5.08507,-4.53658
99.1684025,-4.55365,-4.55356,-1.3561,-5.12801,-4.4893
99.16924889,-4.50897,-4.50888,-1.41577,-5.16677,-4.44569
99.17094167,-4.41961,-4.41952,-1.53512,-5.24235,-4.35846
99.17432723,-4.23727,-4.23718,-1.77381,-5.38794,-4.18045
99.18109834,-3.86061,-3.86051,-2.24992,-5.65749,-3.81274
99.19097324,-3.28429,-3.28419,-2.93375,-6.00052,-3.25008
99.2019219,-2.61073,-2.61062,-3.66343,-6.31311,-2.59236
99.21942977,-1.46814,-1.46803,-4.714,-6.66865,-1.47624
99.22548553,-1.05556,-1.05544,-5.03725,-6.75071,-1.07308
99.23053175,-0.705732,-0.705612,-5.28842,-6.80324,-0.731164
99.23410061,-0.455282,-0.455161,-5.45577,-6.83178,-0.486343
99.23789036,-0.186805,-0.186683,-5.62417,-6.85432,-0.223861
99.24546985,0.35703,0.357154,-5.93308,-6.87574,0.307962
99.25226178,0.851093,0.851219,-6.17903,-6.86844,0.79127
99.25621417,1.14106,1.14118,-6.30895,-6.85278,1.07499
99.26016419,1.43212,1.43225,-6.42922,-6.82884,1.35985
99.26227329,1.58798,1.58811,-6.48954,-6.81269,1.51241
99.26333815,1.66667,1.6668,-6.51897,-6.80307,1.58944
99.26546787,1.82406,1.82418,-6.57579,-6.78381,1.74354
99.26967992,2.13532,2.13545,-6.68013,-6.7377,2.04832
99.27810402,2.75259,2.75272,-6.85706,-6.61857,2.65311
99.29495222,3.93207,3.93219,-7.08608,-6.27696,3.81066
99.3071619,4.71151,4.71161,-7.1499,-5.94678,4.57781
99.31389807,5.10497,5.10507,-7.14899,-5.736,4.96613
99.31718773,5.28604,5.28613,-7.13933,-5.62588,5.14509
99.31936386,5.40147,5.40156,-7.12966,-5.55051,5.25924
99.32148181,5.5104,5.51049,-7.11776,-5.47527,5.36701
99.32351821,5.61197,5.61205,-7.10402,-5.40118,5.46754
99.32759101,5.80604,5.80612,-7.06984,-5.24801,5.65973
99.33573662,6.15932,6.15938,-6.97516,-4.92225,6.01005
99.34611776,6.54454,6.5446,-6.80479,-4.47119,6.39313
99.35892328,6.92242,6.92247,-6.52064,-3.86289,6.77084
99.37381897,7.23006,7.23008,-6.09222,-3.08932,7.08165
99.39708054,7.43578,7.43579,-5.22979,-1.75957,7.29914
99.42172886,7.30395,7.30393,-4.08587,-0.219606,7.18795
99.43866853,7.01413,7.01409,-3.17726,0.89654,6.91669
99.44564949,6.84902,6.84898,-2.7761,1.36594,6.76019
99.44822396,6.78157,6.78152,-2.62446,1.53998,6.69605
99.45064387,6.71504,6.71499,-2.48023,1.70358,6.63269
99.45511451,6.58433,6.58428,-2.20973,2.00546,6.50799
99.46405579,6.29345,6.2934,-1.65407,2.60304,6.22967
99.48193835,5.60057,5.6005,-0.492166,3.73534,5.56383
99.49490277,5.0109,5.01082,0.385781,4.47183,4.99522
99.50137814,4.69023,4.69015,0.833596,4.80511,4.68549
99.50488825,4.50944,4.50935,1.07839,4.97481,4.51073
99.50686634,4.40546,4.40537,1.21687,5.0669,4.41018
99.50927935,4.27663,4.27654,1.38612,5.17565,4.28557
99.51072831,4.19825,4.19816,1.48787,5.23908,4.20974
99.51293294,4.07755,4.07746,1.64269,5.33297,4.09293
99.51704889,3.84764,3.84755,1.93173,5.49991,3.87034
99.5252808,3.37078,3.37068,2.50576,5.8022,3.40832
99.53714268,2.64659,2.64648,3.31045,6.16578,2.70583
99.54927671,1.86475,1.86464,4.08491,6.45163,1.94639
99.55915797,1.2006,1.20049,4.66237,6.62119,1.30048
99.56419972,0.852998,0.85288,4.93444,6.68605,0.962153
99.56684198,0.668637,0.668518,5.07024,6.71426,0.782638
99.5693196,0.494493,0.494374,5.19311,6.73711,0.613025
99.57220492,0.290234,0.290114,5.33075,6.75936,0.414021
99.57577015,0.0357995,0.0356783,5.4929,6.78042,0.166044
99.58290061,-0.479133,-0.479256,5.79188,6.80139,-0.336135
99.5889131,-0.918807,-0.918931,6.01847,6.79739,-0.765291
99.59232836,-1.17044,-1.17057,6.13697,6.78637,-1.01109
99.59571226,-1.42086,-1.42098,6.24721,6.76927,-1.25588
99.5964687,-1.47684,-1.47696,6.27065,6.7644,-1.3106
99.59744794,-1.54952,-1.54965,6.301,6.75811,-1.3817
99.59992071,-1.73306,-1.73319,6.37444,6.73947,-1.56124
99.60175657,-1.86933,-1.86946,6.42654,6.72354,-1.69471
99.60489462,-2.10226,-2.10238,6.51085,6.69224,-1.92286
99.6111707,-2.5659,-2.56602,6.66159,6.61442,-2.3777
99.62372288,-3.47074,-3.47086,6.89237,6.39958,-3.26844
99.64882723,-5.06014,-5.06023,7.07942,5.7484,-4.84985
99.6498289,-5.11693,-5.11702,7.07857,5.71574,-4.90691
99.65183226,-5.22863,-5.22872,7.07686,5.65043,-5.01928
99.65328972,-5.3081,-5.30819,7.07381,5.60152,-5.09934
99.65384362,-5.33774,-5.33783,7.07264,5.58293,-5.12922
99.65447876,-5.37173,-5.37182,7.07067,5.56112,-5.16348
99.65553124,-5.42674,-5.42682,7.06739,5.52498,-5.21894
99.65656341,-5.48068,-5.48076,7.06286,5.48855,-5.27333
99.6584391,-5.57591,-5.57599,7.05464,5.42234,-5.36939
99.66219048,-5.75869,-5.75876,7.03134,5.28475,-5.5539
99.66952682,-6.08765,-6.08772,6.96377,4.99935,-5.88661
99.68007348,-6.49706,-6.49712,6.81676,4.55279,-6.30255
99.69187831,-6.8691,-6.86915,6.5846,4.00504,-6.6838
99.7052865,-7.18389,-7.18392,6.23792,3.32617,-7.01158
99.72565313,-7.4487,-7.44871,5.55393,2.19343,-7.30107
99.74763697,-7.45568,-7.45567,4.62128,0.85492,-7.34072
99.76577982,-7.25239,-7.25236,3.71471,-0.322649,-7.16846
99.77549744,-7.06846,-7.06842,3.18243,-0.974263,-7.00248
99.78094489,-6.94317,-6.94312,2.87086,-1.34387,-6.88762
99.78279764,-6.89698,-6.89694,2.76282,-1.47017,-6.84504
99.78451503,-6.85259,-6.85254,2.66178,-1.58724,-6.804
99.78794979,-6.7593,-6.75926,2.45723,-1.82139,-6.71751
99.79481933,-6.55514,-6.55508,2.03878,-2.28788,-6.52715
99.8085584,-6.07933,-6.07926,1.168,-3.19691,-6.07976
99.82827288,-5.2504,-5.25032,-0.146748,-4.37848,-5.29311
99.83632537,-4.86456,-4.86448,-0.702777,-4.80514,-4.92496
99.84087965,-4.63484,-4.63475,-1.02111,-5.02926,-4.70533
99.84464991,-4.43867,-4.43858,-1.28614,-5.20469,-4.51755
99.84682643,-4.323,-4.32291,-1.43968,-5.30175,-4.40674
99.84825952,-4.24591,-4.24582,-1.54078,-5.36397,-4.33285
99.85112569,-4.08954,-4.08945,-1.74317,-5.48448,-4.18289
99.85685804,-3.76837,-3.76827,-2.14722,-5.7101,-3.87456
99.86832274,-3.09437,-3.09426,-2.94292,-6.10152,-3.22619
99.88343995,-2.14746,-2.14735,-3.9355,-6.49886,-2.3127
99.89796795,-1.18299,-1.18287,-4.78637,-6.75609,-1.37956
99.90367846,-0.790514,-0.790395,-5.08746,-6.82414,-0.99914
99.90917037,-0.406859,-0.40674,-5.35687,-6.87223,-0.626891
99.91304662,-0.132729,-0.132608,-5.53491,-6.89603,-0.360685
99.91738421,0.176987,0.177109,-5.72238,-6.9128,-0.0596966
99.92605939,0.804303,0.804427,-6.06118,-6.91553,0.550754
99.93036049,1.11866,1.11879,-6.21159,-6.9018,0.857149
99.93368297,1.36275,1.36287,-6.31993,-6.88442,1.09523
99.93456084,1.42724,1.42737,-6.34713,-6.87859,1.15836
99.93562806,1.50591,1.50603,-6.3802,-6.87152,1.2351
99.93779814,1.66586,1.66599,-6.44473,-6.85477,1.39153
99.93895256,1.75096,1.75108,-6.47743,-6.84447,1.47474
99.94026362,1.84759,1.84772,-6.51457,-6.83277,1.56939
99.9421425,1.98609,1.98621,-6.56533,-6.81388,1.70504
99.94544681,2.22928,2.22941,-6.64944,-6.77625,1.9436
99.95205543,2.71235,2.71248,-6.79807,-6.68438,2.41874
99.96527266,3.64859,3.64871,-7.01788,-6.43619,3.34581
99.97701324,4.42495,4.42506,-7.12786,-6.14626,4.12294
99.9865833,5.00217,5.00227,-7.15923,-5.86356,4.708
99.99110312,5.25407,5.25416,-7.15609,-5.71599,4.9658
99.99356018,5.38488,5.38497,-7.1496,-5.63208,5.10019
99.99490498,5.45457,5.45466,-7.14417,-5.58471,5.1719
99.99617181,5.51898,5.51907,-7.13905,-5.54009,5.23822
99.99809742,5.61459,5.61468,-7.12888,-5.47047,5.33671
100,5.70638,5.70646,-7.11684,-5.40019,5.43133
