"TIME","SIN1","SIN2","SIN3","SIN4","SIN5"
90,5.79863,5.79507,-0.06564,3.80102,5.20435
90.00218786,5.70598,5.70234,0.083639,3.93174,5.10324
90.00656357,5.51569,5.5119,0.38383,4.18729,4.89648
90.01189395,5.27353,5.26955,0.752633,4.48472,4.63521
90.01532992,5.11131,5.10721,0.991998,4.66733,4.46126
90.01731748,5.01495,5.01079,1.13103,4.76942,4.35835
90.01815359,4.97442,4.97022,1.18952,4.81128,4.31506
90.0190698,4.92911,4.92489,1.2538,4.85715,4.26683
90.02014235,4.87608,4.87182,1.32904,4.90934,4.21037
90.02126642,4.81948,4.81518,1.4079,4.96404,4.15028
90.02274421,4.74507,4.74073,1.5117,5.03403,4.07129
90.02501466,4.62861,4.62419,1.67119,5.13863,3.948
90.02922113,4.40769,4.40314,1.96667,5.32335,3.71496
90.03763406,3.94659,3.94179,2.5531,5.65883,3.23176
90.04792232,3.34989,3.34481,3.25272,6.00975,2.61181
90.06093955,2.54776,2.54235,4.08691,6.36298,1.78614
90.07176225,1.84453,1.83889,4.71652,6.58095,1.06828
90.07643395,1.53147,1.52574,4.96667,6.65402,0.750273
90.079165,1.34598,1.34019,5.10613,6.69091,0.562273
90.08174483,1.16918,1.16335,5.23305,6.72184,0.383366
90.0843038,0.992378,0.986502,5.35434,6.74879,0.204713
90.08853495,0.697063,0.691117,5.54503,6.78522,-0.0931098
90.09699726,0.0963453,0.0902734,5.89103,6.82803,-0.696663
90.10210018,-0.271881,-0.278019,6.07741,6.83466,-1.06496
90.10541978,-0.513622,-0.519799,6.18982,6.83129,-1.30591
90.10637334,-0.583368,-0.589555,6.22054,6.82895,-1.37535
90.10737835,-0.657014,-0.663212,6.25292,6.82648,-1.44854
90.10846692,-0.736934,-0.743143,6.28638,6.82239,-1.52781
90.11022345,-0.866203,-0.872429,6.34037,6.81579,-1.65586
90.11307776,-1.07699,-1.08324,6.42311,6.8007,-1.86395
90.11653981,-1.33369,-1.33996,6.5168,6.77658,-2.11634
90.11853149,-1.48184,-1.48812,6.5674,6.75983,-2.26116
90.11972752,-1.57081,-1.57709,6.59616,6.74836,-2.34812
90.12100443,-1.66592,-1.6722,6.62687,6.73612,-2.44057
90.12292695,-1.80912,-1.8154,6.67056,6.7155,-2.57977
90.1263791,-2.06625,-2.07253,6.74342,6.67366,-2.82808
90.13328341,-2.57799,-2.58422,6.86776,6.57179,-3.31696
90.14709203,-3.57298,-3.57893,7.03221,6.29764,-4.24307
90.15760784,-4.28779,-4.29336,7.0833,6.02802,-4.8833
90.1622893,-4.59042,-4.59576,7.08568,5.8915,-5.14645
90.16498008,-4.75906,-4.76426,7.08144,5.80855,-5.29089
90.1675167,-4.91391,-4.91896,7.07373,5.72743,-5.42227
90.1700867,-5.06629,-5.07119,7.06227,5.64239,-5.55064
90.17188989,-5.17034,-5.17512,7.0516,5.58067,-5.63791
90.17281613,-5.2226,-5.22732,7.04612,5.54897,-5.68163
90.17345704,-5.25876,-5.26344,7.04147,5.52637,-5.71189
90.17493669,-5.34048,-5.34506,7.03075,5.47421,-5.78019
90.175868,-5.39103,-5.39554,7.02283,5.44048,-5.82191
90.1774437,-5.47502,-5.47943,7.00943,5.38341,-5.89251
90.18051492,-5.63335,-5.63757,6.9787,5.26866,-6.02438
90.18594788,-5.89664,-5.90052,6.91204,5.05639,-6.2425
90.19681378,-6.36198,-6.36523,6.7327,4.59774,-6.62193
90.20697413,-6.72574,-6.72843,6.511,4.12968,-6.90934
90.22098487,-7.11774,-7.11966,6.12354,3.42689,-7.20093
90.2377984,-7.4244,-7.42542,5.5409,2.50451,-7.39405
90.26762682,-7.54672,-7.54622,4.227,0.696449,-7.33471
90.28683088,-7.35115,-7.34973,3.21108,-0.560569,-7.03643
90.29585854,-7.18752,-7.18569,2.69171,-1.16986,-6.82855
90.29952063,-7.10841,-7.10641,2.47394,-1.41933,-6.73224
90.30095136,-7.07504,-7.07298,2.3878,-1.51707,-6.69231
90.30226235,-7.04447,-7.04236,2.30839,-1.60663,-6.65572
90.30488434,-6.97966,-6.97742,2.14819,-1.78576,-6.5791
90.31012831,-6.83946,-6.837,1.8226,-2.14319,-6.41601
90.32061626,-6.51805,-6.51515,1.15223,-2.84758,-6.05167
90.34159216,-5.72176,-5.71806,-0.251615,-4.14982,-5.18111
90.35319741,-5.19798,-5.19387,-1.0564,-4.77932,-4.62295
90.35870755,-4.92954,-4.92524,-1.44328,-5.05103,-4.33987
90.36066694,-4.83112,-4.82676,-1.58138,-5.14312,-4.23651
90.3624912,-4.73813,-4.73371,-1.70995,-5.22661,-4.13905
90.36613973,-4.5484,-4.54387,-1.9671,-5.38708,-3.94072
90.37343678,-4.15443,-4.14967,-2.47826,-5.6827,-3.53099
90.38249925,-3.63961,-3.6346,-3.10096,-6.00432,-2.99921
90.39301725,-3.00919,-3.00391,-3.79407,-6.31603,-2.3527
90.41025345,-1.90895,-1.90329,-4.80971,-6.68744,-1.2342
90.41607416,-1.5198,-1.51403,-5.11369,-6.77414,-0.841133
90.42169824,-1.1363,-1.13042,-5.38638,-6.8396,-0.454914
90.42600101,-0.838317,-0.832365,-5.58085,-6.87765,-0.155553
90.43087241,-0.496562,-0.490534,-5.78641,-6.90824,0.187016
90.44061522,0.199126,0.205285,-6.15239,-6.93026,0.881632
90.44444098,0.476408,0.482611,-6.27987,-6.92474,1.15733
90.44749714,0.699378,0.705612,-6.37523,-6.91465,1.37851
90.44842497,0.767364,0.773607,-6.4028,-6.91038,1.44566
90.44930066,0.831529,0.837781,-6.42882,-6.90635,1.50918
90.45062877,0.929085,0.935348,-6.46702,-6.89912,1.60551
90.45326226,1.12305,1.12933,-6.53963,-6.88204,1.79654
90.45656172,1.36686,1.37316,-6.6247,-6.8555,2.03587
90.4586101,1.51864,1.52494,-6.67422,-6.83616,2.18412
90.4598914,1.61357,1.61988,-6.70334,-6.82247,2.27684
90.46138052,1.72402,1.73033,-6.7372,-6.80655,2.38411
90.4637872,1.90251,1.90882,-6.78819,-6.77762,2.55748
90.46854032,2.25439,2.26068,-6.8788,-6.71186,2.89676
90.47804656,2.94998,2.95614,-7.02017,-6.54669,3.55831
90.49705903,4.25631,4.26188,-7.14707,-6.08821,4.75747
90.4983766,4.342,4.34751,-7.14769,-6.04975,4.83365
90.50101173,4.51104,4.51642,-7.14661,-5.97097,4.98302
90.50306117,4.63998,4.64526,-7.14304,-5.90755,5.09596
90.50362537,4.67495,4.68019,-7.14205,-5.89009,5.12639
90.50418547,4.70966,4.71488,-7.14046,-5.87216,5.1566
90.50505961,4.76302,4.76819,-7.13798,-5.84417,5.20276
90.50597815,4.81909,4.82421,-7.13439,-5.81477,5.25127
90.5074746,4.90878,4.91381,-7.12856,-5.76563,5.32843
90.51040108,5.07955,5.08439,-7.11287,-5.66678,5.47453
90.51270505,5.20948,5.21418,-7.09725,-5.58642,5.58518
90.51388353,5.27435,5.27896,-7.08786,-5.54425,5.64032
90.51477717,5.32247,5.32702,-7.08075,-5.51227,5.6812
90.51571581,5.37301,5.37749,-7.07212,-5.4778,5.72413
90.51729668,5.45602,5.4604,-7.05758,-5.41973,5.79459
90.52040511,5.61372,5.6179,-7.02436,-5.30204,5.92821
90.52595802,5.87788,5.88172,-6.95238,-5.08232,6.15095
90.53588969,6.29677,6.30002,-6.78417,-4.66019,6.49952
90.54639398,6.66767,6.67032,-6.55274,-4.17506,6.79993
90.56034946,7.04923,7.05111,-6.16396,-3.47373,7.0927
90.57629404,7.33358,7.3346,-5.61272,-2.60084,7.28186
90.60804388,7.43943,7.43881,-4.21545,-0.680896,7.2188
90.62816828,7.20224,7.20065,-3.14554,0.634695,6.88954
90.63722777,7.02118,7.01917,-2.62164,1.24459,6.67096
90.63961042,6.96605,6.96394,-2.47974,1.40644,6.60638
90.64101721,6.93158,6.9294,-2.39521,1.50201,6.56644
90.64236019,6.89867,6.89643,-2.31402,1.59335,6.52831
90.64504615,6.82904,6.82669,-2.15026,1.77604,6.44846
90.65041808,6.67872,6.67613,-1.81743,2.14036,6.2784
90.66116192,6.33518,6.33214,-1.13225,2.85741,5.89813
90.68264961,5.48814,5.48427,0.301502,4.17589,4.98883
90.69296443,5.00956,5.00533,1.01361,4.73036,4.48569
90.69814205,4.75261,4.74821,1.37507,4.9853,4.21773
90.69993406,4.66116,4.65669,1.50068,5.06962,4.12267
90.70160696,4.57465,4.57014,1.61794,5.14642,4.03289
90.70403382,4.44727,4.44268,1.78805,5.2545,3.90092
90.70888755,4.186,4.18126,2.12762,5.45914,3.63105
90.71743334,3.70583,3.70084,2.71906,5.78335,3.13759
90.72630624,3.18161,3.17638,3.31727,6.07266,2.60201
90.74152461,2.22792,2.22232,4.27309,6.45991,1.63449
90.75030351,1.64897,1.64318,4.77012,6.6216,1.05074
90.75451487,1.3643,1.35843,4.99169,6.68332,0.764591
90.75783941,1.13664,1.13071,5.15808,6.72484,0.536134
90.7605229,0.951107,0.945127,5.28677,6.75377,0.350188
90.76328299,0.758702,0.752675,5.41393,6.77925,0.157581
90.76880317,0.369445,0.363331,5.65292,6.81737,-0.2314
90.77611729,-0.154598,-0.160815,5.93907,6.84172,-0.753564
90.78024156,-0.453927,-0.460195,6.08538,6.84242,-1.05094
90.78395738,-0.725716,-0.732024,6.2081,6.83509,-1.32023
90.78590105,-0.868629,-0.874956,6.26887,6.82826,-1.46157
90.78699221,-0.949058,-0.955395,6.30134,6.82298,-1.54092
90.78887061,-1.08781,-1.09417,6.35724,6.8139,-1.67768
90.79226932,-1.33968,-1.34605,6.45177,6.79169,-1.92513
90.79426798,-1.48825,-1.49463,6.50409,6.77576,-2.07064
90.79547727,-1.57815,-1.58453,6.53408,6.76469,-2.15852
90.79677975,-1.67509,-1.68147,6.56639,6.75276,-2.25317
90.79877878,-1.82388,-1.83026,6.61326,6.7321,-2.39808
90.8024236,-2.09516,-2.10154,6.69252,6.6891,-2.66109
90.80971326,-2.63461,-2.64093,6.82723,6.58278,-3.17973
90.82429256,-3.67926,-3.68525,7.00287,6.29165,-4.16357
90.83540846,-4.42419,-4.42975,7.05418,6.00187,-4.84388
90.83634244,-4.48401,-4.48952,7.05461,5.97435,-4.8979
90.83821038,-4.60365,-4.60906,7.05545,5.91932,-5.00441
90.83994503,-4.71264,-4.71796,7.05404,5.86647,-5.1012
90.84042112,-4.74217,-4.74746,7.05365,5.85196,-5.12729
90.84089829,-4.77176,-4.77703,7.05269,5.83697,-5.15344
90.84259637,-4.87561,-4.88078,7.04925,5.7836,-5.24478
90.84371233,-4.94279,-4.94789,7.04528,5.74719,-5.30362
90.84594426,-5.07447,-5.07944,7.03734,5.67437,-5.4185
90.84827836,-5.20822,-5.21303,7.02537,5.59508,-5.53476
90.84883175,-5.23921,-5.24398,7.02191,5.57629,-5.56164
90.84935231,-5.26835,-5.27308,7.01865,5.55805,-5.58693
90.85009548,-5.30916,-5.31385,7.01399,5.53201,-5.62234
90.85097916,-5.35769,-5.36232,7.00753,5.50105,-5.66443
90.85209896,-5.41799,-5.42254,6.99935,5.46055,-5.71671
90.85423977,-5.53058,-5.53499,6.9813,5.38312,-5.81427
90.85800703,-5.72043,-5.7246,6.94357,5.24145,-5.97848
90.86554154,-6.06986,-6.07356,6.84557,4.94116,-6.27897
90.87699775,-6.52719,-6.53023,6.64049,4.44325,-6.66626
90.8883795,-6.89598,-6.89838,6.37196,3.90203,-6.96943
90.90310994,-7.25008,-7.25167,5.93333,3.1385,-7.24353
90.92821396,-7.54355,-7.54381,4.96948,1.69718,-7.41313
90.95154476,-7.47937,-7.47845,3.85457,0.227994,-7.24855
90.96844063,-7.23906,-7.23733,2.93026,-0.893764,-6.94477
90.97533201,-7.0957,-7.09366,2.5273,-1.3611,-6.7778
90.97787535,-7.03631,-7.03415,2.37502,-1.53455,-6.71003
90.98027,-6.97728,-6.97501,2.23001,-1.69786,-6.64329
90.98448553,-6.86619,-6.86374,1.97111,-1.98535,-6.51902
90.99291658,-6.61728,-6.61447,1.44041,-2.55533,-6.24529
91.00977869,-6.01798,-6.01449,0.334302,-3.644,-5.60259
91.01197901,-5.9288,-5.92522,0.185251,-3.77954,-5.50843
91.01637966,-5.74533,-5.74158,-0.114734,-4.04518,-5.31534
91.02518097,-5.35466,-5.35059,-0.722615,-4.54557,-4.90709
91.029121,-5.16952,-5.16532,-0.997793,-4.75451,-4.71482
91.03124563,-5.06676,-5.06249,-1.14691,-4.86296,-4.60842
91.03202402,-5.02911,-5.02481,-1.20155,-4.90163,-4.56944
91.03308816,-4.97657,-4.97223,-1.27644,-4.9545,-4.51515
91.03421475,-4.92094,-4.91657,-1.35573,-5.0093,-4.45767
91.03558698,-4.85175,-4.84733,-1.45251,-5.07486,-4.38679
91.03739881,-4.7604,-4.75592,-1.58029,-5.15946,-4.29217
91.04050391,-4.60012,-4.59555,-1.79927,-5.29938,-4.12735
91.04671409,-4.26897,-4.2642,-2.23623,-5.56066,-3.78793
91.05420492,-3.85148,-3.84649,-2.75775,-5.84395,-3.36195
91.06659729,-3.12077,-3.11544,-3.59133,-6.23852,-2.62064
91.07921426,-2.33016,-2.32454,-4.37788,-6.54744,-1.82352
91.08777574,-1.76925,-1.76345,-4.86262,-6.70451,-1.26059
91.09158432,-1.5138,-1.50792,-5.06353,-6.76084,-1.00485
91.09522213,-1.26666,-1.26072,-5.24619,-6.80694,-0.757786
91.09811837,-1.06784,-1.06184,-5.38509,-6.83829,-0.559256
91.10136033,-0.84322,-0.837166,-5.53379,-6.86778,-0.335219
91.10784425,-0.387982,-0.381826,-5.81044,-6.90919,0.118063
91.11660484,0.238403,0.244676,-6.14165,-6.92837,0.739971
91.12117397,0.569766,0.57609,-6.29533,-6.92176,1.06799
91.12523384,0.866504,0.872868,-6.4211,-6.90645,1.36095
91.12745025,1.02934,1.03572,-6.4855,-6.89438,1.5214
91.12857394,1.11216,1.11855,-6.51648,-6.88678,1.60274
91.13016777,1.22964,1.23604,-6.56041,-6.87602,1.71821
91.13209248,1.37191,1.37832,-6.61077,-6.86067,1.85765
91.13321186,1.45466,1.46107,-6.63867,-6.85053,1.93874
91.1343115,1.53611,1.54253,-6.66607,-6.84057,2.01832
91.13555114,1.62794,1.63435,-6.69508,-6.82771,2.10802
91.13714873,1.74628,1.7527,-6.73247,-6.81114,2.22325
91.1398388,1.94555,1.95196,-6.79098,-6.77943,2.41729
91.14521895,2.34311,2.34949,-6.89509,-6.70497,2.80201
91.15597923,3.12579,3.13201,-7.05224,-6.51307,3.55073
91.17749979,4.56345,4.56885,-7.16753,-5.96684,4.88426
91.18451052,4.98326,4.98825,-7.14862,-5.74354,5.26173
91.18940298,5.25743,5.26211,-7.11934,-5.57509,5.50597
91.192001,5.3961,5.40061,-7.09848,-5.48152,5.629
91.19443923,5.52166,5.52603,-7.07561,-5.39119,5.74022
91.19692376,5.64507,5.64928,-7.04904,-5.29667,5.84934
91.2018928,5.87848,5.88239,-6.98615,-5.10033,6.05514
91.2118309,6.29392,6.29726,-6.82221,-4.67954,6.41827
91.22213917,6.65483,6.65759,-6.59988,-4.20537,6.72814
91.23692264,7.05187,7.05383,-6.19237,-3.46358,7.05659
91.25263318,7.32178,7.32291,-5.65125,-2.60317,7.25914
91.28405425,7.41258,7.41211,-4.2745,-0.704199,7.23255
91.30463662,7.16132,7.15987,-3.183,0.640672,6.9173
91.31374588,6.97444,6.97257,-2.65649,1.25391,6.70542
91.31618409,6.91671,6.91473,-2.51129,1.41952,6.64135
91.31764284,6.88012,6.87807,-2.42362,1.51861,6.60106
91.31903458,6.84521,6.8431,-2.33945,1.61325,6.56263
91.32181805,6.77133,6.7691,-2.16962,1.80254,6.4819
91.32738499,6.61177,6.60931,-1.82423,2.17984,6.30922
91.33851888,6.247,6.24407,-1.11255,2.92117,5.92057
91.36078667,5.34783,5.34405,0.378039,4.27272,4.98311
91.36938034,4.94302,4.93895,0.973031,4.73083,4.56691
91.37421247,4.70202,4.69778,1.31094,4.96925,4.32031
91.37579751,4.62046,4.61617,1.42227,5.04424,4.23751
91.37728317,4.54402,4.53969,1.52662,5.11301,4.15907
91.37891343,4.45868,4.45429,1.64113,5.18676,4.0721
91.38217395,4.28503,4.28054,1.87014,5.32898,3.8954
91.3883455,3.94588,3.9412,2.30196,5.57945,3.55119
91.39733484,3.42864,3.4237,2.92144,5.90191,3.02824
91.4072577,2.82782,2.82262,3.5818,6.20109,2.42331
91.42372875,1.7695,1.76393,4.58023,6.56967,1.36306
91.43031171,1.32677,1.32106,4.93681,6.67278,0.921216
91.43410474,1.06698,1.0612,5.12955,6.72086,0.662355
91.43768424,0.818926,0.813087,5.30238,6.75871,0.415458
91.44096833,0.589037,0.583141,5.45322,6.78705,0.18686
91.44674513,0.179738,0.173751,5.70105,6.8222,-0.219619
91.4541612,-0.353942,-0.360031,5.98751,6.84016,-0.748561
91.45835661,-0.659579,-0.665718,6.13407,6.83692,-1.05084
91.46209155,-0.933633,-0.939811,6.25531,6.82596,-1.32134
91.46405509,-1.07839,-1.08459,6.31558,6.81718,-1.46403
91.46514172,-1.15872,-1.16493,6.34753,6.81109,-1.543
91.46627458,-1.24248,-1.24869,6.38085,6.80475,-1.62544
91.46828947,-1.39178,-1.39807,6.4375,6.7912,-1.77206
91.46938909,-1.47343,-1.4796,6.46699,6.78256,-1.85209
91.47052936,-1.55809,-1.56432,6.49757,6.7736,-1.93506
91.47180623,-1.6529,-1.6592,6.53046,6.76177,-2.02798
91.47365651,-1.79041,-1.79669,6.57635,6.74463,-2.16245
91.47691861,-2.03284,-2.03908,6.65222,6.70897,-2.39889
91.48344281,-2.5157,-2.52189,6.78481,6.62126,-2.86754
91.49649121,-3.45808,-3.46403,6.9743,6.38225,-3.77174
91.50686139,-4.16892,-4.17453,7.05398,6.13374,-4.44245
91.51555549,-4.72608,-4.73128,7.07324,5.88696,-4.95903
91.51923251,-4.94896,-4.95396,7.06848,5.77228,-5.16297
91.52162096,-5.08899,-5.09384,7.06132,5.69459,-5.29034
91.52393484,-5.22071,-5.22541,7.05137,5.61696,-5.40979
91.52511687,-5.28641,-5.29103,7.04485,5.57619,-5.4693
91.52602382,-5.33574,-5.3403,7.03985,5.54491,-5.51397
91.52697532,-5.38749,-5.39199,7.03338,5.51116,-5.56083
91.52860601,-5.47398,-5.47837,7.0223,5.45331,-5.63913
91.53182646,-5.6389,-5.64309,6.99534,5.3352,-5.78835
91.5376585,-5.91848,-5.92231,6.93238,5.11062,-6.04081
91.54779817,-6.34869,-6.35194,6.78042,4.68864,-6.4269
91.55842991,-6.72625,-6.72891,6.56478,4.20529,-6.76139
91.57251712,-7.11401,-7.11592,6.19411,3.50521,-7.09617
91.58894559,-7.4081,-7.40913,5.64651,2.61128,-7.3339
91.62107865,-7.51267,-7.5121,4.25843,0.66943,-7.3452
91.64071934,-7.28234,-7.28083,3.22478,-0.617788,-7.06905
91.64974577,-7.10431,-7.10241,2.70698,-1.22765,-6.87286
91.65225709,-7.04688,-7.04486,2.5584,-1.39897,-6.81068
91.65361428,-7.01397,-7.0119,2.47709,-1.49155,-6.7753
91.65491528,-6.98244,-6.9803,2.39915,-1.58046,-6.74139
91.65751729,-6.91581,-6.91356,2.24142,-1.75829,-6.67016
91.66272131,-6.77224,-6.76977,1.92074,-2.11316,-6.51785
91.67312936,-6.44506,-6.44216,1.2601,-2.81306,-6.175
91.69394544,-5.64095,-5.63726,-0.125083,-4.11052,-5.34676
91.70602659,-5.08782,-5.08371,-0.960032,-4.76862,-4.78401
91.71143544,-4.82059,-4.8163,-1.3392,-5.03619,-4.51351
91.71333809,-4.72379,-4.71945,-1.47322,-5.12603,-4.41572
91.71513475,-4.63112,-4.62672,-1.59977,-5.20869,-4.32217
91.71716942,-4.5247,-4.52024,-1.74311,-5.29974,-4.21484
91.72123876,-4.30732,-4.30273,-2.02979,-5.47382,-3.99592
91.72866857,-3.89542,-3.89062,-2.54938,-5.76489,-3.58208
91.73869017,-3.31094,-3.30587,-3.23424,-6.10431,-2.99673
91.7494616,-2.64856,-2.64323,-3.93537,-6.40262,-2.33558
91.75837536,-2.07588,-2.07035,-4.47623,-6.59822,-1.76551
91.7657743,-1.58511,-1.57943,-4.88977,-6.72577,-1.27798
91.76878669,-1.38151,-1.37578,-5.04797,-6.76871,-1.07596
91.7716967,-1.18289,-1.17711,-5.19482,-6.80529,-0.87902
91.77439575,-0.997056,-0.991227,-5.32573,-6.83493,-0.694862
91.77738029,-0.78984,-0.783961,-5.46468,-6.86294,-0.489637
91.78334936,-0.370369,-0.3644,-5.72483,-6.90402,-0.0745754
91.79263226,0.29378,0.299871,-6.0841,-6.92887,0.581539
91.79847451,0.718278,0.724431,-6.28252,-6.92042,1.00007
91.80167344,0.952571,0.958753,-6.38224,-6.90732,1.23082
91.80245198,1.00981,1.016,-6.40536,-6.90414,1.28698
91.80331674,1.07339,1.07959,-6.43103,-6.89922,1.34958
91.80443485,1.15581,1.16201,-6.46284,-6.89286,1.43052
91.8057695,1.25419,1.2604,-6.50082,-6.88375,1.52713
91.80675756,1.32721,1.33342,-6.52759,-6.877,1.59875
91.80778655,1.40326,1.40948,-6.55548,-6.86878,1.67333
91.80888245,1.48425,1.49047,-6.58377,-6.86002,1.75276
91.81004175,1.57007,1.5763,-6.6137,-6.84936,1.83679
91.81133396,1.66574,1.67196,-6.64568,-6.83749,1.93045
91.81327621,1.80952,1.81574,-6.69187,-6.81743,2.07108
91.81675174,2.06682,2.07303,-6.7689,-6.7767,2.32211
91.82370279,2.57858,2.58474,-6.90145,-6.67688,2.81958
91.83760489,3.5723,3.57817,-7.08171,-6.40627,3.77676
91.84848518,4.30349,4.30895,-7.1451,-6.13074,4.47171
91.85761153,4.87026,4.87525,-7.1467,-5.85824,5.00287
91.86138836,5.09001,5.09476,-7.13377,-5.7347,5.20687
91.86356951,5.21238,5.21699,-7.12202,-5.66002,5.32011
91.86473012,5.27555,5.28008,-7.11577,-5.62028,5.3785
91.8658225,5.33501,5.33947,-7.10812,-5.58152,5.43345
91.86731281,5.41396,5.41832,-7.09769,-5.52864,5.50639
91.86887652,5.49495,5.49921,-7.085,-5.47182,5.58121
91.87200395,5.65143,5.65549,-7.05569,-5.3552,5.7257
91.87825879,5.94318,5.94686,-6.98158,-5.11034,5.99468
91.88941886,6.39671,6.39975,-6.79923,-4.63657,6.41066
91.9000635,6.75188,6.75433,-6.56721,-4.14288,6.73297
91.91545901,7.13594,7.13755,-6.13621,-3.36275,7.07384
91.93210493,7.38287,7.38361,-5.55092,-2.44039,7.2795
91.96539676,7.37775,7.37681,-4.05565,-0.403258,7.20851
91.98344004,7.10827,7.1065,-3.08283,0.784476,6.91258
91.99155729,6.92818,6.92605,-2.61147,1.33186,6.72269
91.99436529,6.85759,6.85533,-2.44385,1.52255,6.64901
91.99703708,6.7866,6.78422,-2.28238,1.70398,6.57522
91.99955189,6.71642,6.71393,-2.1287,1.87475,6.50254
92.00458151,6.5665,6.5638,-1.81669,2.21514,6.34799
92.01464075,6.22962,6.22652,-1.1755,2.88496,6.00329
92.03475922,5.41736,5.41349,0.163543,4.12359,5.18108
92.04646126,4.86469,4.86042,0.969828,4.75278,4.62607
92.05172893,4.59757,4.59313,1.33749,5.01001,4.35871
92.05357865,4.50116,4.49667,1.46718,5.09622,4.26234
92.05532514,4.40893,4.40439,1.58963,5.17555,4.1702
92.05730848,4.30282,4.29821,1.72868,5.26318,4.06425
92.06127518,4.08632,4.0816,2.00659,5.43076,3.84829
92.06920856,3.63694,3.63199,2.55811,5.7361,3.40076
92.07927876,3.03698,3.03176,3.24111,6.06816,2.80459
92.09098206,2.30173,2.29623,3.99315,6.37799,2.07568
92.0995137,1.74215,1.73647,4.50174,6.55314,1.52193
92.10672728,1.25494,1.24912,4.8977,6.6683,1.04041
92.1098686,1.03898,1.03311,5.05941,6.70909,0.827131
92.11275749,0.83848,0.83256,5.20204,6.74163,0.629211
92.11605675,0.607421,0.601448,5.35782,6.77299,0.401217
92.11956829,0.359194,0.353167,5.51542,6.79962,0.156393
92.12659135,-0.143716,-0.14984,5.80623,6.83221,-0.339278
92.13359394,-0.652749,-0.658955,6.06468,6.83757,-0.840429
92.13724894,-0.921118,-0.927358,6.18729,6.8297,-1.10434
92.14025615,-1.14307,-1.14933,6.28196,6.81711,-1.3225
92.14109206,-1.20497,-1.21124,6.30702,6.81361,-1.38315
92.14208553,-1.27854,-1.28481,6.33681,6.80785,-1.45545
92.14325367,-1.36525,-1.37153,6.37039,6.80108,-1.54047
92.14430872,-1.44358,-1.44986,6.40072,6.79374,-1.61726
92.1454159,-1.52577,-1.53205,6.43101,6.78605,-1.69784
92.14664513,-1.61719,-1.62348,6.46464,6.77588,-1.78733
92.14824864,-1.73646,-1.74275,6.50658,6.76262,-1.90407
92.1509216,-1.93527,-1.94156,6.57305,6.73665,-2.09867
92.15626753,-2.3321,-2.33836,6.69305,6.6736,-2.48609
92.16695938,-3.11413,-3.12023,6.88192,6.50411,-3.2463
92.18834309,-4.55506,-4.56039,7.06,6.00073,-4.63168
92.19661762,-5.05197,-5.05682,7.05861,5.74907,-5.10312
92.20143451,-5.32119,-5.32574,7.04007,5.58854,-5.35748
92.20537289,-5.52908,-5.53339,7.01538,5.44988,-5.55362
92.20844805,-5.68358,-5.6877,6.99022,5.3371,-5.6993
92.21175558,-5.84217,-5.84609,6.95747,5.21146,-5.84875
92.21837062,-6.13648,-6.14002,6.87452,4.94716,-6.12579
92.22603415,-6.44041,-6.44352,6.74992,4.61993,-6.41115
92.23933286,-6.8765,-6.87888,6.46356,4.00175,-6.81809
92.25273512,-7.20129,-7.20296,6.08862,3.31873,-7.11711
92.27481583,-7.4927,-7.49323,5.29629,2.07905,-7.37349
92.29811708,-7.48335,-7.48273,4.24724,0.642362,-7.3369
92.31581543,-7.26791,-7.26646,3.31974,-0.518817,-7.10726
92.32415393,-7.1061,-7.10427,2.84686,-1.0818,-6.94067
92.33234202,-6.91121,-6.90903,2.3625,-1.6394,-6.74225
92.33456943,-6.85212,-6.84985,2.22745,-1.79153,-6.68239
92.3367795,-6.79098,-6.78861,2.09213,-1.94248,-6.62057
92.34119964,-6.66136,-6.65881,1.81781,-2.24343,-6.48984
92.35003993,-6.37359,-6.37068,1.25542,-2.83738,-6.20078
92.36772051,-5.69036,-5.68678,0.0836953,-3.95472,-5.51865
92.37978773,-5.14606,-5.14206,-0.745744,-4.63519,-4.97784
92.38545666,-4.8695,-4.86531,-1.14192,-4.9264,-4.70367
92.3877063,-4.7558,-4.75154,-1.30011,-5.03641,-4.59106
92.38855734,-4.71279,-4.7085,-1.35995,-5.07692,-4.54846
92.38944239,-4.66708,-4.66277,-1.42235,-5.11904,-4.50322
92.39121249,-4.57566,-4.57129,-1.54715,-5.20119,-4.41273
92.39435282,-4.4101,-4.40564,-1.76856,-5.34181,-4.24895
92.40063347,-4.06841,-4.06376,-2.21041,-5.60409,-3.91122
92.4089633,-3.59451,-3.58963,-2.78965,-5.9142,-3.44335
92.41836873,-3.03281,-3.02769,-3.42573,-6.21404,-2.88946
92.43465803,-2.00087,-1.99538,-4.44215,-6.61042,-1.87327
92.44240633,-1.48577,-1.48013,-4.8761,-6.74494,-1.36657
92.4463532,-1.21786,-1.21214,-5.08271,-6.8002,-1.10314
92.45012527,-0.958624,-0.952845,-5.27027,-6.84474,-0.848314
92.45337814,-0.732732,-0.7269,-5.42419,-6.8767,-0.626312
92.45696205,-0.481498,-0.475611,-5.58552,-6.90503,-0.379455
92.46412987,0.0276595,0.0336474,-5.88306,-6.94029,0.120682
92.47225598,0.614317,0.6204,-6.18104,-6.94616,0.696662
92.47735463,0.986793,0.992921,-6.34704,-6.93156,1.06212
92.48065347,1.22924,1.23539,-6.44594,-6.91468,1.29997
92.48158978,1.2983,1.30445,-6.47251,-6.90857,1.36749
92.48262785,1.37487,1.38102,-6.50196,-6.9018,1.44258
92.48364732,1.45006,1.45622,-6.52961,-6.89403,1.51634
92.48482258,1.53693,1.54309,-6.56147,-6.88508,1.60136
92.48608162,1.62999,1.63615,-6.59364,-6.87377,1.69245
92.48781924,1.75842,1.76458,-6.63804,-6.85817,1.81817
92.49078312,1.97749,1.98366,-6.70848,-6.82697,2.03261
92.49671087,2.41419,2.42032,-6.83364,-6.75109,2.45947
92.50856638,3.27041,3.27633,-7.02179,-6.54683,3.29444
92.53227739,4.80761,4.81255,-7.15651,-5.94109,4.78478
92.53385262,4.90023,4.90508,-7.15339,-5.89104,4.87408
92.53700308,5.08108,5.08574,-7.14385,-5.78837,5.04827
92.53884683,5.18381,5.18835,-7.13575,-5.72633,5.14711
92.53939491,5.21374,5.21823,-7.13334,-5.70788,5.1759
92.53993478,5.24322,5.24768,-7.13029,-5.68919,5.20425
92.54170055,5.33764,5.34198,-7.1203,-5.62804,5.29507
92.54314921,5.4133,5.41754,-7.11063,-5.57675,5.36784
92.54597724,5.55639,5.56045,-7.08848,-5.47412,5.5055
92.5509014,5.79154,5.7953,-7.03974,-5.28771,5.73176
92.56074972,6.21107,6.21425,-6.90417,-4.88657,6.1353
92.57100406,6.57852,6.58112,-6.71047,-4.43058,6.48835
92.58400856,6.94594,6.94783,-6.39073,-3.79994,6.84041
92.60035643,7.25538,7.25639,-5.87768,-2.93189,7.13488
92.62762628,7.40782,7.40743,-4.77338,-1.32834,7.27246
92.65872286,7.05865,7.05679,-3.1878,0.674025,6.92068
92.66972932,6.80646,6.80411,-2.55078,1.41354,6.67107
92.67350148,6.70506,6.70254,-2.32407,1.66922,6.57095
92.67633743,6.62397,6.62134,-2.15108,1.86144,6.49096
92.6793565,6.53319,6.53043,-1.96466,2.06579,6.40147
92.68539464,6.33819,6.33518,-1.58534,2.47174,6.2094
92.69747093,5.89654,5.89305,-0.803322,3.26111,5.775
92.7216235,4.82391,4.81958,0.830515,4.64514,4.72201
92.72919948,4.43777,4.4332,1.35749,5.01568,4.34338
92.73192966,4.29306,4.2884,1.54861,5.14091,4.20153
92.73383079,4.19064,4.18592,1.6817,5.22531,4.10113
92.73570121,4.08858,4.08381,1.81264,5.30605,4.00112
92.73944203,3.88077,3.87589,2.0742,5.46075,3.79748
92.74594737,3.50806,3.503,2.52584,5.70879,3.43232
92.75895805,2.72274,2.71734,3.40192,6.12754,2.66313
92.77473989,1.70653,1.70079,4.3758,6.50085,1.66799
92.78273571,1.16742,1.16153,4.81927,6.63451,1.14008
92.7867376,0.891982,0.886028,5.02627,6.68756,0.870367
92.79054686,0.626654,0.620638,5.21316,6.72957,0.610544
92.7936127,0.41102,0.404958,5.35631,6.75741,0.399377
92.79708215,0.164904,0.158791,5.51061,6.78254,0.158349
92.80402103,-0.333328,-0.339529,5.79548,6.81268,-0.329615
92.81122732,-0.858088,-0.864363,6.05874,6.81589,-0.84359
92.81488933,-1.12721,-1.13351,6.18001,6.80666,-1.10718
92.81851691,-1.39514,-1.40146,6.29196,6.79038,-1.36958
92.81950174,-1.46788,-1.47421,6.32068,6.7845,-1.44082
92.82040767,-1.53503,-1.54135,6.3471,6.77909,-1.50656
92.82340417,-1.75711,-1.76343,6.43002,6.75731,-1.72403
92.82655653,-1.99074,-1.99706,6.51138,6.7293,-1.95281
92.83286125,-2.45648,-2.46275,6.65615,6.65781,-2.40881
92.8454707,-3.36771,-3.37375,6.87469,6.45463,-3.30092
92.8706896,-4.97874,-4.98363,7.03631,5.82281,-4.87909
92.87183423,-5.04449,-5.0493,7.034,5.78628,-4.94354
92.87412348,-5.17358,-5.17823,7.02938,5.71323,-5.07009
92.87571351,-5.26108,-5.26563,7.02422,5.66097,-5.15589
92.87774782,-5.37019,-5.3746,7.01562,5.59255,-5.2629
92.87939018,-5.45595,-5.46025,7.00702,5.53603,-5.34704
92.88267489,-5.62145,-5.62554,6.98541,5.41961,-5.50945
92.88887459,-5.91274,-5.91645,6.92876,5.18781,-5.79551
92.89920044,-6.33951,-6.3426,6.78934,4.7681,-6.21517
92.91014213,-6.71483,-6.7173,6.58188,4.27976,-6.58506
92.92435151,-7.08756,-7.08924,6.22466,3.58359,-6.95381
92.94153948,-7.3695,-7.37026,5.66767,2.6572,-7.23539
92.97381424,-7.42195,-7.42104,4.29511,0.71742,-7.29916
92.99367838,-7.15797,-7.15612,3.2604,-0.580078,-7.04931
93.0029779,-6.95981,-6.95753,2.73093,-1.20701,-6.85948
93.00609746,-6.88295,-6.88053,2.54729,-1.41944,-6.78566
93.00744167,-6.84782,-6.84534,2.46704,-1.51098,-6.75188
93.00871474,-6.81455,-6.81202,2.39104,-1.59785,-6.71989
93.01126087,-6.74467,-6.74202,2.23725,-1.7716,-6.65264
93.01635314,-6.59522,-6.59236,1.92468,-2.11831,-6.50866
93.02653768,-6.25876,-6.25548,1.281,-2.80233,-6.18392
93.04690677,-5.44551,-5.44146,-0.068186,-4.07398,-5.39692
93.05907262,-4.87567,-4.8712,-0.905627,-4.74,-4.8444
93.06449729,-4.60229,-4.59765,-1.2847,-5.0098,-4.57912
93.06633469,-4.50709,-4.50239,-1.41377,-5.09707,-4.48671
93.0678296,-4.42829,-4.42354,-1.51878,-5.16645,-4.4102
93.06930339,-4.3506,-4.34581,-1.62243,-5.23341,-4.33478
93.07225097,-4.19207,-4.18719,-1.82974,-5.36305,-4.18084
93.07814613,-3.86595,-3.8609,-2.24316,-5.60572,-3.86403
93.08786307,-3.30346,-3.29814,-2.91469,-5.959,-3.31727
93.09822829,-2.67163,-2.66606,-3.60562,-6.27344,-2.70264
93.11448013,-1.62301,-1.61709,-4.59267,-6.6401,-1.6815
93.12107706,-1.1787,-1.17266,-4.95142,-6.74539,-1.24846
93.12489325,-0.917198,-0.911094,-5.14621,-6.79494,-0.99349
93.12806839,-0.697325,-0.69117,-5.30076,-6.82988,-0.779047
93.13134453,-0.46842,-0.462216,-5.45303,-6.85999,-0.555736
93.13789682,-0.00498531,0.00130831,-5.73627,-6.90226,-0.10344
93.14840724,0.751633,0.758039,-6.13347,-6.92081,0.635581
93.1539805,1.1583,1.16474,-6.31611,-6.90632,1.03315
93.15727828,1.40038,1.40683,-6.4152,-6.88989,1.26997
93.15818754,1.46712,1.47358,-6.44109,-6.8841,1.33526
93.15914189,1.53738,1.54384,-6.46826,-6.87804,1.40403
93.16174121,1.72875,1.73521,-6.53877,-6.85846,1.59134
93.16402114,1.89661,1.90306,-6.59728,-6.83838,1.75568
93.16818091,2.20246,2.20888,-6.69603,-6.79481,2.05553
93.17650045,2.80864,2.81495,-6.86268,-6.68128,2.65051
93.19313954,3.96499,3.97081,-7.07471,-6.35276,3.79005
93.20532095,4.73508,4.74027,-7.12926,-6.02989,4.55382
93.21188129,5.11412,5.11888,-7.12397,-5.82818,4.93193
93.21509054,5.28894,5.29348,-7.11266,-5.72262,5.1068
93.21694787,5.3867,5.39111,-7.10352,-5.6595,5.20469
93.21870957,5.47702,5.48131,-7.09312,-5.59829,5.29518
93.2206589,5.57426,5.57842,-7.07964,-5.52906,5.39264
93.22390044,5.7298,5.73374,-7.05272,-5.41048,5.54864
93.23038351,6.01856,6.0221,-6.98215,-5.16074,5.8387
93.24131116,6.44064,6.44352,-6.81391,-4.70333,6.26427
93.2522591,6.78448,6.78672,-6.58515,-4.20159,6.61341
93.26681352,7.12242,7.12382,-6.19199,-3.47254,6.96124
93.28806417,7.37859,7.37881,-5.44853,-2.29641,7.23744
93.3102287,7.35657,7.35563,-4.47861,-0.951058,7.24268
93.32912906,7.11492,7.11303,-3.51159,0.272452,7.02873
93.33958566,6.89641,6.89403,-2.92626,0.972258,6.82713
93.34499451,6.76043,6.7578,-2.61052,1.33858,6.70029
93.34687042,6.70969,6.70697,-2.49904,1.46618,6.65277
93.34861642,6.66083,6.65804,-2.39442,1.58494,6.60695
93.35189687,6.56489,6.56195,-2.19571,1.80807,6.51676
93.35845777,6.35709,6.35386,-1.79033,2.25258,6.3207
93.37157956,5.88041,5.87665,-0.950888,3.12035,5.86832
93.39782316,4.7049,4.70017,0.81311,4.6393,4.74388
93.39951901,4.61854,4.61376,0.930979,4.72693,4.66094
93.40008758,4.58959,4.58479,0.970498,4.75573,4.63313
93.40099134,4.54299,4.53815,1.03345,4.80152,4.58835
93.40146297,4.51867,4.51382,1.0663,4.82493,4.56498
93.40240621,4.46946,4.46458,1.13212,4.87174,4.51769
93.40327872,4.42394,4.41904,1.19301,4.91394,4.47394
93.40451469,4.35845,4.35351,1.27942,4.97372,4.41096
93.40587016,4.28663,4.28164,1.37418,5.03763,4.34189
93.40746763,4.20076,4.19572,1.48602,5.11132,4.25927
93.40997422,4.06418,4.05906,1.66152,5.22348,4.1278
93.41489869,3.78943,3.78417,2.006,5.43187,3.86314
93.42286272,3.32795,3.32246,2.55868,5.73652,3.41804
93.43131137,2.81654,2.81082,3.13304,6.01722,2.92404
93.44659009,1.84078,1.83471,4.1095,6.41707,1.97955
93.45526467,1.26009,1.25385,4.615,6.58321,1.41638
93.46033763,0.912329,0.906,4.88992,6.66017,1.07875
93.46269515,0.748793,0.742424,5.01189,6.6909,0.919892
93.46497247,0.589741,0.583335,5.12598,6.71758,0.765331
93.46720294,0.432983,0.426542,5.23415,6.74084,0.612947
93.46965055,0.259901,0.253423,5.34883,6.76314,0.444632
93.47454578,-0.0893738,-0.0959194,5.56596,6.79761,0.104782
93.48376506,-0.756898,-0.763548,5.93243,6.8264,-0.545525
93.48895263,-1.13723,-1.14391,6.11479,6.82203,-0.916614
93.49232616,-1.38608,-1.39279,6.22434,6.81133,-1.15958
93.49331446,-1.45899,-1.4657,6.25481,6.80678,-1.23101
93.49425709,-1.52876,-1.53548,6.28387,6.80244,-1.29914
93.49653775,-1.69757,-1.70431,6.35124,6.78936,-1.46437
93.49784169,-1.79409,-1.80084,6.38833,6.78,-1.55883
93.49969795,-1.93146,-1.93825,6.43935,6.76667,-1.6935
93.50293503,-2.17103,-2.17771,6.52331,6.73797,-1.92833
93.50940919,-2.64728,-2.65389,6.6723,6.66426,-2.3964
93.52235751,-3.57353,-3.57983,6.89539,6.45343,-3.31165
93.538575,-4.63862,-4.64416,7.03678,6.07533,-4.3757
93.54609127,-5.08415,-5.0892,7.05102,5.85849,-4.82622
93.550022,-5.30244,-5.30722,7.04573,5.73491,-5.04829
93.55200872,-5.40859,-5.41323,7.03975,5.66986,-5.15654
93.55388613,-5.50622,-5.51073,7.0321,5.60682,-5.25619
93.55554634,-5.59036,-5.59476,7.02371,5.54982,-5.34213
93.55730932,-5.6775,-5.68178,7.01315,5.48801,-5.43119
93.56083528,-5.84509,-5.84914,6.98694,5.36052,-5.60262
93.56788719,-6.15442,-6.15802,6.91451,5.09042,-5.91985
93.57871604,-6.56459,-6.56754,6.75251,4.63802,-6.34317
93.59023397,-6.91699,-6.91925,6.51477,4.10952,-6.71123
93.60488496,-7.24332,-7.24474,6.11937,3.37238,-7.06019
93.62732903,-7.48629,-7.48645,5.32688,2.12026,-7.34333
93.65070018,-7.42164,-7.42055,4.28471,0.684931,-7.3266
93.66860825,-7.16259,-7.16061,3.35225,-0.486958,-7.10771
93.67720378,-6.97595,-6.97356,2.86685,-1.06633,-6.94124
93.68572083,-6.75298,-6.75019,2.36429,-1.64559,-6.7387
93.68805387,-6.6854,-6.68251,2.22302,-1.80475,-6.67679
93.6903473,-6.61632,-6.61332,2.08273,-1.9612,-6.61331
93.69493417,-6.47044,-6.46724,1.79818,-2.27303,-6.47869
93.70410791,-6.14876,-6.14518,1.21434,-2.88766,-6.17975
93.72245537,-5.39313,-5.38882,-0.00328241,-4.03726,-5.47018
93.7341912,-4.83571,-4.83098,-0.810807,-4.68944,-4.94245
93.73957216,-4.56171,-4.55681,-1.18685,-4.96212,-4.68209
93.7418755,-4.441,-4.43601,-1.34871,-5.07336,-4.56721
93.74283297,-4.3899,-4.38489,-1.41614,-5.11856,-4.51854
93.74474791,-4.28772,-4.28264,-1.551,-5.2071,-4.4212
93.74829944,-4.09414,-4.08895,-1.80113,-5.3649,-4.23661
93.7554025,-3.69407,-3.68867,-2.29976,-5.65636,-3.85444
93.7640192,-3.18686,-3.18122,-2.89617,-5.96817,-3.36875
93.77784256,-2.32771,-2.32172,-3.81056,-6.37576,-2.54347
93.79124027,-1.44751,-1.44124,-4.61529,-6.66422,-1.69503
93.79752226,-1.02007,-1.01368,-4.95754,-6.76377,-1.28206
93.80095314,-0.782991,-0.776542,-5.1337,-6.80861,-1.05275
93.80419657,-0.556707,-0.550205,-5.29282,-6.84487,-0.833719
93.80726017,-0.341168,-0.334619,-5.4365,-6.87367,-0.624939
93.81324359,0.0843746,0.0910075,-5.6991,-6.9148,-0.212314
93.82365018,0.836572,0.843318,-6.10121,-6.93937,0.518586
93.82823529,1.17209,1.17886,-6.25677,-6.93145,0.845365
93.83175724,1.43114,1.43793,-6.36746,-6.91766,1.09797
93.83280172,1.50797,1.51476,-6.39851,-6.91203,1.17317
93.83376766,1.57921,1.586,-6.42724,-6.90682,1.24271
93.83601964,1.74531,1.75209,-6.4913,-6.89213,1.40522
93.83722021,1.83386,1.84064,-6.52372,-6.88278,1.49186
93.83855027,1.93196,1.93874,-6.55963,-6.87243,1.58798
93.84063198,2.08539,2.09216,-6.61296,-6.85372,1.73841
93.84439296,2.36191,2.36864,-6.70272,-6.81423,2.01018
93.8519149,2.90939,2.916,-6.857,-6.71362,2.55043
93.86695878,3.95675,3.96288,-7.06603,-6.42893,3.59478
93.87853352,4.69517,4.7007,-7.13802,-6.13689,4.34301
93.88500536,5.0744,5.07949,-7.14511,-5.94685,4.73284
93.88816734,5.24941,5.25427,-7.14004,-5.84721,4.91435
93.89056174,5.37705,5.38174,-7.1325,-5.7683,5.04729
93.89165173,5.43336,5.43797,-7.12777,-5.73238,5.10608
93.89251781,5.47811,5.48266,-7.124,-5.70287,5.15279
93.89335795,5.52024,5.52474,-7.11943,-5.67425,5.19682
93.89457792,5.58142,5.58583,-7.11279,-5.63161,5.26076
93.89591164,5.64663,5.65095,-7.10431,-5.58499,5.32894
93.89857908,5.77318,5.77731,-7.08445,-5.48886,5.46138
93.90391397,6.01121,6.015,-7.03334,-5.28798,5.71107
93.91458374,6.42921,6.43233,-6.88644,-4.85302,6.15262
93.92485978,6.76055,6.76304,-6.69015,-4.39418,6.50754
93.93986759,7.12229,7.12389,-6.31116,-3.65917,6.90594
93.95436996,7.33697,7.33772,-5.84611,-2.88214,7.15865
93.98337469,7.38562,7.38477,-4.65558,-1.16679,7.28966
94.01406731,6.9183,6.91588,-3.07007,0.815176,6.9156
94.02470311,6.63682,6.6339,-2.4496,1.52842,6.66751
94.02881523,6.51213,6.50902,-2.20078,1.80574,6.55581
94.03271306,6.38611,6.38283,-1.96081,2.0686,6.44215
94.04050872,6.1122,6.10858,-1.47006,2.58897,6.19295
94.05610005,5.48166,5.47739,-0.451071,3.5839,5.61162
94.06811042,4.92483,4.92011,0.362926,4.28468,5.09232
94.07508011,4.57476,4.56979,0.84486,4.65652,4.76382
94.07867969,4.38653,4.38144,1.09596,4.83688,4.58665
94.08056277,4.28609,4.28094,1.22781,4.92786,4.49198
94.08173682,4.22254,4.21735,1.31017,4.98334,4.43202
94.0829967,4.15434,4.14911,1.39855,5.04183,4.36767
94.08448668,4.07264,4.06736,1.50322,5.1096,4.2905
94.08677532,3.94562,3.94027,1.66399,5.21081,4.17042
94.09112471,3.69926,3.69378,1.96934,5.39377,3.93716
94.09982348,3.18795,3.18222,2.57521,5.72409,3.45166
94.10945132,2.59499,2.589,3.22986,6.03595,2.88657
94.12050137,1.88257,1.87632,3.94505,6.32597,2.20509
94.12954955,1.27624,1.26979,4.48944,6.51028,1.62312
94.13707055,0.758098,0.75151,4.90497,6.62751,1.12448
94.14044293,0.521874,0.515229,5.07923,6.66955,0.896774
94.14348772,0.306698,0.300004,5.22976,6.70195,0.689151
94.14669095,0.0785152,0.0717722,5.38113,6.73038,0.468769
94.15019454,-0.173048,-0.17984,5.53865,6.75488,0.225558
94.15720173,-0.681646,-0.688524,5.82935,6.7834,-0.266991
94.16187266,-1.02421,-1.03113,6.0055,6.78737,-0.599463
94.16472618,-1.23465,-1.24159,6.1063,6.78392,-0.804046
94.16652478,-1.36767,-1.37469,6.1672,6.77947,-0.933526
94.16765892,-1.45173,-1.45862,6.20417,6.77542,-1.01542
94.16880296,-1.53652,-1.54349,6.24146,6.77133,-1.09803
94.17008517,-1.63155,-1.63861,6.28146,6.76519,-1.19088
94.17106745,-1.70444,-1.71148,6.3121,6.76048,-1.26201
94.1732316,-1.86503,-1.87203,6.37667,6.74756,-1.41914
94.17442641,-1.95369,-1.96067,6.41059,6.73893,-1.50589
94.17578011,-2.05414,-2.06109,6.44902,6.72916,-1.60433
94.17790152,-2.21135,-2.21829,6.50622,6.71124,-1.7586
94.18181025,-2.50008,-2.50698,6.60447,6.67207,-2.04284
94.18962771,-3.07063,-3.07738,6.77334,6.57023,-2.60778
94.20526262,-4.15452,-4.16073,7.00231,6.2759,-3.69705
94.21707705,-4.89606,-4.90159,7.08078,5.97635,-4.45955
94.22309464,-5.24095,-5.24608,7.08992,5.79906,-4.82104
94.22629309,-5.41409,-5.419,7.08642,5.69823,-5.00423
94.2282408,-5.51588,-5.52066,7.08093,5.6342,-5.11234
94.22925566,-5.56745,-5.57216,7.07806,5.60084,-5.16721
94.23021937,-5.61642,-5.62106,7.07393,5.56807,-5.21931
94.23155944,-5.68288,-5.68743,7.06819,5.52251,-5.29008
94.23298675,-5.75223,-5.75669,7.0606,5.47285,-5.36399
94.23568219,-5.87924,-5.88352,7.04323,5.37676,-5.49948
94.24107307,-6.11813,-6.12208,6.99667,5.17568,-5.7551
94.25185482,-6.53739,-6.54069,6.85725,4.73923,-6.20778
94.2620478,-6.86369,-6.86639,6.67012,4.28651,-6.56636
94.2773225,-7.22841,-7.23021,6.29353,3.54082,-6.98153
94.2920538,-7.44185,-7.44282,5.82659,2.75195,-7.2461
94.3215164,-7.47896,-7.47832,4.61964,1.00635,-7.39102
94.34630495,-7.12824,-7.12636,3.35494,-0.596513,-7.13453
94.35639327,-6.88944,-6.88708,2.78077,-1.27415,-6.93462
94.35934415,-6.80937,-6.80686,2.60672,-1.47446,-6.86595
94.36091697,-6.76418,-6.7616,2.5129,-1.58122,-6.82684
94.36261473,-6.71539,-6.71274,2.41086,-1.69659,-6.78463
94.36601026,-6.6122,-6.60939,2.20446,-1.92734,-6.69454
94.37280131,-6.38905,-6.38594,1.7829,-2.38617,-6.49754
94.38638341,-5.87862,-5.87494,0.908281,-3.27766,-6.03893
94.39954176,-5.30692,-5.30272,0.0261831,-4.08238,-5.51659
94.41012559,-4.79525,-4.79067,-0.703754,-4.66723,-5.04387
94.41494938,-4.54736,-4.54262,-1.04139,-4.91198,-4.81348
94.41930856,-4.31584,-4.31095,-1.34832,-5.12021,-4.59761
94.42168327,-4.18678,-4.18181,-1.51615,-5.2284,-4.47701
94.42348176,-4.08771,-4.08268,-1.64327,-5.30787,-4.38431
94.42664427,-3.9108,-3.90567,-1.86678,-5.44256,-4.21854
94.43296928,-3.54701,-3.54169,-2.31235,-5.69312,-3.87672
94.4456193,-2.78242,-2.77675,-3.18412,-6.12147,-3.15471
94.45948948,-1.893,-1.88699,-4.08207,-6.48244,-2.30959
94.47395252,-0.916418,-0.91012,-4.91191,-6.7404,-1.37613
94.47989199,-0.502182,-0.49578,-5.2164,-6.81171,-0.978615
94.48530023,-0.119204,-0.112716,-5.47359,-6.85935,-0.610312
94.49170794,0.340744,0.347323,-5.75344,-6.89473,-0.166996
94.49843039,0.829421,0.836077,-6.01866,-6.90759,0.305271
94.50242536,1.12233,1.12902,-6.16275,-6.90357,0.589071
94.50643931,1.41797,1.42469,-6.29753,-6.89088,0.876246
94.50852835,1.57236,1.57908,-6.36375,-6.88086,1.02644
94.51065647,1.72963,1.73636,-6.42846,-6.86827,1.17987
94.51271893,1.88205,1.88879,-6.48855,-6.8538,1.32888
94.51384136,1.965,1.97174,-6.51977,-6.84464,1.41014
94.51501287,2.05158,2.05825,-6.55235,-6.83508,1.49496
94.51632318,2.14823,2.15502,-6.58737,-6.82248,1.58982
94.51829317,2.29353,2.30023,-6.63807,-6.80355,1.73253
94.52181794,2.55243,2.55909,-6.72296,-6.76351,1.98788
94.52886748,3.06417,3.07071,-6.8705,-6.66455,2.49592
94.54296655,4.0419,4.04799,-7.07781,-6.39364,3.48271
94.5538064,4.73191,4.73745,-7.15884,-6.12148,4.19661
94.55990032,5.08947,5.0946,-7.17491,-5.94485,4.57466
94.56287515,5.25482,5.25975,-7.17513,-5.85261,4.75188
94.56486822,5.36195,5.36674,-7.17251,-5.78864,4.86754
94.56680713,5.46327,5.46793,-7.16784,-5.7242,4.97745
94.56818262,5.53304,5.53761,-7.16279,-5.67849,5.0534
94.56890206,5.56954,5.57405,-7.16015,-5.65381,5.09313
94.56942861,5.59563,5.60011,-7.15822,-5.63574,5.12158
94.56994631,5.62128,5.62573,-7.15564,-5.61798,5.14955
94.57165492,5.70421,5.70855,-7.1471,-5.55813,5.24006
94.57288195,5.76246,5.76672,-7.13981,-5.5144,5.30368
94.57533602,5.87575,5.87985,-7.12279,-5.42509,5.42755
94.57938924,6.05364,6.05749,-7.08758,-5.27228,5.62261
94.58749568,6.37591,6.37927,-6.99109,-4.94738,5.9787
94.5981713,6.73387,6.73659,-6.81224,-4.48205,6.38119
94.61038681,7.05278,7.0548,-6.53788,-3.90058,6.75202
94.62484485,7.30784,7.30903,-6.12157,-3.15039,7.07033
94.64870782,7.44818,7.44807,-5.23522,-1.78633,7.31867
94.67343527,7.24168,7.2403,-4.08265,-0.238905,7.22675
94.69052588,6.89989,6.89767,-3.16202,0.889626,6.96454
94.69754868,6.71393,6.7114,-2.75669,1.36301,6.81121
94.70013329,6.639,6.63635,-2.60379,1.53819,6.74825
94.70256593,6.56538,6.56262,-2.45818,1.70308,6.68588
94.70664077,6.4355,6.43255,-2.21081,1.97902,6.57477
94.71479044,6.15178,6.14849,-1.70383,2.52624,6.32829
94.73108978,5.49375,5.4898,-0.647162,3.57353,5.74319
94.74361978,4.9104,4.90598,0.198337,4.30875,5.21424
94.7505542,4.56008,4.55542,0.67675,4.68064,4.89332
94.75391539,4.38352,4.37874,0.910909,4.85035,4.73081
94.75680591,4.22786,4.223,1.1133,4.99026,4.58712
94.75759587,4.18533,4.18043,1.16861,5.02727,4.54786
94.75851516,4.13486,4.12994,1.23319,5.07033,4.50116
94.75965062,4.07253,4.06757,1.31295,5.12193,4.44349
94.76092104,4.00173,3.99673,1.40235,5.17966,4.37786
94.76233994,3.92264,3.9176,1.5022,5.24231,4.30456
94.76453691,3.79834,3.79323,1.6568,5.33672,4.18913
94.76863631,3.56205,3.55682,1.94528,5.5046,3.96921
94.77683513,3.07329,3.06783,2.51822,5.80894,3.51245
94.78851884,2.34232,2.33655,3.31279,6.17227,2.82516
94.80055691,1.551,1.54496,4.08387,6.46203,2.07627
94.8103585,0.881199,0.874966,4.65959,6.63559,1.43891
94.81539253,0.529073,0.52275,4.93295,6.70319,1.10266
94.81803718,0.34204,0.335673,5.06977,6.73289,0.923744
94.82048419,0.167828,0.161423,5.19198,6.75683,0.756902
94.82338942,-0.0403537,-0.0468026,5.33157,6.78087,0.557283
94.82631162,-0.251143,-0.257633,5.46607,6.80025,0.354895
94.83215603,-0.67646,-0.683024,5.71789,6.82475,-0.0543232
94.83663218,-1.00517,-1.01178,5.89565,6.83073,-0.371451
94.83939873,-1.20942,-1.21605,5.99908,6.82893,-0.568949
94.84074662,-1.30923,-1.31587,6.04739,6.82626,-0.66556
94.84150827,-1.36563,-1.37228,6.07468,6.82475,-0.720312
94.84265788,-1.45096,-1.45761,6.11431,6.82111,-0.802955
94.84375532,-1.53241,-1.53907,6.15215,6.81763,-0.882124
94.8450379,-1.62761,-1.63427,6.19496,6.81178,-0.974649
94.84671455,-1.7522,-1.75885,6.24938,6.80412,-1.09606
94.84801586,-1.8489,-1.85555,6.29005,6.79637,-1.19029
94.84894368,-1.91784,-1.92449,6.31905,6.79085,-1.25766
94.84996289,-1.99357,-2.00023,6.34953,6.7836,-1.33167
94.85107706,-2.07637,-2.08302,6.38286,6.77567,-1.41275
94.85356029,-2.2606,-2.26724,6.45362,6.75498,-1.59347
94.85554525,-2.40756,-2.41418,6.50748,6.73611,-1.73806
94.85911602,-2.67081,-2.67739,6.59833,6.69701,-1.99818
94.86625758,-3.19045,-3.1969,6.75693,6.59924,-2.51587
94.8805407,-4.17936,-4.18533,6.98307,6.32793,-3.52136
94.89145441,-4.8685,-4.87388,7.07527,6.05492,-4.24389
94.89711032,-5.19698,-5.20199,7.09594,5.89171,-4.59733
94.90010355,-5.36183,-5.36664,7.09948,5.79948,-4.77732
94.90283344,-5.50643,-5.51105,7.09829,5.71192,-4.93651
94.9047181,-5.60302,-5.60752,7.09447,5.64915,-5.04341
94.90577486,-5.6558,-5.66023,7.09232,5.61395,-5.10198
94.90637119,-5.68558,-5.68997,7.09029,5.59346,-5.13503
94.90775495,-5.75316,-5.75747,7.08559,5.54592,-5.21014
94.9099008,-5.85525,-5.85942,7.07584,5.47033,-5.32372
94.91236369,-5.96844,-5.97245,7.06152,5.3812,-5.44985
94.9164894,-6.14869,-6.15245,7.03013,5.22635,-5.65139
94.92474083,-6.47489,-6.47816,6.93994,4.89637,-6.01946
94.93539969,-6.83012,-6.83277,6.77061,4.43188,-6.42859
94.94776521,-7.15068,-7.15262,6.50211,3.84234,-6.8125
94.96223422,-7.40343,-7.40456,6.09425,3.08913,-7.14102
94.98642198,-7.54111,-7.54094,5.20538,1.69936,-7.40847
95.01165893,-7.32244,-7.32099,4.03102,0.10863,-7.32689
95.02893218,-6.97013,-6.96786,3.09777,-1.03911,-7.06802
95.03635469,-6.77004,-6.76743,2.6671,-1.54161,-6.90776
95.03908916,-6.68915,-6.68642,2.50422,-1.72748,-6.84147
95.04164003,-6.61031,-6.60748,2.35039,-1.90087,-6.77622
95.04674178,-6.44315,-6.44009,2.03759,-2.24644,-6.63605
95.05694527,-6.07216,-6.06867,1.39304,-2.92597,-6.3183
95.07735225,-5.19383,-5.18957,0.0405935,-4.17833,-5.54279
95.0859737,-4.77068,-4.76612,-0.552925,-4.64912,-5.16147
95.09059871,-4.53159,-4.52688,-0.875798,-4.8839,-4.94439
95.09388891,-4.3566,-4.35178,-1.10697,-5.04255,-4.78485
95.09558509,-4.26482,-4.25995,-1.22657,-5.12156,-4.70097
95.09800911,-4.13189,-4.12694,-1.3978,-5.23115,-4.57924
95.09946611,-4.051,-4.046,-1.50088,-5.29516,-4.50504
95.1017249,-3.92415,-3.91909,-1.66067,-5.3917,-4.3885
95.10599805,-3.67951,-3.67432,-1.96298,-5.56553,-4.1631
95.11454435,-3.17279,-3.16736,-2.56327,-5.87959,-3.69382
95.12687416,-2.40401,-2.39828,-3.40419,-6.25583,-2.97647
95.14190459,-1.41373,-1.40767,-4.35262,-6.59448,-2.04428
95.14394392,-1.27451,-1.26841,-4.4731,-6.62911,-1.9125
95.1480226,-0.993987,-0.987815,-4.70768,-6.69271,-1.64661
95.15111426,-0.779294,-0.773068,-4.87856,-6.73514,-1.44274
95.15250943,-0.68182,-0.675571,-4.95312,-6.75225,-1.34994
95.15338499,-0.620462,-0.614198,-4.99991,-6.76299,-1.29171
95.15423422,-0.560812,-0.554534,-5.04395,-6.77238,-1.23483
95.15546339,-0.474241,-0.467944,-5.10769,-6.78596,-1.1525
95.15676216,-0.382473,-0.376156,-5.17344,-6.79908,-1.06506
95.15922828,-0.207418,-0.201062,-5.29497,-6.8214,-0.898094
95.16416052,0.145661,0.152085,-5.52546,-6.85587,-0.560669
95.17402499,0.861831,0.868365,-5.93852,-6.88468,0.126647
95.17827826,1.17412,1.18069,-6.09735,-6.88073,0.427729
95.18252135,1.48722,1.4938,-6.24454,-6.86709,0.73055
95.18363393,1.56931,1.5759,-6.2809,-6.86159,0.810406
95.18474064,1.65116,1.65775,-6.31708,-6.85612,0.889842
95.18610815,1.7523,1.75888,-6.36028,-6.84806,0.988263
95.18880582,1.95182,1.9584,-6.44217,-6.82868,1.183
95.18964811,2.01412,2.02069,-6.4666,-6.82263,1.2438
95.19055829,2.08143,2.088,-6.493,-6.81477,1.30972
95.19170309,2.16589,2.17245,-6.5248,-6.80487,1.39262
95.19286231,2.25141,2.25797,-6.557,-6.7935,1.47657
95.19413839,2.34556,2.3521,-6.59107,-6.78098,1.56913
95.19588878,2.47429,2.48081,-6.6362,-6.76192,1.6961
95.19891874,2.6962,2.70269,-6.70998,-6.72523,1.91587
95.20497866,3.13493,3.14129,-6.84108,-6.63797,2.35399
95.21709851,3.97819,3.98417,-7.03821,-6.40949,3.21272
95.22664869,4.59702,4.60254,-7.1332,-6.18029,3.86121
95.23465572,5.07422,5.07923,-7.17246,-5.95591,4.37636
95.23801932,5.26177,5.26656,-7.17808,-5.85308,4.58347
95.24058455,5.39921,5.40382,-7.17809,-5.77132,4.73704
95.24289617,5.51881,5.52327,-7.17495,-5.69523,4.87181
95.24506567,5.62742,5.63173,-7.1693,-5.62176,4.99494
95.24710383,5.72629,5.73047,-7.16132,-5.5507,5.10748
95.24766315,5.75278,5.75692,-7.15913,-5.5312,5.13769
95.24821982,5.77914,5.78325,-7.1562,-5.51123,5.16777
95.25000578,5.86187,5.86587,-7.14679,-5.44714,5.26224
95.25149539,5.92915,5.93306,-7.13738,-5.39252,5.33919
95.25440554,6.05615,6.05987,-7.11555,-5.28324,5.48477
95.25950258,6.26465,6.26807,-7.06639,-5.08379,5.72519
95.26969666,6.6297,6.63252,-6.92718,-4.65531,6.15302
95.27971559,6.92223,6.92447,-6.73861,-4.19756,6.50705
95.29434419,7.23394,7.23536,-6.3751,-3.46907,6.90948
95.30890148,7.41091,7.41152,-5.91468,-2.67962,7.17803
95.33801606,7.38396,7.38303,-4.72948,-0.943608,7.33591
95.36364745,6.9631,6.96093,-3.42909,0.715027,7.07619
95.37339002,6.7094,6.70679,-2.87706,1.3678,6.88284
95.37678943,6.60912,6.60636,-2.67748,1.5974,6.80345
95.37946653,6.52601,6.52313,-2.51799,1.77821,6.73672
95.38226377,6.43539,6.43239,-2.34928,1.96714,6.66311
95.38785823,6.2428,6.23956,-2.00588,2.34298,6.50428
95.39904717,5.81399,5.8103,-1.29721,3.0782,6.14168
95.42142505,4.7958,4.79128,0.191181,4.40195,5.24973
95.42289136,4.72123,4.71667,0.292114,4.48092,5.18312
95.425824,4.57014,4.56547,0.494672,4.63545,5.04785
95.4273418,4.49055,4.48583,0.599899,4.71291,4.97637
95.42820899,4.44507,4.44033,0.660176,4.75716,4.93554
95.42883619,4.41166,4.4069,0.703771,4.78839,4.90545
95.42944514,4.37922,4.37444,0.746203,4.81871,4.87624
95.43037847,4.32951,4.32469,0.811239,4.86412,4.83148
95.43136003,4.27636,4.27151,0.879848,4.91189,4.78349
95.43300042,4.18754,4.18264,0.994507,4.98965,4.70329
95.43530495,4.06072,4.05575,1.15609,5.09576,4.58847
95.43748786,3.93887,3.93383,1.30949,5.19295,4.47787
95.43998704,3.79733,3.79222,1.48547,5.30037,4.34909
95.44194871,3.68474,3.67957,1.62361,5.38185,4.24643
95.44544576,3.48087,3.4756,1.86986,5.52108,4.06003
95.45243986,3.06146,3.056,2.36022,5.77686,3.67471
95.4654024,2.24632,2.24054,3.24657,6.17308,2.91953
95.4817052,1.15999,1.15386,4.27715,6.53122,1.90213
95.49065121,0.538034,0.531749,4.7865,6.66237,1.31474
95.4950475,0.226353,0.219999,5.01897,6.71004,1.01915
95.49844389,-0.0168757,-0.0232797,5.18959,6.73937,0.787923
95.50118079,-0.214294,-0.220735,5.32124,6.75829,0.599899
95.50398905,-0.418075,-0.424552,5.45093,6.77336,0.405484
95.50960558,-0.828875,-0.835415,5.69442,6.79038,0.0124885
95.51332321,-1.10286,-1.10943,5.84417,6.79211,-0.250505
95.51676895,-1.35807,-1.36466,5.97503,6.78698,-0.496134
95.51761908,-1.42104,-1.42763,6.00587,6.78447,-0.557003
95.51868957,-1.50059,-1.50719,6.04469,6.78132,-0.63379
95.51968685,-1.5747,-1.5813,6.07948,6.7772,-0.705461
95.52116366,-1.68445,-1.69106,6.13101,6.7711,-0.81182
95.52340498,-1.85109,-1.85769,6.20591,6.75902,-0.973713
95.52645389,-2.07777,-2.08436,6.30282,6.7377,-1.19483
95.52721744,-2.13454,-2.14113,6.32598,6.73235,-1.2502
95.52810433,-2.20033,-2.20691,6.35288,6.72479,-1.31476
95.5292373,-2.28437,-2.29095,6.38587,6.71512,-1.39723
95.53041609,-2.37181,-2.37838,6.42019,6.70368,-1.48304
95.53169711,-2.46646,-2.47302,6.45609,6.69124,-1.57646
95.53351609,-2.60087,-2.60741,6.50533,6.67157,-1.70911
95.53671005,-2.83549,-2.84198,6.58693,6.63289,-1.94204
95.54309796,-3.29837,-3.30472,6.73163,6.54001,-2.40633
95.55587379,-4.18204,-4.18796,6.94799,6.29393,-3.31456
95.5656736,-4.80645,-4.81185,7.04883,6.05239,-3.97961
95.57110137,-5.12733,-5.13238,7.08064,5.89943,-4.33178
95.57376149,-5.27718,-5.28205,7.09003,5.81958,-4.49929
95.57582879,-5.39001,-5.39474,7.09454,5.75536,-4.6268
95.57773447,-5.49114,-5.49575,7.09654,5.69449,-4.74206
95.57960664,-5.58783,-5.59231,7.09652,5.63317,-4.85301
95.58335097,-5.7735,-5.77774,7.09057,5.50604,-5.0675
95.58473985,-5.83925,-5.8434,7.08596,5.45706,-5.14446
95.58582173,-5.89047,-5.89455,7.08237,5.41891,-5.20298
95.58685508,-5.93765,-5.94167,7.07757,5.38144,-5.25887
95.58813154,-5.99593,-5.99987,7.07164,5.33516,-5.32628
95.58995834,-6.07673,-6.08056,7.06107,5.26737,-5.42063
95.59361193,-6.23153,-6.23515,7.03447,5.12775,-5.60208
95.60091912,-6.51443,-6.51761,6.9597,4.83278,-5.93722
95.61286263,-6.90172,-6.90422,6.77713,4.30761,-6.40888
95.62398799,-7.18005,-7.18191,6.54174,3.77308,-6.7659
95.63904113,-7.43268,-7.43371,6.12781,2.98638,-7.12606
95.66298717,-7.55046,-7.55021,5.26116,1.60602,-7.41647
95.68650612,-7.34166,-7.34023,4.18588,0.124836,-7.37655
95.70310289,-7.01021,-7.00799,3.30739,-0.974871,-7.16236
95.7100286,-6.82841,-6.82589,2.91372,-1.44275,-7.02881
95.71259583,-6.75469,-6.75205,2.76398,-1.61705,-6.97284
95.71499844,-6.68268,-6.67994,2.62209,-1.78018,-6.91738
95.71980365,-6.53016,-6.5272,2.33354,-2.10584,-6.79769
95.72941409,-6.19216,-6.18881,1.73869,-2.74895,-6.52429
95.74863497,-5.39291,-5.38881,0.488063,-3.9535,-5.84921
95.76153505,-4.77,-4.76546,-0.389919,-4.66639,-5.30548
95.76720319,-4.47543,-4.4707,-0.784024,-4.95006,-5.04455
95.77106614,-4.26775,-4.2629,-1.05489,-5.13184,-4.85938
95.77345227,-4.13675,-4.13183,-1.22296,-5.23932,-4.74211
95.77583782,-4.00378,-3.99879,-1.39139,-5.34307,-4.62273
95.77732298,-3.92002,-3.91497,-1.49641,-5.40581,-4.54734
95.77960432,-3.7899,-3.78479,-1.65773,-5.49947,-4.42999
95.78392718,-3.53865,-3.53342,-1.9634,-5.66806,-4.20256
95.79257288,-3.01871,-3.01325,-2.57027,-5.9712,-3.72872
95.80607096,-2.16453,-2.15874,-3.48698,-6.35589,-2.94214
95.82366737,-0.984216,-0.978076,-4.56964,-6.69898,-1.84125
95.83108765,-0.466083,-0.45982,-4.97625,-6.79058,-1.35351
95.83531093,-0.166398,-0.160072,-5.19217,-6.82882,-1.07026
95.8387381,0.0790693,0.0854425,-5.35858,-6.85254,-0.83764
95.84229214,0.335564,0.341982,-5.52275,-6.87025,-0.593992
95.84940021,0.853575,0.86007,-5.82617,-6.88492,-0.100016
95.85308998,1.12476,1.13128,-5.97082,-6.8817,0.159694
95.85678651,1.3977,1.40424,-6.10711,-6.87113,0.421919
95.85775984,1.46957,1.47611,-6.1413,-6.86689,0.491293
95.85867387,1.53726,1.5438,-6.1734,-6.86291,0.556556
95.85975383,1.61724,1.62378,-6.20974,-6.85683,0.633805
95.86156135,1.7511,1.75764,-6.27056,-6.84667,0.763412
95.86452397,1.9705,1.97705,-6.36494,-6.82546,0.976619
95.86732629,2.17765,2.18418,-6.44928,-6.80118,1.17916
95.86827959,2.24812,2.25464,-6.47664,-6.79178,1.24806
95.86913167,2.3111,2.31762,-6.50109,-6.78337,1.30985
95.87143194,2.48056,2.48706,-6.56424,-6.75825,1.47667
95.87271376,2.57458,2.58106,-6.59805,-6.74251,1.56977
95.87445157,2.70205,2.70851,-6.6423,-6.72117,1.69599
95.87745854,2.92114,2.92755,-6.71458,-6.67966,1.91439
95.88347248,3.35312,3.35939,-6.84294,-6.5831,2.34978
95.89550036,4.17829,4.18413,-7.03563,-6.33748,3.20349
95.90476123,4.76547,4.77083,-7.12653,-6.10208,3.83437
95.91078271,5.11894,5.12391,-7.15916,-5.92807,4.22723
95.91355122,5.27301,5.27779,-7.16723,-5.84264,4.40235
95.91579559,5.3937,5.39833,-7.17059,-5.77093,4.54134
95.91791619,5.50422,5.50871,-7.17116,-5.70119,4.66994
95.91988181,5.60363,5.60799,-7.16945,-5.63484,4.78662
95.92381306,5.79394,5.79805,-7.15962,-5.49732,5.01196
95.92544997,5.86932,5.87333,-7.15259,-5.43785,5.1025
95.9264104,5.91355,5.9175,-7.14846,-5.40296,5.15434
95.92733068,5.95444,5.95832,-7.14334,-5.36866,5.20402
95.92842107,6.00288,6.0067,-7.13728,-5.32803,5.26115
95.92960059,6.05398,6.05772,-7.12902,-5.28282,5.32295
95.93172063,6.14342,6.14704,-7.11418,-5.20157,5.43054
95.9359607,6.31318,6.31654,-7.07591,-5.03281,5.63595
95.94444084,6.61682,6.61969,-6.97091,-4.6749,6.00948
95.9555004,6.9422,6.94443,-6.77841,-4.16926,6.42498
95.96797707,7.215,7.21653,-6.48844,-3.54955,6.79948
95.98234748,7.40785,7.40858,-6.06345,-2.7768,7.11009
96.00648066,7.44995,7.4494,-5.14918,-1.35911,7.35019
96.03179283,7.13387,7.13207,-3.94967,0.255007,7.23863
96.04386521,6.85849,6.85613,-3.29832,1.05909,7.05878
96.05082271,6.66477,6.6621,-2.90179,1.5283,6.91926
96.05319239,6.59307,6.5903,-2.76338,1.68865,6.86588
96.05537405,6.52457,6.5217,-2.63454,1.83629,6.81415
96.05973738,6.38057,6.37751,-2.37301,2.13082,6.70343
96.06846403,6.0654,6.06198,-1.83558,2.71287,6.45373
96.08591734,5.33289,5.32879,-0.710667,3.81275,5.84712
96.09918327,4.69061,4.68605,0.182399,4.55802,5.29561
96.10492884,4.3906,4.38585,0.578046,4.85043,5.03351
96.10872857,4.18531,4.18044,0.842127,5.03232,4.8528
96.11164742,4.02404,4.01907,1.04605,5.16558,4.71013
96.11376623,3.90507,3.90004,1.19456,5.25878,4.60451
96.11610323,3.77204,3.76694,1.35871,5.35816,4.48606
96.11742595,3.69593,3.69079,1.45177,5.41284,4.4177
96.11919085,3.59346,3.58828,1.57594,5.48407,4.32648
96.12223866,3.41411,3.40884,1.79037,5.60247,4.1656
96.12833426,3.04662,3.04119,2.21807,5.82208,3.83416
96.14052547,2.27913,2.27339,3.05716,6.19419,3.13505
96.15541834,1.28935,1.28329,4.02084,6.52993,2.22161
96.16579706,0.569588,0.563344,4.6322,6.68788,1.5501
96.17140848,0.171266,0.164935,4.93644,6.74758,1.1761
96.17428705,-0.0353387,-0.0417112,5.08446,6.77127,0.981468
96.17696413,-0.228733,-0.235142,5.21691,6.78911,0.798889
96.18019144,-0.463344,-0.469794,5.36991,6.8053,0.576891
96.1837811,-0.726015,-0.732506,5.5317,6.81651,0.327667
96.18747308,-0.997838,-1.00436,5.68911,6.82062,0.0689601
96.19027863,-1.20536,-1.21191,5.80274,6.81876,-0.129158
96.19167132,-1.30868,-1.31524,5.85691,6.81594,-0.227975
96.19244084,-1.36578,-1.37234,5.88684,6.81439,-0.282705
96.19359878,-1.45188,-1.45845,5.93026,6.81067,-0.365226
96.19467604,-1.53199,-1.53856,5.97065,6.80721,-0.442173
96.19594538,-1.62638,-1.63296,6.01685,6.80138,-0.533048
96.1975687,-1.74724,-1.75381,6.07445,6.79393,-0.649582
96.20033211,-1.95298,-1.95955,6.16872,6.77707,-0.848715
96.20309888,-2.15859,-2.16515,6.25835,6.75614,-1.04894
96.2056051,-2.34485,-2.35139,6.33491,6.73322,-1.23102
96.20633493,-2.39888,-2.40541,6.3572,6.72655,-1.28404
96.20839168,-2.55114,-2.55766,6.41668,6.70489,-1.43393
96.2096575,-2.64443,-2.65093,6.45144,6.68999,-1.52619
96.21111464,-2.75181,-2.75829,6.49145,6.67285,-1.63255
96.21343232,-2.92168,-2.92812,6.55153,6.64258,-1.80173
96.21790466,-3.24621,-3.25256,6.65828,6.57645,-2.1279
96.22684935,-3.87679,-3.88287,6.83577,6.41437,-2.77451
96.24473873,-5.01422,-5.01939,7.04946,5.9764,-4.0032
96.25059564,-5.3444,-5.34921,7.07892,5.80084,-4.38047
96.25568759,-5.61207,-5.61656,7.08857,5.63584,-4.69433
96.25925328,-5.78849,-5.79276,7.08659,5.51362,-4.90482
96.26176226,-5.9072,-5.91133,7.08093,5.4244,-5.0478
96.26370058,-5.99587,-5.99989,7.07415,5.35366,-5.15515
96.26536118,-6.06976,-6.07368,7.06668,5.29183,-5.24485
96.26638633,-6.11384,-6.1177,7.06084,5.25275,-5.29919
96.26808413,-6.18683,-6.1906,7.05116,5.18803,-5.38744
96.27147974,-6.32581,-6.32938,7.02613,5.05442,-5.55763
96.27806732,-6.57358,-6.57679,6.95986,4.78245,-5.86483
96.28811163,-6.89683,-6.89948,6.81477,4.33662,-6.27739
96.29963149,-7.18776,-7.18979,6.58484,3.78164,-6.67042
96.3131828,-7.42285,-7.42416,6.23113,3.07375,-7.0261
96.33159808,-7.56147,-7.56182,5.6153,2.02753,-7.32927
96.36215881,-7.35541,-7.35426,4.28835,0.122364,-7.39346
96.37856515,-7.03008,-7.02818,3.4334,-0.966147,-7.20994
96.38600249,-6.83513,-6.8329,3.01575,-1.46937,-7.07818
96.3886971,-6.75738,-6.75505,2.86006,-1.65262,-7.02313
96.39120598,-6.68171,-6.67926,2.71317,-1.82324,-6.96846
96.39622374,-6.52108,-6.51843,2.41411,-2.16365,-6.84951
96.40625926,-6.16401,-6.16095,1.79636,-2.83456,-6.57418
96.42633029,-5.31635,-5.31254,0.493885,-4.08016,-5.88269
96.43905924,-4.69227,-4.68803,-0.371455,-4.76875,-5.3521
96.44503015,-4.37763,-4.3732,-0.786216,-5.05967,-5.07974
96.44893764,-4.16456,-4.16001,-1.06004,-5.23802,-4.89376
96.45123091,-4.03695,-4.03233,-1.22147,-5.33816,-4.78183
96.45363102,-3.90145,-3.89676,-1.39081,-5.43936,-4.66255
96.45513869,-3.81533,-3.8106,-1.49734,-5.50107,-4.58654
96.45746222,-3.68115,-3.67634,-1.66153,-5.59339,-4.46776
96.46189959,-3.42005,-3.41512,-1.97507,-5.76046,-4.23559
96.47077434,-2.87982,-2.87466,-2.59724,-6.05902,-3.75114
96.48564465,-1.92605,-1.92054,-3.60061,-6.45527,-2.88424
96.50398898,-0.678336,-0.672485,-4.70505,-6.76864,-1.73144
96.51073999,-0.201377,-0.19542,-5.06513,-6.83575,-1.28584
96.51643932,0.207566,0.213603,-5.3464,-6.87254,-0.901782
96.52036842,0.492443,0.49853,-5.52777,-6.88743,-0.63316
96.52467637,0.807166,0.813301,-5.71494,-6.89402,-0.33534
96.52849782,1.08811,1.09428,-5.8709,-6.89143,-0.0684717
96.53155944,1.31423,1.32042,-5.98913,-6.8831,0.147033
96.53225477,1.36558,1.37178,-6.01495,-6.88121,0.196181
96.53314746,1.43171,1.43791,-6.04811,-6.87741,0.259385
96.53423204,1.51206,1.51826,-6.08705,-6.8728,0.336329
96.5355277,1.60804,1.61425,-6.13357,-6.86563,0.428463
96.53704597,1.72062,1.72683,-6.18625,-6.85724,0.536713
96.53948273,1.90131,1.90752,-6.26782,-6.8404,0.711059
96.54279669,2.14678,2.15298,-6.37292,-6.81252,0.949247
96.54521234,2.32518,2.33136,-6.4453,-6.7886,1.12356
96.54674376,2.43828,2.44445,-6.48897,-6.77156,1.23437
96.54755128,2.4977,2.50386,-6.512,-6.76258,1.2928
96.54861852,2.57622,2.58238,-6.54097,-6.74946,1.37021
96.54974129,2.65852,2.66466,-6.57145,-6.73567,1.45164
96.55099851,2.75066,2.75679,-6.60369,-6.71863,1.54282
96.55254569,2.86357,2.86967,-6.64336,-6.69766,1.65517
96.55509175,3.04833,3.0544,-6.70454,-6.65972,1.84005
96.56018387,3.41302,3.41897,-6.81529,-6.57419,2.20912
96.57036811,4.11446,4.12008,-6.99076,-6.36551,2.93775
96.57291417,4.28183,4.28734,-7.02318,-6.30404,3.11673
96.57800629,4.6077,4.61297,-7.07898,-6.17394,3.47013
96.58314373,4.92094,4.92593,-7.12113,-6.03155,3.81819
96.58729282,5.1607,5.16543,-7.14443,-5.90819,4.09165
96.58902151,5.25688,5.2615,-7.15128,-5.85458,4.20336
96.59069578,5.34783,5.35234,-7.1563,-5.80086,4.31016
96.59228003,5.4319,5.4363,-7.15893,-5.75003,4.40985
96.59379325,5.51039,5.5147,-7.16145,-5.69993,4.50376
96.59681969,5.66222,5.66634,-7.16129,-5.59684,4.68744
96.60287256,5.946,5.94977,-7.14577,-5.37933,5.03614
96.60488049,6.03439,6.03804,-7.13617,-5.30387,5.14605
96.60655873,6.10611,6.10966,-7.12645,-5.23904,5.2356
96.60812922,6.17148,6.17495,-7.11532,-5.17837,5.31748
96.60965683,6.23346,6.23684,-7.1045,-5.11792,5.39536
96.61271203,6.35272,6.35593,-7.07779,-4.99432,5.54599
96.61882245,6.57264,6.57552,-7.00953,-4.73653,5.82754
96.62893453,6.88296,6.88529,-6.85398,-4.28025,6.23824
96.63999768,7.14695,7.14869,-6.62478,-3.74106,6.61132
96.65424667,7.37289,7.37388,-6.24273,-2.99016,6.97781
96.67152268,7.47887,7.47899,-5.65633,-2.0042,7.25417
96.70357658,7.21506,7.21365,-4.25325,-0.00530867,7.3011
96.7193601,6.8748,6.87268,-3.42539,1.03914,7.10943
96.72699723,6.66244,6.66,-2.99526,1.55292,6.96755
96.72972275,6.57932,6.57678,-2.83736,1.73693,6.90933
96.73224822,6.49898,6.49633,-2.68914,1.90743,6.85191
96.73729914,6.32897,6.32611,-2.3875,2.24707,6.7273
96.74740099,5.9529,5.94966,-1.76498,2.91461,6.4401
96.76760469,5.06682,5.06285,-0.454704,4.1447,5.72299
96.77647557,4.62406,4.6198,0.144927,4.62432,5.3505
96.78122889,4.37403,4.36962,0.471493,4.86242,5.13708
96.7857603,4.12782,4.12328,0.785627,5.07573,4.92504
96.78887186,3.95446,3.94983,1.00267,5.21436,4.77474
96.79179028,3.78879,3.78407,1.20708,5.33864,4.62995
96.79254435,3.74536,3.74063,1.2599,5.36958,4.59254
96.79365352,3.68149,3.67672,1.33784,5.41509,4.53627
96.79478534,3.61543,3.61063,1.41736,5.46046,4.47886
96.79645462,3.518,3.51315,1.53465,5.5259,4.39297
96.79906498,3.36334,3.35843,1.71823,5.62475,4.25665
96.80423761,3.05056,3.04551,2.08142,5.80831,3.97941
96.81458287,2.40144,2.39614,2.79876,6.12718,3.39813
96.83059976,1.34152,1.3359,3.85245,6.4967,2.43419
96.84088459,0.629595,0.623787,4.47317,6.65562,1.7778
96.84740092,0.167332,0.161424,4.83612,6.72501,1.34815
96.85043876,-0.0508791,-0.0568294,4.99605,6.74914,1.14443
96.85288144,-0.227472,-0.233454,5.11998,6.76478,0.979158
96.85518215,-0.394655,-0.400666,5.23282,6.77647,0.822348
96.85727143,-0.547147,-0.553183,5.33206,6.78453,0.679027
96.86144998,-0.853853,-0.859933,5.52154,6.79342,0.389903
96.86465699,-1.09062,-1.09673,5.65901,6.79375,0.165859
96.86765048,-1.31259,-1.31872,5.78122,6.78847,-0.0448537
96.86830026,-1.36077,-1.3669,5.80679,6.78733,-0.09079
96.86922299,-1.42941,-1.43555,5.84309,6.78429,-0.156138
96.87029591,-1.50923,-1.51537,5.88396,6.78076,-0.232289
96.87158505,-1.60513,-1.61127,5.93306,6.77486,-0.324017
96.8730783,-1.71635,-1.7225,5.98811,6.76803,-0.430572
96.87547602,-1.89495,-1.9011,6.07358,6.75375,-0.602317
96.87958545,-2.20071,-2.20684,6.21174,6.72221,-0.898338
96.88213843,-2.3902,-2.39631,6.2923,6.69815,-1.08319
96.88526305,-2.62129,-2.62737,6.38543,6.66408,-1.31023
96.88742134,-2.78021,-2.78627,6.44627,6.6376,-1.46753
96.88873377,-2.87626,-2.8823,6.48187,6.61975,-1.56318
96.8904744,-3.00366,-3.00967,6.52748,6.59608,-1.6902
96.89344197,-3.21894,-3.2249,6.60099,6.5512,-1.90676
96.89937713,-3.642,-3.64781,6.7321,6.44826,-2.33872
96.91124744,-4.44402,-4.44939,6.93135,6.19127,-3.18689
96.92027869,-5.00226,-5.00714,7.02741,5.95147,-3.80792
96.9243954,-5.23915,-5.24378,7.05543,5.82976,-4.0818
96.92667926,-5.36532,-5.36982,7.06675,5.75896,-4.23071
96.92882336,-5.48021,-5.48458,7.07465,5.69041,-4.3682
96.93119997,-5.60352,-5.60774,7.08036,5.6121,-4.51771
96.93445995,-5.7659,-5.76992,7.08299,5.50077,-4.71735
96.93933907,-5.99475,-5.9985,7.07578,5.32583,-5.00298
96.94145759,-6.08892,-6.09255,7.06852,5.24629,-5.12178
96.94266511,-6.14074,-6.1443,7.06288,5.20096,-5.18802
96.94381625,-6.19014,-6.19364,7.05751,5.15638,-5.25013
96.94517624,-6.24678,-6.25021,7.04923,5.10371,-5.32223
96.94663249,-6.30606,-6.30941,7.04036,5.04617,-5.39789
96.949545,-6.42038,-6.42357,7.01807,4.92859,-5.54456
96.95537,-6.63226,-6.63515,6.95979,4.68368,-5.82003
96.9655031,-6.94832,-6.95067,6.81578,4.22794,-6.24491
96.97636609,-7.21406,-7.21585,6.60294,3.69975,-6.62642
96.99051986,-7.44888,-7.44995,6.23877,2.95508,-7.012
97.00705065,-7.56726,-7.56751,5.69609,2.01319,-7.30632
97.03920852,-7.34251,-7.34126,4.32015,0.0077053,-7.41792
97.05465174,-7.02972,-7.02781,3.52177,-1.01704,-7.26202
97.06215039,-6.83188,-6.82965,3.10465,-1.52349,-7.13888
97.06482304,-6.75429,-6.75196,2.95159,-1.7048,-7.08765
97.06729963,-6.67919,-6.67675,2.80783,-1.87281,-7.03682
97.07225281,-6.51994,-6.51731,2.51509,-2.20782,-6.92568
97.08215917,-6.16657,-6.16355,1.91014,-2.8676,-6.66651
97.10197189,-5.32966,-5.32594,0.633378,-4.09162,-6.00905
97.1129296,-4.79637,-4.7923,-0.10618,-4.68874,-5.56947
97.11815739,-4.52516,-4.52093,-0.466318,-4.94934,-5.3415
97.12316162,-4.25599,-4.25161,-0.814651,-5.18249,-5.11277
97.1261113,-4.0931,-4.08864,-1.02136,-5.31236,-4.97327
97.12869916,-3.94767,-3.94314,-1.20341,-5.42171,-4.84809
97.13102608,-3.81496,-3.81037,-1.36752,-5.51641,-4.73336
97.13240344,-3.73556,-3.73092,-1.46484,-5.57087,-4.66449
97.13435793,-3.62181,-3.61712,-1.60295,-5.64614,-4.56556
97.13784758,-3.41568,-3.4109,-1.84953,-5.77474,-4.3855
97.14482687,-2.99222,-2.98727,-2.34088,-6.00998,-4.01261
97.15878546,-2.10443,-2.09917,-3.29826,-6.39439,-3.21945
97.17661,-0.902589,-0.897,-4.41633,-6.72187,-2.12495
97.18459531,-0.342026,-0.336315,-4.86521,-6.80989,-1.60737
97.18880966,-0.0412929,-0.0355241,-5.08634,-6.84188,-1.32798
97.19281511,0.247264,0.253083,-5.2854,-6.86313,-1.05883
97.19615696,0.489852,0.49571,-5.4431,-6.8741,-0.831729
97.19992287,0.765003,0.7709,-5.61183,-6.87914,-0.573231
97.20357659,1.03352,1.03945,-5.76661,-6.87667,-0.319971
97.20637173,1.23992,1.24587,-5.87921,-6.86993,-0.124672
97.20738342,1.31463,1.32058,-5.91847,-6.86623,-0.053663
97.20819463,1.37473,1.38068,-5.94995,-6.86327,0.00339387
97.20933307,1.45907,1.46503,-5.99266,-6.85788,0.0836392
97.21045335,1.54206,1.54803,-6.0347,-6.85257,0.162797
97.21171633,1.63575,1.64172,-6.0807,-6.84486,0.25226
97.21338178,1.7593,1.76527,-6.13985,-6.83468,0.37058
97.2162372,1.97112,1.97709,-6.23727,-6.81291,0.574309
97.22060733,2.29459,2.30054,-6.37668,-6.77138,0.888009
97.22326335,2.49049,2.49641,-6.45572,-6.74134,1.07966
97.22652068,2.72961,2.73549,-6.5468,-6.69957,1.3155
97.22863419,2.88392,2.88978,-6.60246,-6.66959,1.46895
97.22999579,2.98264,2.98848,-6.6369,-6.6485,1.56782
97.23174174,3.10922,3.11503,-6.67942,-6.62146,1.6947
97.23470924,3.3222,3.32794,-6.74751,-6.57102,1.91036
97.24064424,3.73988,3.74546,-6.86797,-6.45727,2.3403
97.25251424,4.52801,4.53313,-7.0467,-6.17983,3.18379
97.26145071,5.06744,5.07208,-7.12725,-5.92839,3.79448
97.26532159,5.28453,5.28894,-7.14787,-5.8084,4.05055
97.26793842,5.42509,5.42934,-7.15698,-5.72357,4.22007
97.27018822,5.54182,5.54594,-7.16171,-5.64831,4.36313
97.27248589,5.65713,5.66112,-7.16361,-5.56923,4.50641
97.27708123,5.87621,5.87994,-7.15859,-5.40456,4.7833
97.2805845,6.03314,6.03668,-7.14692,-5.27325,4.98493
97.28249635,6.11516,6.1186,-7.13718,-5.19914,5.09129
97.28350643,6.15715,6.16054,-7.13204,-5.15998,5.14602
97.2844507,6.19641,6.19974,-7.12594,-5.12245,5.19718
97.285583,6.24188,6.24515,-7.11863,-5.07744,5.25673
97.28666319,6.28526,6.28847,-7.11011,-5.0334,5.31354
97.28882357,6.36884,6.37194,-7.09306,-4.94531,5.4236
97.29256693,6.50631,6.50922,-7.05653,-4.78773,5.60627
97.30005365,6.7536,6.75612,-6.96134,-4.45719,5.94234
97.31150306,7.06146,7.0634,-6.76019,-3.91408,6.38408
97.32284865,7.28387,7.28525,-6.49672,-3.33385,6.73837
97.33775339,7.45359,7.45424,-6.05843,-2.51412,7.08099
97.3625187,7.43977,7.43926,-5.11847,-1.03132,7.35169
97.3861726,7.09913,7.09759,-3.99964,0.494537,7.27563
97.39622319,6.86115,6.85919,-3.46387,1.16684,7.14717
97.40405717,6.63893,6.63665,-3.02376,1.69533,7.00875
97.40632241,6.56879,6.56642,-2.89298,1.84841,6.96257
97.40856711,6.49676,6.49431,-2.76191,2.00011,6.91414
97.41305652,6.34533,6.3427,-2.49562,2.30219,6.80948
97.42203535,6.0139,6.01095,-1.94751,2.89699,6.56973
97.43999299,5.2439,5.24032,-0.797217,4.00855,5.97483
97.45215639,4.64597,4.64202,0.01736,4.6734,5.48878
97.45752638,4.3633,4.35919,0.384993,4.93978,5.25368
97.46267599,4.08213,4.07786,0.741301,5.17784,5.01701
97.46595224,3.89828,3.89392,0.969605,5.32032,4.86089
97.46919602,3.71259,3.70814,1.19671,5.45456,4.7022
97.47010846,3.65955,3.65508,1.26059,5.49081,4.65665
97.47114355,3.59938,3.59488,1.33331,5.53193,4.60498
97.47225788,3.53373,3.52921,1.41159,5.57512,4.54837
97.47391291,3.43624,3.43168,1.52786,5.63784,4.46429
97.47652389,3.28018,3.27555,1.71145,5.73336,4.32907
97.4816195,2.96953,2.96478,2.0692,5.90782,4.05817
97.49181073,2.32567,2.32068,2.77613,6.21007,3.49006
97.50954935,1.14218,1.13685,3.9371,6.59091,2.42579
97.51990265,0.418759,0.413262,4.55289,6.72918,1.76419
97.52593799,-0.0127121,-0.0182943,4.88389,6.78159,1.36599
97.52878468,-0.218485,-0.224104,5.03185,6.79917,1.17518
97.53150096,-0.416036,-0.421688,5.16774,6.81172,0.991449
97.5338985,-0.591306,-0.596985,5.28336,6.81939,0.827996
97.53655483,-0.786395,-0.792101,5.40678,6.82418,0.645559
97.53970217,-1.01864,-1.02437,5.54679,6.82483,0.427656
97.54240004,-1.21851,-1.22427,5.66155,6.82108,0.239433
97.5435489,-1.30387,-1.30963,5.70866,6.81803,0.158887
97.54435847,-1.36401,-1.36978,5.74185,6.81588,0.101992
97.54550845,-1.44964,-1.45541,5.78744,6.81153,0.0209857
97.54659408,-1.53047,-1.53624,5.83048,6.80742,-0.0556865
97.54784206,-1.62339,-1.62917,5.87857,6.801,-0.144057
97.54941885,-1.74093,-1.74671,5.93791,6.79288,-0.256056
97.55207941,-1.93926,-1.94505,6.03449,6.7753,-0.445866
97.55740052,-2.33508,-2.34084,6.21439,6.72896,-0.828291
97.56077784,-2.58516,-2.5909,6.31948,6.69187,-1.07272
97.5638193,-2.80899,-2.81469,6.40811,6.65279,-1.29384
97.56463747,-2.8692,-2.87489,6.43072,6.64228,-1.35332
97.56571457,-2.94794,-2.95362,6.46048,6.62678,-1.43189
97.56677562,-3.02551,-3.03117,6.48836,6.61152,-1.50928
97.56827674,-3.13468,-3.14031,6.5278,6.58854,-1.61877
97.57058504,-3.30147,-3.30706,6.58503,6.55099,-1.78721
97.5749236,-3.61076,-3.61625,6.68391,6.47325,-2.1038
97.58360072,-4.20737,-4.21258,6.8479,6.2903,-2.73168
97.59146995,-4.71595,-4.72082,6.95804,6.0935,-3.28966
97.59793603,-5.10514,-5.10967,7.02138,5.91041,-3.7356
97.60071559,-5.26358,-5.26794,7.04114,5.82589,-3.92305
97.60242388,-5.3581,-5.36236,7.05106,5.77223,-4.03675
97.60405122,-5.44608,-5.45024,7.05896,5.71993,-4.14387
97.60583797,-5.54034,-5.5444,7.06588,5.66118,-4.26003
97.60874469,-5.68859,-5.69249,7.07327,5.56268,-4.44544
97.61455814,-5.96683,-5.97041,7.07375,5.35505,-4.80115
97.61895869,-6.1617,-6.16505,7.06155,5.18864,-5.05549
97.62087774,-6.2425,-6.24576,7.05286,5.11361,-5.16211
97.62235535,-6.30302,-6.30621,7.04424,5.05445,-5.24234
97.62370231,-6.35692,-6.36003,7.03639,5.00051,-5.31405
97.62519436,-6.41521,-6.41825,7.02592,4.9395,-5.39189
97.62797132,-6.51978,-6.52268,7.00322,4.82367,-5.53244
97.63352525,-6.71378,-6.7164,6.94541,4.58329,-5.79719
97.64463312,-7.04194,-7.04401,6.7812,4.06923,-6.26449
97.65479374,-7.27308,-7.27466,6.57579,3.56217,-6.62169
97.67046069,-7.50276,-7.5036,6.16062,2.71778,-7.04517
97.68530453,-7.58167,-7.58183,5.6629,1.85494,-7.30694
97.71499222,-7.35602,-7.35488,4.39685,-0.0135158,-7.43975
97.72958537,-7.065,-7.06326,3.65279,-0.985572,-7.31964
97.73657325,-6.88522,-6.88321,3.2703,-1.4591,-7.22011
97.7390695,-6.81481,-6.8127,3.12976,-1.62907,-7.17808
97.74138678,-6.74661,-6.74441,2.99758,-1.78685,-7.13608
97.74602134,-6.60224,-6.59987,2.72849,-2.10187,-7.04363
97.75529045,-6.28258,-6.27987,2.17259,-2.72446,-6.82578
97.77382867,-5.52716,-5.52382,0.998846,-3.89613,-6.26487
97.78689284,-4.90747,-4.90372,0.128633,-4.62864,-5.77432
97.79261601,-4.61433,-4.61042,-0.262511,-4.91957,-5.53558
97.79810845,-4.32138,-4.31731,-0.642592,-5.17928,-5.2935
97.80195132,-4.10989,-4.10572,-0.910848,-5.34943,-5.11681
97.80534881,-3.91862,-3.91436,-1.14928,-5.492,-4.95574
97.80708244,-3.81949,-3.81519,-1.2714,-5.56194,-4.87181
97.80818165,-3.75586,-3.75153,-1.34883,-5.60482,-4.81771
97.80960248,-3.67361,-3.66924,-1.44914,-5.66026,-4.74778
97.81146602,-3.56441,-3.55999,-1.58072,-5.73045,-4.65453
97.81463866,-3.37594,-3.37145,-1.80473,-5.84511,-4.49285
97.82098395,-2.9898,-2.98516,-2.2516,-6.05631,-4.15876
97.83367452,-2.18363,-2.17872,-3.12724,-6.40748,-3.45041
97.85290152,-0.888537,-0.883292,-4.34634,-6.76237,-2.28659
97.86138404,-0.292014,-0.286647,-4.82697,-6.85195,-1.74123
97.86590773,0.0316435,0.0370682,-5.06552,-6.88317,-1.4431
97.87021186,0.342677,0.348152,-5.27973,-6.90232,-1.15516
97.87345419,0.578766,0.584275,-5.43277,-6.91,-0.935667
97.8770785,0.844264,0.849806,-5.59548,-6.91179,-0.687853
97.88045255,1.09273,1.0983,-5.73917,-6.90706,-0.454941
97.88354071,1.32109,1.32668,-5.86424,-6.89682,-0.239998
97.88419296,1.36933,1.37492,-5.88969,-6.89466,-0.194388
97.88511348,1.4376,1.44319,-5.92559,-6.8902,-0.129899
97.88618673,1.5172,1.5228,-5.96612,-6.88499,-0.054537
97.88748945,1.61382,1.61942,-6.01532,-6.87701,0.0371825
97.88901575,1.72713,1.73273,-6.0711,-6.86766,0.144975
97.89148086,1.91013,1.91574,-6.15813,-6.84913,0.31979
97.89640323,2.27483,2.28041,-6.32073,-6.80266,0.671294
97.90053148,2.57915,2.5847,-6.44568,-6.75406,0.968291
97.90347164,2.79437,2.79989,-6.52835,-6.71415,1.18084
97.90448881,2.86883,2.87433,-6.55548,-6.69911,1.25461
97.9053002,2.92783,2.93332,-6.57712,-6.68712,1.31345
97.90645205,3.01158,3.01705,-6.60641,-6.6689,1.39699
97.90761556,3.09561,3.10107,-6.63599,-6.65049,1.48156
97.90892008,3.18983,3.19526,-6.66774,-6.62809,1.57638
97.91074727,3.32081,3.32621,-6.7105,-6.59671,1.70918
97.91395797,3.54858,3.5539,-6.7808,-6.53658,1.94255
97.92037936,3.99277,3.9979,-6.90305,-6.40141,2.40748
97.93322214,4.81717,4.82176,-7.07512,-6.07355,3.31596
97.93863881,5.13468,5.13897,-7.119,-5.91278,3.68695
97.94159019,5.29905,5.30317,-7.1358,-5.8197,3.88507
97.94440612,5.44979,5.45375,-7.14722,-5.72738,4.07083
97.94667228,5.56674,5.57058,-7.15314,-5.65062,4.2177
97.94908219,5.68691,5.69061,-7.15628,-5.56663,4.37105
97.95390202,5.91462,5.91806,-7.15283,-5.39148,4.66774
97.96013393,6.18489,6.18801,-7.1294,-5.1512,5.02866
97.96243187,6.27778,6.28079,-7.1154,-5.05872,5.15486
97.96424611,6.34859,6.35151,-7.10231,-4.98426,5.25173
97.96590829,6.41152,6.41436,-7.08877,-4.91494,5.33831
97.96758442,6.47313,6.47588,-7.07361,-4.84398,5.42353
97.97093668,6.59077,6.59336,-7.0388,-4.69893,5.58783
97.97764119,6.80398,6.80624,-6.9515,-4.39665,5.89286
97.98926872,7.10485,7.10655,-6.74557,-3.83593,6.35058
98.000085,7.3073,7.30849,-6.49386,-3.27531,6.69771
98.01515108,7.46749,7.46798,-6.05147,-2.43792,7.05851
98.03838803,7.44664,7.4461,-5.17657,-1.03772,7.34328
98.06102785,7.12891,7.12742,-4.12188,0.426109,7.31511
98.07117695,6.8947,6.89281,-3.58914,1.10625,7.20723
98.08128183,6.60808,6.60581,-3.02583,1.78897,7.04359
98.08402316,6.5213,6.51893,-2.86758,1.97434,6.98966
98.08673418,6.43181,6.42935,-2.70894,2.15766,6.93242
98.0921562,6.24222,6.23955,-2.38568,2.52157,6.80655
98.10300026,5.82211,5.81907,-1.71707,3.23123,6.51057
98.12468837,4.83099,4.82728,-0.305963,4.50245,5.75298
98.13188686,4.45946,4.45554,0.181965,4.87021,5.45441
98.13759131,4.15099,4.14692,0.574328,5.13892,5.20204
98.14147954,3.93394,3.92976,0.844201,5.31009,5.02231
98.14450861,3.76118,3.75692,1.05555,5.4367,4.87811
98.14648298,3.64687,3.64257,1.19376,5.51606,4.78217
98.14883783,3.50884,3.50448,1.35893,5.6075,4.66578
98.15016588,3.4302,3.42581,1.45224,5.65755,4.59876
98.151988,3.32138,3.31695,1.58025,5.72444,4.50682
98.15516341,3.12926,3.12475,1.80334,5.83615,4.34288
98.16151423,2.7359,2.73125,2.24814,6.0413,4.00424
98.17421587,1.91578,1.91087,3.11901,6.37974,3.2867
98.19359936,0.591228,0.585998,4.33742,6.71557,2.09996
98.20214114,-0.0172662,-0.0226099,4.81571,6.79519,1.54471
98.2066985,-0.347322,-0.352719,5.05272,6.82079,1.24109
98.21103435,-0.664292,-0.669733,5.26518,6.83439,0.947922
98.21430033,-0.904717,-0.910187,5.4167,6.83776,0.724495
98.21714487,-1.11511,-1.1206,5.54278,6.83593,0.528181
98.21992891,-1.32184,-1.32735,5.66096,6.82933,0.334575
98.220652,-1.37553,-1.38104,5.69059,6.82761,0.284057
98.22161565,-1.4473,-1.45282,5.73008,6.82388,0.21659
98.22268551,-1.52699,-1.53251,5.77251,6.81974,0.141499
98.22400393,-1.62518,-1.63071,5.82479,6.81287,0.0486962
98.2256336,-1.7467,-1.75222,5.88732,6.80438,-0.0664093
98.22834001,-1.9485,-1.95402,5.98745,6.7862,-0.258486
98.23375282,-2.35117,-2.35667,6.17396,6.73826,-0.64578
98.23815668,-2.67687,-2.68233,6.31229,6.68799,-0.963606
98.24118325,-2.89896,-2.90438,6.40043,6.64764,-1.18322
98.24217535,-2.97176,-2.97717,6.42786,6.63319,-1.25543
98.24298001,-3.03038,-3.03577,6.4501,6.62147,-1.31399
98.24412323,-3.11366,-3.11904,6.48027,6.60362,-1.39738
98.24530294,-3.19899,-3.20434,6.51141,6.58521,-1.48343
98.24661543,-3.29392,-3.29925,6.5446,6.5629,-1.57916
98.24850862,-3.42974,-3.43503,6.59064,6.53072,-1.71741
98.25187552,-3.66851,-3.67371,6.66718,6.468,-1.96328
98.25860931,-4.13274,-4.13774,6.79989,6.32602,-2.45302
98.27207691,-4.98614,-4.99055,6.98501,5.97828,-3.40809
98.27717945,-5.27922,-5.28335,7.02741,5.82479,-3.75805
98.28032493,-5.45067,-5.45464,7.04603,5.72437,-3.9694
98.28297053,-5.58923,-5.59306,7.05729,5.63657,-4.14398
98.28567655,-5.72561,-5.7293,7.06468,5.54366,-4.31913
98.2910886,-5.98265,-5.98607,7.06707,5.34864,-4.65723
98.2952635,-6.16695,-6.17017,7.05771,5.18998,-4.90563
98.29875964,-6.31212,-6.31517,7.04244,5.05172,-5.10438
98.30028951,-6.37305,-6.37603,7.03304,4.98926,-5.18856
98.30171408,-6.42839,-6.4313,7.02428,4.9311,-5.26538
98.30317356,-6.48368,-6.48653,7.01292,4.86983,-5.34249
98.30475824,-6.54213,-6.5449,7.00059,4.80329,-5.42441
98.30792758,-6.65409,-6.65671,6.97062,4.6665,-5.58281
98.31426628,-6.85842,-6.86075,6.89462,4.38182,-5.87855
98.3243987,-7.13138,-7.13325,6.72971,3.89746,-6.29554
98.33565496,-7.3582,-7.35957,6.48574,3.31965,-6.68102
98.34992059,-7.53224,-7.53297,6.08882,2.53266,-7.0552
98.36776215,-7.57636,-7.57633,5.46311,1.47306,-7.34757
98.39993373,-7.1979,-7.19657,4.01593,-0.594082,-7.4034
98.4105424,-6.94821,-6.94649,3.45479,-1.30861,-7.29207
98.41359949,-6.86509,-6.86325,3.28579,-1.51676,-7.24829
98.41530583,-6.81658,-6.81468,3.19014,-1.63293,-7.22162
98.41724427,-6.75969,-6.75772,3.08039,-1.76495,-7.18943
98.42112116,-6.64032,-6.63821,2.85753,-2.02899,-7.11907
98.42887495,-6.37976,-6.37739,2.39909,-2.55247,-6.95493
98.44438251,-5.77581,-5.77293,1.43644,-3.55736,-6.53664
98.45636891,-5.23729,-5.23404,0.65517,-4.27192,-6.13456
98.4637229,-4.8775,-4.87404,0.161599,-4.67382,-5.85526
98.46719566,-4.70013,-4.69657,-0.074902,-4.85229,-5.715
98.46993503,-4.55695,-4.55332,-0.262853,-4.98744,-5.60069
98.47246501,-4.42225,-4.41855,-0.43744,-5.10775,-5.4923
98.47477444,-4.29725,-4.29349,-0.597589,-5.21382,-5.39105
98.47807927,-4.11508,-4.11124,-0.827923,-5.35953,-5.24238
98.48087574,-3.95797,-3.95406,-1.02376,-5.47734,-5.11316
98.48318337,-3.82631,-3.82234,-1.18592,-5.57082,-5.0042
98.48549721,-3.69251,-3.68849,-1.34891,-5.66123,-4.89288
98.48681184,-3.61571,-3.61166,-1.4417,-5.71113,-4.82829
98.48852086,-3.51504,-3.51094,-1.56234,-5.77443,-4.74433
98.49144893,-3.34042,-3.33625,-1.76902,-5.87878,-4.59723
98.49730507,-2.98335,-2.97906,-2.18166,-6.07208,-4.29376
98.50901735,-2.24029,-2.23576,-2.99341,-6.39806,-3.65179
98.52983145,-0.838901,-0.834023,-4.32091,-6.78205,-2.40888
98.53882426,-0.204983,-0.199984,-4.83035,-6.87163,-1.83471
98.54365421,0.141654,0.146711,-5.08397,-6.90098,-1.5179
98.54824859,0.474789,0.479896,-5.31077,-6.9169,-1.21159
98.55172912,0.729113,0.734253,-5.47309,-6.92124,-0.976532
98.55569363,1.02053,1.02571,-5.64814,-6.91816,-0.705845
98.55854261,1.23091,1.2361,-5.76758,-6.91071,-0.509481
98.55971669,1.31788,1.32307,-5.81497,-6.90612,-0.428125
98.56050292,1.37612,1.38132,-5.84671,-6.90305,-0.373506
98.5616481,1.46094,1.46615,-5.89139,-6.89729,-0.293761
98.56275746,1.54329,1.54849,-5.93469,-6.89171,-0.216298
98.56403154,1.63786,1.64307,-5.98299,-6.88354,-0.127082
98.56571358,1.76271,1.76792,-6.0452,-6.87275,-0.00890101
98.56860719,1.97749,1.9827,-6.14811,-6.84975,0.195423
98.57439442,2.4057,2.41089,-6.33847,-6.79073,0.607564
98.57909178,2.75069,2.75584,-6.47794,-6.7302,0.94509
98.58192356,2.95708,2.96219,-6.55554,-6.68831,1.14966
98.58413806,3.11744,3.12252,-6.61285,-6.65274,1.31012
98.58643038,3.28223,3.28727,-6.66907,-6.61334,1.47658
98.5877547,3.3768,3.38181,-6.70011,-6.58882,1.57275
98.58956754,3.50539,3.51036,-6.7409,-6.55525,1.70451
98.59274325,3.728,3.7329,-6.80765,-6.49156,1.93532
98.59909468,4.16085,4.16555,-6.92322,-6.34974,2.39518
98.61179753,4.9587,4.96287,-7.08369,-6.0104,3.2943
98.61667568,5.23739,5.24132,-7.12047,-5.86075,3.62943
98.6195384,5.393,5.39678,-7.1357,-5.76806,3.8226
98.62226085,5.53529,5.53893,-7.14586,-5.67665,4.00334
98.62490217,5.66805,5.67155,-7.15172,-5.58497,4.17555
98.62925821,5.87589,5.87918,-7.15285,-5.42747,4.45174
98.6379703,6.25175,6.25464,-7.12372,-5.08972,4.96865
98.64123979,6.37934,6.38208,-7.10207,-4.95528,5.14934
98.64355815,6.46546,6.46809,-7.08321,-4.85746,5.27277
98.64565093,6.54013,6.54267,-7.06371,-4.76743,5.38076
98.64771213,6.61085,6.61329,-7.04222,-4.67717,5.48396
98.65179427,6.74269,6.74496,-6.99305,-4.49387,5.67937
98.65995855,6.97396,6.97587,-6.8688,-4.10982,6.03579
98.67085106,7.21594,7.21737,-6.65066,-3.56315,6.44264
98.68335014,7.40127,7.40217,-6.32937,-2.89116,6.81571
98.69851586,7.4966,7.49686,-5.84307,-2.0184,7.13719
98.72220658,7.373,7.37232,-4.8904,-0.551399,7.36056
98.74111066,7.04697,7.04558,-3.977,0.689772,7.30291
98.74893451,6.85497,6.85329,-3.56188,1.21697,7.21926
98.75120302,6.79318,6.79143,-3.43763,1.37102,7.18857
98.75257922,6.75394,6.75213,-3.36118,1.46447,7.16806
98.75389674,6.71636,6.71451,-3.28798,1.55408,7.14844
98.75653177,6.63766,6.63572,-3.13946,1.73329,7.10538
98.76180184,6.46993,6.46782,-2.83639,2.09088,7.00816
98.77234198,6.09456,6.09209,-2.20766,2.79584,6.77043
98.79342226,5.19543,5.19233,-0.872787,4.10008,6.13154
98.80376898,4.68561,4.68223,-0.18423,4.66545,5.74162
98.80901973,4.41055,4.40703,0.172546,4.92879,5.52531
98.81402877,4.13851,4.13486,0.516781,5.16345,5.30794
98.81766789,3.93518,3.93145,0.768941,5.32362,5.14347
98.82064781,3.76525,3.76144,0.976521,5.44838,5.00478
98.8235021,3.59932,3.59545,1.17617,5.56256,4.86825
98.82419781,3.55887,3.55499,1.22483,5.58938,4.83497
98.8252565,3.49632,3.49241,1.29912,5.63018,4.78315
98.82638203,3.42982,3.42589,1.3781,5.67205,4.72805
98.82783699,3.343,3.33904,1.4802,5.72618,4.65582
98.82991739,3.21771,3.21369,1.62632,5.80059,4.55116
98.83364885,2.98963,2.98553,1.88841,5.92747,4.35942
98.84111176,2.52122,2.51697,2.40977,6.15613,3.96111
98.8560376,1.54032,1.53581,3.41952,6.51486,3.10957
98.87737421,0.054233,0.0494195,4.69668,6.80476,1.78156
98.88488538,-0.489558,-0.494453,5.08789,6.84521,1.28555
98.89214954,-1.02319,-1.02815,5.43202,6.85445,0.793643
98.89551352,-1.27238,-1.27736,5.57971,6.84889,0.562078
98.89647919,-1.34419,-1.34917,5.62048,6.84595,0.495181
98.8972382,-1.40063,-1.40561,5.65254,6.84364,0.442477
98.8983609,-1.48411,-1.48909,5.69844,6.83898,0.364324
98.89961228,-1.57734,-1.58233,5.7496,6.83378,0.276947
98.90108011,-1.68671,-1.6917,5.80779,6.82617,0.174109
98.90336099,-1.85665,-1.86165,5.89545,6.81206,0.0135857
98.90775029,-2.18344,-2.18842,6.05489,6.77716,-0.297643
98.91534842,-2.74498,-2.7499,6.30247,6.69298,-0.842647
98.91885356,-3.00138,-3.00626,6.40465,6.64411,-1.09639
98.922323,-3.25272,-3.25753,6.49839,6.58957,-1.34874
98.9232038,-3.31599,-3.32079,6.52077,6.57455,-1.41281
98.92413216,-3.38267,-3.38746,6.54436,6.55872,-1.48056
98.92530061,-3.46612,-3.47087,6.57299,6.53732,-1.56583
98.92740174,-3.61508,-3.61979,6.62241,6.49884,-1.71917
98.93095778,-3.86358,-3.8682,6.7,6.42774,-1.97868
98.93806986,-4.34383,-4.34823,6.83252,6.26728,-2.4954
98.94704048,-4.9091,-4.91312,6.95703,6.03109,-3.13634
98.95126785,-5.15751,-5.16132,6.99933,5.90697,-3.43248
98.95347538,-5.28216,-5.28585,7.01729,5.83895,-3.5852
98.95527447,-5.38103,-5.38462,7.02984,5.78192,-3.7085
98.95700444,-5.47376,-5.47726,7.04014,5.72575,-3.82595
98.95868646,-5.56173,-5.56515,7.04852,5.66988,-3.93901
98.9620505,-5.73139,-5.73465,7.06042,5.55452,-4.16135
98.96877857,-6.04652,-6.04945,7.06506,5.30963,-4.58824
98.97344099,-6.24647,-6.24919,7.05341,5.12908,-4.86826
98.97741378,-6.40525,-6.40778,7.03399,4.96839,-5.09524
98.97918241,-6.47254,-6.47499,7.02255,4.89485,-5.19264
98.98079486,-6.53208,-6.53447,7.00993,4.82676,-5.27941
98.98238942,-6.58929,-6.59161,6.99745,4.75845,-5.36331
98.98412064,-6.64952,-6.65176,6.98159,4.6832,-5.45226
98.98758306,-6.76413,-6.76622,6.94506,4.52937,-5.62368
98.99450792,-6.97016,-6.97194,6.85298,4.20876,-5.94161
99.00472621,-7.2182,-7.21955,6.67191,3.70566,-6.35256
99.01643523,-7.42151,-7.42236,6.40033,3.08808,-6.74092
99.03029822,-7.5526,-7.55287,5.99438,2.30536,-7.08964
99.05097245,-7.53468,-7.53413,5.23144,1.04954,-7.39199
99.07339942,-7.24007,-7.23868,4.21096,-0.407581,-7.435
99.08334229,-7.02099,-7.01925,3.69875,-1.07784,-7.36146
99.09333327,-6.74893,-6.74685,3.15081,-1.75766,-7.23236
99.09602835,-6.66679,-6.66462,2.9975,-1.9414,-7.18818
99.09870206,-6.58173,-6.57947,2.84324,-2.12368,-7.1405
99.10404948,-6.40127,-6.39883,2.52861,-2.48595,-7.03391
99.11474432,-6.00041,-5.99765,1.87665,-3.19401,-6.777
99.136134,-5.05106,-5.0477,0.495837,-4.47172,-6.09858
99.13760013,-4.9784,-4.975,0.397291,-4.5516,-6.04359
99.14053239,-4.83108,-4.82761,0.199302,-4.70789,-5.93135
99.14183605,-4.76446,-4.76095,0.110856,-4.77534,-5.88016
99.14259829,-4.7255,-4.72198,0.0590166,-4.81478,-5.85022
99.14333218,-4.6875,-4.68395,0.00901644,-4.85181,-5.82083
99.14422571,-4.64122,-4.63765,-0.0519764,-4.89689,-5.78504
99.14526597,-4.58657,-4.58297,-0.123144,-4.9484,-5.74247
99.14664878,-4.51391,-4.51028,-0.218004,-5.01569,-5.68588
99.1494144,-4.36597,-4.36227,-0.408569,-5.14633,-5.56967
99.15452914,-4.0852,-4.08139,-0.763665,-5.37458,-5.3464
99.15768383,-3.9075,-3.90361,-0.984208,-5.50693,-5.20337
99.16058772,-3.74094,-3.73699,-1.18814,-5.62321,-5.06775
99.16137874,-3.69494,-3.69097,-1.2437,-5.65371,-5.03081
99.16247693,-3.63107,-3.62708,-1.32105,-5.69605,-4.97825
99.16359071,-3.56548,-3.56146,-1.39951,-5.73743,-4.92495
99.16517205,-3.47235,-3.4683,-1.51104,-5.79618,-4.84812
99.16761641,-3.3264,-3.3223,-1.68344,-5.8832,-4.7275
99.17230579,-3.04132,-3.03713,-2.01418,-6.04014,-4.48993
99.18168457,-2.45226,-2.44789,-2.66951,-6.31501,-3.99154
99.20044213,-1.20829,-1.20363,-3.91011,-6.7116,-2.91067
99.21170454,-0.424265,-0.419461,-4.58442,-6.85299,-2.2124
99.21811587,0.0329039,0.037777,-4.93639,-6.9015,-1.79981
99.22135242,0.266362,0.271266,-5.10404,-6.91726,-1.58765
99.22434128,0.483356,0.488287,-5.25247,-6.92667,-1.38958
99.22792867,0.74538,0.75034,-5.4225,-6.93149,-1.14928
99.2317324,1.02483,1.02982,-5.59329,-6.92896,-0.891582
99.23452223,1.23069,1.23569,-5.71248,-6.92212,-0.700761
99.23566495,1.31527,1.32027,-5.75955,-6.91787,-0.622169
99.23646036,1.37415,1.37915,-5.7923,-6.91491,-0.56732
99.23760589,1.45893,1.46394,-5.83794,-6.90937,-0.488126
99.2387132,1.54107,1.54607,-5.88206,-6.90401,-0.411352
99.23998148,1.63513,1.64014,-5.93118,-6.89612,-0.323156
99.24164152,1.75826,1.76327,-5.99395,-6.88581,-0.207304
99.24448544,1.9692,1.97421,-6.09748,-6.86381,-0.00779
99.25017327,2.38982,2.39479,-6.28957,-6.80722,0.394867
99.25581295,2.80336,2.80828,-6.4605,-6.73473,0.798345
99.25977404,3.09068,3.09554,-6.56901,-6.67419,1.08386
99.26335842,3.34761,3.3524,-6.65904,-6.61266,1.34346
99.26427809,3.41289,3.41766,-6.68064,-6.59563,1.41007
99.26522043,3.47978,3.48453,-6.70277,-6.57818,1.47853
99.26634889,3.55936,3.56409,-6.72759,-6.55592,1.5605
99.26833685,3.6985,3.70318,-6.77131,-6.5167,1.70492
99.27165697,3.92752,3.93211,-6.83799,-6.44604,1.94611
99.27829721,4.37033,4.3747,-6.95181,-6.28911,2.4265
99.2897988,5.0743,5.07816,-7.08816,-5.96965,3.24135
99.29370378,5.29313,5.29679,-7.11705,-5.8477,3.51134
99.29689785,5.4638,5.46731,-7.13418,-5.74301,3.7287
99.29939583,5.59196,5.59534,-7.14354,-5.65809,3.89609
99.30198503,5.71992,5.72318,-7.14952,-5.56731,4.06684
99.30716343,5.96137,5.96438,-7.15024,-5.37747,4.39841
99.31752023,6.38868,6.39122,-7.10745,-4.96599,5.0117
99.32124249,6.52446,6.52684,-7.0778,-4.80796,5.21447
99.32460791,6.6393,6.64153,-7.04459,-4.66061,5.38921
99.32727694,6.7251,6.72721,-7.01398,-4.54081,5.52194
99.3301846,6.81328,6.81526,-6.97636,-4.40739,5.66074
99.33599992,6.97324,6.97498,-6.88799,-4.13176,5.92077
99.34367904,7.15122,7.15263,-6.74496,-3.75052,6.2294
99.35610592,7.36016,7.36105,-6.45214,-3.09475,6.64783
99.36945321,7.47759,7.47793,-6.05674,-2.34152,6.98837
99.38918035,7.45486,7.45442,-5.32993,-1.14888,7.29078
99.41922727,6.99785,6.9963,-3.93558,0.797146,7.31071
99.42882426,6.74802,6.74614,-3.42196,1.44196,7.20759
99.43258314,6.63694,6.63494,-3.21241,1.69612,7.1531
99.43617956,6.52397,6.52185,-3.00784,1.9393,7.09374
99.44126871,6.35327,6.35098,-2.71201,2.28187,6.99795
99.45144699,5.97516,5.97256,-2.09965,2.95459,6.76602
99.47180357,5.0827,5.07951,-0.803991,4.19023,6.14972
99.48026378,4.66084,4.65743,-0.240504,4.6458,5.83593
99.48489389,4.41795,4.41442,0.0733465,4.87729,5.65043
99.48930334,4.17916,4.17552,0.375345,5.08477,5.46509
99.49260757,3.9956,3.99189,0.603424,5.23183,5.3208
99.49630834,3.78548,3.78168,0.860429,5.3881,5.15383
99.49923767,3.61585,3.61199,1.06484,5.50559,5.01774
99.50112616,3.50498,3.50108,1.19703,5.57846,4.92818
99.50347997,3.36516,3.3612,1.3621,5.66618,4.8146
99.50480044,3.28594,3.28196,1.45485,5.7139,4.74948
99.50662285,3.17572,3.1717,1.58286,5.77802,4.65962
99.5098011,2.98106,2.97698,1.8061,5.88503,4.49912
99.5161576,2.58282,2.57862,2.2512,6.0809,4.16709
99.52887059,1.75376,1.74934,3.12257,6.40116,3.46171
99.55096121,0.227566,0.222832,4.4905,6.73617,2.121
99.55969953,-0.402377,-0.407202,4.96229,6.79214,1.55365
99.56480436,-0.776095,-0.780964,5.21606,6.80509,1.21347
99.56863447,-1.05873,-1.06362,5.39511,6.80536,0.954378
99.57143875,-1.26674,-1.27165,5.51996,6.79986,0.762718
99.57225399,-1.32721,-1.33212,5.55503,6.79826,0.706628
99.57311664,-1.39142,-1.39633,5.59214,6.79526,0.647276
99.57422155,-1.47366,-1.47858,5.63823,6.79141,0.570958
99.57542332,-1.56311,-1.56803,5.68835,6.78579,0.48769
99.57672077,-1.65981,-1.66473,5.74094,6.77972,0.397493
99.57868181,-1.80597,-1.81089,5.81837,6.76822,0.260591
99.58221899,-2.0696,-2.07452,5.95182,6.74231,0.0119944
99.58929337,-2.59413,-2.59901,6.19519,6.67088,-0.491001
99.59492447,-3.0069,-3.01171,6.36674,6.5956,-0.896216
99.59810114,-3.23714,-3.2419,6.45493,6.54601,-1.12642
99.60094658,-3.44132,-3.44602,6.52869,6.49728,-1.33339
99.60325317,-3.60513,-3.60978,6.58489,6.45483,-1.50165
99.60468414,-3.70586,-3.71048,6.61814,6.42717,-1.60603
99.6068774,-3.85878,-3.86334,6.66671,6.38284,-1.76612
99.61098986,-4.14006,-4.1445,6.75002,6.29347,-2.0663
99.61921476,-4.67627,-4.68041,6.8865,6.09079,-2.66235
99.62546466,-5.0559,-5.05975,6.96357,5.91592,-3.10843
99.62871469,-5.24263,-5.24632,6.99461,5.81799,-3.33719
99.63043082,-5.33808,-5.34168,7.00853,5.76438,-3.45689
99.6320563,-5.4264,-5.42992,7.02014,5.71241,-3.56945
99.63427364,-5.54364,-5.54705,7.03352,5.63966,-3.72154
99.63643965,-5.6546,-5.6579,7.04388,5.56657,-3.86833
99.64077166,-5.86627,-5.86937,7.05657,5.41443,-4.15584
99.6494357,-6.25037,-6.25307,7.05035,5.08714,-4.70075
99.6544908,-6.45087,-6.45335,7.02744,4.88233,-4.99735
99.65702315,-6.54488,-6.54725,7.01068,4.77598,-5.13937
99.65843486,-6.59484,-6.59715,6.9993,4.71527,-5.21652
99.65976763,-6.642,-6.64425,6.98856,4.65795,-5.28798
99.66173778,-6.70869,-6.71086,6.97017,4.57149,-5.39119
99.6636713,-6.77169,-6.77378,6.9501,4.48525,-5.4897
99.66753834,-6.89045,-6.89237,6.904,4.3087,-5.67869
99.67527244,-7.0992,-7.10079,6.78831,3.93996,-6.02591
99.68762193,-7.35389,-7.35496,6.5406,3.31046,-6.49881
99.69904672,-7.50461,-7.50522,6.24483,2.68665,-6.84958
99.71555163,-7.58188,-7.58183,5.71104,1.72331,-7.21313
99.7397815,-7.40756,-7.40659,4.71974,0.200552,-7.4497
99.75409437,-7.14996,-7.14848,4.02695,-0.747654,-7.42763
99.76059345,-6.99631,-6.99461,3.68779,-1.18711,-7.3788
99.76263362,-6.94345,-6.94168,3.57828,-1.32603,-7.35854
99.7639824,-6.90686,-6.90504,3.50484,-1.41787,-7.34339
99.7652889,-6.87142,-6.86956,3.4337,-1.50701,-7.32871
99.7679019,-6.79705,-6.79511,3.28924,-1.6853,-7.29557
99.77312791,-6.63814,-6.63602,2.99407,-2.0414,-7.21823
99.78357993,-6.28086,-6.27841,2.38031,-2.74486,-7.02026
99.80448396,-5.4194,-5.41635,1.0716,-4.05378,-6.46027
99.81787483,-4.77122,-4.76782,0.183968,-4.78337,-5.9922
99.82425675,-4.43731,-4.43376,-0.250889,-5.09517,-5.74034
99.83013399,-4.11648,-4.11279,-0.656912,-5.3598,-5.4928
99.83404092,-3.89645,-3.89267,-0.929296,-5.52365,-5.32023
99.83793563,-3.67196,-3.6681,-1.20233,-5.67749,-5.14204
99.83994094,-3.55441,-3.55051,-1.34345,-5.75302,-5.04792
99.8410277,-3.48984,-3.48592,-1.41994,-5.79293,-4.99587
99.84288837,-3.3793,-3.37534,-1.55111,-5.8596,-4.90674
99.84594626,-3.19478,-3.19076,-1.7667,-5.96463,-4.75678
99.85206204,-2.81741,-2.81327,-2.19695,-6.15797,-4.4465
99.86429359,-2.03204,-2.02769,-3.04199,-6.47873,-3.78695
99.88639744,-0.526321,-0.521662,-4.4324,-6.84039,-2.47871
99.89513522,0.095998,0.100751,-4.91509,-6.90698,-1.92345
99.90029745,0.469763,0.474563,-5.17839,-6.92629,-1.58622
99.90502467,0.81531,0.820146,-5.40405,-6.93112,-1.27199
99.90862074,1.07992,1.08478,-5.56575,-6.92665,-1.0297
99.91174299,1.31071,1.31559,-5.69925,-6.91653,-0.8172
99.91244227,1.3624,1.36728,-5.72808,-6.91426,-0.76928
99.91333116,1.42831,1.43319,-5.76472,-6.91,-0.708367
99.91441637,1.50878,1.51366,-5.80808,-6.90479,-0.633725
99.91570599,1.6044,1.60928,-5.85961,-6.89698,-0.544744
99.91720331,1.71553,1.72041,-5.91759,-6.8879,-0.441057
99.91959332,1.89292,1.8978,-6.00724,-6.87016,-0.274744
99.92429568,2.24132,2.24619,-6.17325,-6.82656,0.0552004
99.93370041,2.93029,2.93506,-6.46465,-6.70542,0.724414
99.93830876,3.26219,3.26688,-6.58782,-6.62978,1.05622
99.94167247,3.50112,3.50575,-6.66965,-6.5679,1.29976
99.94259176,3.56573,3.57033,-6.69055,-6.54979,1.36632
99.94363691,3.63917,3.64376,-6.7143,-6.5292,1.44223
99.94634392,3.82718,3.83169,-6.77207,-6.4728,1.63886
99.94896005,4.00607,4.01051,-6.82376,-6.41496,1.82899
99.95409821,4.34804,4.35231,-6.91354,-6.29198,2.20171
99.96437453,4.98478,4.98861,-7.04687,-6.00981,2.93744
99.96838783,5.2143,5.21793,-7.08231,-5.88674,3.21977
99.97071977,5.34225,5.34577,-7.09866,-5.81197,3.38208
99.97291317,5.45884,5.46224,-7.11119,-5.7395,3.53331
99.97567939,5.60067,5.60394,-7.1231,-5.64519,3.7217
99.97834041,5.73173,5.73487,-7.13049,-5.55143,3.90017
99.98366246,5.97861,5.9815,-7.13337,-5.35522,4.24751
99.9923002,6.33758,6.34008,-7.10481,-5.01287,4.7775
99.99654364,6.49539,6.4977,-7.07586,-4.8341,5.02056
99.99873048,6.57201,6.57423,-7.05714,-4.73931,5.1409
100,6.61505,6.61721,-7.04509,-4.68347,5.20915
