"TIME","SIN1","SIN2","SIN3","SIN4","SIN5"
90,-2.70004,-2.70004,-0.99788,-2.46919,-7.16193
90.0014593,-2.81176,-2.81176,-1.1077,-2.58139,-7.18018
90.00340504,-2.96025,-2.96025,-1.25445,-2.73065,-7.20267
90.00576576,-3.13948,-3.13948,-1.43295,-2.91108,-7.22696
90.00853765,-3.34841,-3.34841,-1.64315,-3.12179,-7.25127
90.00936448,-3.41028,-3.41028,-1.70585,-3.18428,-7.2574
90.01033837,-3.48314,-3.48314,-1.77984,-3.25789,-7.26463
90.01262169,-3.65263,-3.65263,-1.95334,-3.42937,-7.27883
90.01447367,-3.78887,-3.78887,-2.09406,-3.56743,-7.2881
90.01790669,-4.03801,-4.03801,-2.35462,-3.82044,-7.3
90.02477275,-4.51998,-4.51998,-2.87217,-4.312,-7.3034
90.03178785,-4.98473,-4.98473,-3.39184,-4.78894,-7.27913
90.03744099,-5.33481,-5.33481,-3.80051,-5.15039,-7.23945
90.03978406,-5.47296,-5.47296,-3.96668,-5.29353,-7.21779
90.04124898,-5.55715,-5.55715,-4.06945,-5.38089,-7.20215
90.0426486,-5.63599,-5.63599,-4.16673,-5.46277,-7.1872
90.04419693,-5.72139,-5.72139,-4.27322,-5.55154,-7.1688
90.0467874,-5.86008,-5.86008,-4.4485,-5.69587,-7.13511
90.05196834,-6.12227,-6.12227,-4.78669,-5.96935,-7.05698
90.05589887,-6.30801,-6.30801,-5.031,-6.16366,-6.98823
90.0579869,-6.40213,-6.40213,-5.15613,-6.26234,-6.94782
90.05908551,-6.45001,-6.45001,-5.22016,-6.31261,-6.92656
90.0601247,-6.49529,-6.49529,-5.28072,-6.36015,-6.90497
90.06138285,-6.54803,-6.54803,-5.35233,-6.41563,-6.87884
90.06272398,-6.60425,-6.60425,-5.42729,-6.47477,-6.84973
90.06540624,-6.71177,-6.71177,-5.57304,-6.58812,-6.78877
90.07077077,-6.91201,-6.91201,-5.84852,-6.79997,-6.65607
90.08149982,-7.25396,-7.25396,-6.33853,-7.16501,-6.34874
90.09178475,-7.50941,-7.50941,-6.73468,-7.44237,-6.00353
90.10550061,-7.74181,-7.74181,-7.1544,-7.7036,-5.47044
90.12054638,-7.85751,-7.85751,-7.4751,-7.85026,-4.79665
90.13610602,-7.82834,-7.82834,-7.65628,-7.85203,-4.01028
90.15796924,-7.54395,-7.54395,-7.66114,-7.60833,-2.77147
90.17941397,-7.00535,-7.00535,-7.3951,-7.10558,-1.42807
90.20172464,-6.19467,-6.19467,-6.85186,-6.3271,0.0749496
90.21541177,-5.5801,-5.5801,-6.39169,-5.72949,1.0367
90.22141382,-5.28402,-5.28402,-6.16078,-5.44015,1.46496
90.22354566,-5.1751,-5.1751,-6.07461,-5.33353,1.61777
90.22555856,-5.07054,-5.07054,-5.99132,-5.23107,1.76205
90.22794216,-4.94461,-4.94461,-5.89033,-5.10758,1.9329
90.23270938,-4.68611,-4.68611,-5.68082,-4.85375,2.27371
90.2422438,-4.14382,-4.14382,-5.23289,-4.32005,2.94608
90.26131266,-2.96841,-2.96841,-4.2307,-3.15946,4.2026
90.27405018,-2.1225,-2.1225,-3.48843,-2.32221,4.94056
90.27968575,-1.734,-1.734,-3.14259,-1.93733,5.23568
90.28509292,-1.35392,-1.35392,-2.80154,-1.56065,5.49861
90.28943296,-1.04408,-1.04408,-2.52164,-1.2535,5.69513
90.29432097,-0.690444,-0.690444,-2.20021,-0.902858,5.9012
90.30409699,0.0298321,0.0298321,-1.5394,-0.188388,6.26637
90.31494877,0.846295,0.846295,-0.78073,0.622167,6.60023
90.32147742,1.34431,1.34431,-0.31276,1.11726,6.7654
90.32487742,1.60528,1.60528,-0.0659042,1.37693,6.84092
90.32589215,1.68317,1.68317,0.0081665,1.45471,6.86177
90.32687396,1.75871,1.75871,0.0799973,1.52997,6.88194
90.32783838,1.83291,1.83291,0.150705,1.60389,6.90063
90.3286888,1.89835,1.89835,0.213174,1.66924,6.9171
90.32971965,1.97766,1.97766,0.289043,1.74844,6.93588
90.33067066,2.05083,2.05083,0.359176,1.82152,6.9532
90.331748,2.13372,2.13372,0.438782,1.90429,6.97143
90.33294088,2.22538,2.22538,0.527116,1.99595,6.99161
90.33483456,2.37089,2.37089,0.667735,2.14146,7.02125
90.33830486,2.63664,2.63664,0.926583,2.40778,7.06993
90.34274129,2.97404,2.97404,1.25938,2.74678,7.12159
90.3452944,3.16669,3.16669,1.45172,2.9408,7.14597
90.34843493,3.40172,3.40172,1.68897,3.17797,7.17063
90.34932166,3.46751,3.46751,1.75596,3.24449,7.17628
90.35027706,3.53841,3.53841,1.82825,3.31616,7.18236
90.35309981,3.74584,3.74584,2.04182,3.52624,7.19646
90.35584315,3.94473,3.94473,2.24922,3.72811,7.20567
90.36132984,4.33274,4.33274,2.66221,4.12329,7.21095
90.3723032,5.05672,5.05672,3.47054,4.86597,7.16987
90.37673674,5.32659,5.32659,3.78798,5.14488,7.13396
90.37918206,5.46917,5.46917,3.96015,5.29269,7.10944
90.38057593,5.54834,5.54834,4.0572,5.37489,7.09348
90.38189566,5.62186,5.62186,4.14827,5.45129,7.07837
90.38347081,5.70779,5.70779,4.25584,5.54065,7.05849
90.38597701,5.84047,5.84047,4.42422,5.67882,7.02407
90.3909894,6.0915,6.0915,4.74942,5.9408,6.94513
90.39480667,6.27017,6.27017,4.98561,6.12781,6.87606
90.39690847,6.36401,6.36401,5.11107,6.22625,6.83414
90.39803715,6.41268,6.41268,5.17656,6.27738,6.81163
90.39906125,6.45684,6.45684,5.23598,6.32378,6.78979
90.40010923,6.50043,6.50043,5.29498,6.36967,6.76745
90.40120672,6.54609,6.54609,5.35676,6.41772,6.74254
90.40337235,6.63291,6.63291,5.47498,6.50927,6.6934
90.40752743,6.79039,6.79039,5.69179,6.67578,6.59132
90.4158376,7.06981,7.06981,6.08781,6.97318,6.36161
90.42661889,7.36264,7.36264,6.53007,7.28911,6.01455
90.4389672,7.60284,7.60284,6.94066,7.55542,5.55221
90.45326707,7.75655,7.75655,7.29129,7.73878,4.93582
90.47604021,7.73567,7.73567,7.58105,7.7631,3.79382
90.49769231,7.42736,7.42736,7.56081,7.49449,2.54831
90.52273478,6.74609,6.74609,7.19782,6.8539,0.950349
90.5444494,5.89734,5.89734,6.60756,6.03506,-0.540235
90.5546442,5.42149,5.42149,6.2466,5.57141,-1.26462
90.56485297,4.89979,4.89979,5.83513,5.06071,-1.99558
90.56760165,4.75184,4.75184,5.71601,4.91551,-2.19238
90.57032655,4.60219,4.60219,5.59456,4.76851,-2.38723
90.57577636,4.29443,4.29443,5.34201,4.4658,-2.77409
90.58667598,3.64709,3.64709,4.80017,3.82767,-3.52689
90.60847522,2.24094,2.24094,3.58393,2.43769,-4.86488
90.61554223,1.75542,1.75542,3.15375,1.95692,-5.24118
90.62238828,1.27299,1.27299,2.72187,1.47896,-5.5746
90.62717866,0.928943,0.928943,2.41138,1.13799,-5.78927
90.63268841,0.527292,0.527292,2.04639,0.739823,-6.0174
90.6437079,-0.292334,-0.292334,1.29369,-0.0731206,-6.41503
90.65324859,-1.01662,-1.01662,0.619909,-0.792214,-6.69746
90.65836125,-1.40921,-1.40921,0.251136,-1.18252,-6.8255
90.66216448,-1.70274,-1.70274,-0.0263475,-1.47462,-6.9103
90.66332344,-1.79219,-1.79219,-0.111418,-1.56396,-6.93401
90.66438916,-1.87461,-1.87461,-0.189841,-1.64611,-6.95581
90.66525217,-1.94136,-1.94136,-0.253483,-1.71264,-6.97239
90.6662313,-2.01708,-2.01708,-0.325829,-1.78825,-6.99121
90.66723787,-2.09493,-2.09493,-0.400354,-1.86598,-7.00932
90.66840271,-2.18502,-2.18502,-0.486786,-1.95594,-7.03029
90.66998718,-2.30731,-2.30731,-0.604666,-2.0783,-7.05701
90.67273525,-2.51939,-2.51939,-0.809921,-2.29052,-7.09976
90.67823138,-2.94062,-2.94062,-1.22309,-2.71327,-7.17169
90.68109907,-3.15853,-3.15853,-1.43988,-2.93257,-7.20206
90.6846661,-3.42716,-3.42716,-1.71038,-3.20351,-7.23302
90.68652874,-3.56617,-3.56617,-1.85192,-3.344,-7.2462
90.68783769,-3.66324,-3.66324,-1.95139,-3.44222,-7.25424
90.68976239,-3.80495,-3.80495,-2.09764,-3.58578,-7.26425
90.69331315,-4.06271,-4.06271,-2.36714,-3.84747,-7.27704
90.70041469,-4.56055,-4.56055,-2.90214,-4.35515,-7.28082
90.70634392,-4.95448,-4.95448,-3.34181,-4.75917,-7.26195
90.70782623,-5.04893,-5.04893,-3.45027,-4.85645,-7.2535
90.71079085,-5.23388,-5.23388,-3.66543,-5.04729,-7.23366
90.71266832,-5.34779,-5.34779,-3.79987,-5.16508,-7.21831
90.71363221,-5.40482,-5.40482,-3.86889,-5.22416,-7.21043
90.7146661,-5.46599,-5.46599,-3.94207,-5.28753,-7.20079
90.71507641,-5.48976,-5.48976,-3.97111,-5.31217,-7.19696
90.7157142,-5.5267,-5.5267,-4.01585,-5.35049,-7.19036
90.71647357,-5.56983,-5.56983,-4.06913,-5.39525,-7.18249
90.71740473,-5.62272,-5.62272,-4.13354,-5.45015,-7.17285
90.7191872,-5.72147,-5.72147,-4.25684,-5.55275,-7.15239
90.72238005,-5.89217,-5.89217,-4.47264,-5.73033,-7.11145
90.72876573,-6.21063,-6.21063,-4.8849,-6.06257,-7.01326
90.732339,-6.37579,-6.37579,-5.10312,-6.23545,-6.94892
90.7340522,-6.45172,-6.45172,-5.20435,-6.31508,-6.91571
90.73570145,-6.52286,-6.52286,-5.29961,-6.38977,-6.88163
90.73728751,-6.58947,-6.58947,-5.3892,-6.45981,-6.84886
90.73876973,-6.65014,-6.65014,-5.47114,-6.52367,-6.81645
90.74173417,-6.76694,-6.76694,-5.62999,-6.64684,-6.74828
90.74766304,-6.98247,-6.98247,-5.92836,-6.87508,-6.59884
90.75792979,-7.29947,-7.29947,-6.38679,-7.21394,-6.29989
90.76867971,-7.55591,-7.55591,-6.79035,-7.49304,-5.93435
90.78280599,-7.7776,-7.7776,-7.20514,-7.7441,-5.37704
90.79882305,-7.87425,-7.87425,-7.52015,-7.87327,-4.64718
90.81537042,-7.80691,-7.80691,-7.67623,-7.8382,-3.79389
90.83509393,-7.51509,-7.51509,-7.64495,-7.58234,-2.66168
90.86137089,-6.7953,-6.7953,-7.25648,-6.90493,-0.995273
90.88586234,-5.81497,-5.81497,-6.56309,-5.95744,0.679604
90.8957756,-5.33865,-5.33865,-6.19606,-5.49247,1.38131
90.90084484,-5.07851,-5.07851,-5.9901,-5.23769,1.74312
90.90250615,-4.9909,-4.9909,-5.91999,-5.15176,1.8617
90.90423298,-4.89865,-4.89865,-5.84578,-5.06124,1.98491
90.90768664,-4.71068,-4.71068,-5.69343,-4.87661,2.23133
90.91459396,-4.32132,-4.32132,-5.37344,-4.49353,2.71966
90.92840862,-3.4929,-3.4929,-4.67581,-3.67628,3.66107
90.93937129,-2.79201,-2.79201,-4.07085,-2.9832,4.35582
90.94856456,-2.17736,-2.17736,-3.53106,-2.3746,4.88774
90.95243005,-1.91204,-1.91204,-3.29565,-2.11172,5.09535
90.95539423,-1.70601,-1.70601,-3.11192,-1.90754,5.24744
90.95806587,-1.51851,-1.51851,-2.94403,-1.72169,5.37911
90.96049707,-1.34646,-1.34646,-2.78942,-1.55114,5.49449
90.96535949,-0.998522,-0.998522,-2.4752,-1.20618,5.71294
90.97508432,-0.288864,-0.288864,-1.82815,-0.502339,6.10246
90.98551117,0.489588,0.489588,-1.10939,0.270213,6.45217
90.99411435,1.14294,1.14294,-0.498939,0.919299,6.68898
90.99833175,1.46609,1.46609,-0.194417,1.24075,6.78818
91.00155488,1.71402,1.71402,0.0404321,1.48767,6.85659
91.00254144,1.7899,1.7899,0.112668,1.56325,6.87598
91.00344054,1.85906,1.85906,0.178637,1.63235,6.89366
91.00431095,1.92609,1.92609,0.242618,1.69925,6.90976
91.0053202,2.00381,2.00381,0.316948,1.77681,6.92843
91.0063053,2.07967,2.07967,0.389644,1.85253,6.94546
91.00743297,2.16651,2.16651,0.473029,1.93925,6.96496
91.00884718,2.2752,2.2752,0.577851,2.04801,6.98789
91.01121917,2.4575,2.4575,0.754251,2.23043,7.02362
91.01596314,2.82005,2.82005,1.10901,2.59413,7.08491
91.01961421,3.09675,3.09675,1.38356,2.87246,7.12288
91.02297287,3.34895,3.34895,1.6371,3.12676,7.15078
91.02371796,3.40446,3.40446,1.69335,3.18282,7.15584
91.02469919,3.47755,3.47755,1.76757,3.25665,7.1625
91.02693863,3.64307,3.64307,1.93698,3.4241,7.17509
91.02866393,3.76948,3.76948,2.06749,3.55218,7.18278
91.03177295,3.99447,3.99447,2.30242,3.78058,7.19222
91.03799098,4.43143,4.43143,2.76957,4.22586,7.19429
91.05042705,5.23395,5.23395,3.6773,5.05028,7.13249
91.05449652,5.47342,5.47342,3.96427,5.29805,7.09337
91.05714855,5.62274,5.62274,4.14775,5.45292,7.06294
91.05969139,5.76075,5.76075,4.3205,5.59632,7.03015
91.06199529,5.88145,5.88145,4.47401,5.72191,6.99741
91.06623119,6.09285,6.09285,4.74769,5.94234,6.92979
91.06936241,6.24055,6.24055,4.94218,6.09672,6.87369
91.07200555,6.35966,6.35966,5.1007,6.22148,6.82233
91.07323077,6.41269,6.41269,5.17234,6.27712,6.79693
91.07433393,6.46043,6.46043,5.23537,6.32722,6.77406
91.07535373,6.50294,6.50294,5.29363,6.37191,6.75174
91.07649233,6.55041,6.55041,5.35718,6.42181,6.72682
91.07867971,6.63826,6.63826,5.47642,6.51433,6.67652
91.08275395,6.79304,6.79304,5.68878,6.67777,6.5764
91.09090241,7.06839,7.06839,6.07736,6.97038,6.3516
91.10159092,7.36133,7.36133,6.51707,7.28577,6.00876
91.11384123,7.60331,7.60331,6.9266,7.55315,5.55203
91.12821424,7.76209,7.76209,7.2817,7.7412,4.9348
91.15055813,7.75026,7.75026,7.57249,7.77299,3.81903
91.17138236,7.46855,7.46855,7.56656,7.52903,2.62876
91.19749913,6.77391,6.77391,7.2027,6.8764,0.970342
91.22235626,5.79252,5.79252,6.5145,5.92842,-0.735365
91.23222337,5.32173,5.32173,6.15335,5.46901,-1.43685
91.2351401,5.17412,5.17412,6.03736,5.32454,-1.64614
91.23657709,5.09957,5.09957,5.97819,5.2515,-1.74926
91.23813668,5.01866,5.01866,5.91398,5.17222,-1.86123
91.24125585,4.85297,4.85297,5.7812,5.00968,-2.08516
91.2474942,4.51018,4.51018,5.50274,4.67287,-2.53049
91.25997091,3.78184,3.78184,4.89678,3.95532,-3.39829
91.28492431,2.17766,2.17766,3.51018,2.3698,-4.91911
91.29294746,1.62338,1.62338,3.01789,1.82092,-5.33513
91.30072581,1.07071,1.07071,2.52139,1.27332,-5.69914
91.30756953,0.573436,0.573436,2.07024,0.780405,-5.98669
91.31512265,0.0141575,0.0141575,1.55815,0.225803,-6.26891
91.33022891,-1.12948,-1.12948,0.495704,-0.909706,-6.72571
91.33558315,-1.54121,-1.54121,0.107841,-1.31938,-6.85355
91.33874012,-1.78511,-1.78511,-0.12334,-1.56241,-6.92067
91.33981209,-1.86793,-1.86793,-0.202237,-1.64493,-6.94179
91.34067247,-1.93441,-1.93441,-0.265697,-1.71137,-6.95875
91.3415825,-2.00478,-2.00478,-0.332946,-1.78165,-6.9756
91.34264678,-2.08709,-2.08709,-0.411753,-1.86384,-6.99531
91.34381624,-2.17753,-2.17753,-0.498542,-1.95415,-7.01528
91.34547104,-2.30523,-2.30523,-0.621684,-2.08195,-7.04353
91.34835471,-2.52775,-2.52775,-0.83715,-2.30467,-7.08781
91.35412207,-2.96942,-2.96942,-1.27094,-2.74813,-7.16144
91.35682056,-3.17426,-3.17426,-1.47504,-2.95436,-7.18908
91.3602422,-3.43174,-3.43174,-1.73464,-3.21415,-7.21794
91.36111608,-3.49691,-3.49691,-1.80094,-3.28003,-7.22394
91.36210785,-3.57088,-3.57088,-1.8763,-3.3548,-7.23076
91.36354147,-3.67709,-3.67709,-1.98523,-3.4623,-7.23923
91.36580277,-3.84321,-3.84321,-2.15705,-3.63066,-7.25014
91.37022611,-4.16231,-4.16231,-2.49236,-3.95494,-7.26291
91.37907279,-4.77069,-4.77069,-3.15472,-4.57658,-7.25482
91.38578851,-5.20009,-5.20009,-3.64537,-5.01839,-7.21914
91.3892286,-5.40764,-5.40764,-3.89129,-5.23295,-7.19111
91.39096735,-5.50911,-5.50911,-4.01391,-5.33806,-7.17445
91.39261383,-5.60296,-5.60296,-4.12882,-5.43541,-7.15646
91.39412099,-5.68698,-5.68698,-4.23287,-5.52263,-7.14
91.39573345,-5.77489,-5.77489,-4.3429,-5.61396,-7.1203
91.39895837,-5.94468,-5.94468,-4.55853,-5.79062,-7.0767
91.4054082,-6.26106,-6.26106,-4.96922,-6.12075,-6.97297
91.40803296,-6.38112,-6.38112,-5.12786,-6.24641,-6.92449
91.40959207,-6.4501,-6.4501,-5.2196,-6.31871,-6.89342
91.41101588,-6.51159,-6.51159,-5.30169,-6.38323,-6.86504
91.41243509,-6.57146,-6.57146,-5.38193,-6.44613,-6.8346
91.41398709,-6.63534,-6.63534,-5.46786,-6.51331,-6.8013
91.41709108,-6.75809,-6.75809,-5.63421,-6.64267,-6.72993
91.42329908,-6.98381,-6.98381,-5.94571,-6.88153,-6.57284
91.43328493,-7.29218,-7.29218,-6.39017,-7.2109,-6.28115
91.44444791,-7.55807,-7.55807,-6.80722,-7.50001,-5.90036
91.45813798,-7.77249,-7.77249,-7.20685,-7.74251,-5.35897
91.4741037,-7.87085,-7.87085,-7.52063,-7.87283,-4.63172
91.49077792,-7.80469,-7.80469,-7.67732,-7.83871,-3.77217
91.51042741,-7.51558,-7.51558,-7.64515,-7.58486,-2.64455
91.53653715,-6.80398,-6.80398,-7.25957,-6.91466,-0.990202
91.56164262,-5.80001,-5.80001,-6.54666,-5.94364,0.725139
91.57142697,-5.32913,-5.32913,-6.18241,-5.48366,1.4171
91.57513943,-5.1394,-5.1394,-6.03205,-5.29778,1.68188
91.57663122,-5.06101,-5.06101,-5.96924,-5.22088,1.78828
91.57827914,-4.97442,-4.97442,-5.89987,-5.13593,1.90582
91.58157499,-4.79704,-4.79704,-5.75638,-4.96171,2.14089
91.58816668,-4.42991,-4.42991,-5.45535,-4.60053,2.60757
91.60135006,-3.64956,-3.64956,-4.80012,-3.83079,3.51218
91.61365064,-2.8706,-2.8706,-4.12899,-3.06049,4.2985
91.62373644,-2.19877,-2.19877,-3.53884,-2.39515,4.88286
91.62797877,-1.90783,-1.90783,-3.28041,-2.10682,5.10958
91.63142892,-1.66785,-1.66785,-3.06603,-1.86893,5.28473
91.63414883,-1.47666,-1.47666,-2.89449,-1.67938,5.41682
91.63696788,-1.27672,-1.27672,-2.7144,-1.48112,5.54821
91.64260599,-0.871785,-0.871785,-2.34761,-1.07954,5.79463
91.65388219,-0.0440992,-0.0440992,-1.58973,-0.258344,6.22455
91.66440091,0.746067,0.746067,-0.856464,0.526223,6.55213
91.67181797,1.31146,1.31146,-0.325776,1.08835,6.74133
91.67532799,1.58093,1.58093,-0.0710276,1.3565,6.81895
91.67632351,1.65736,1.65736,0.00162669,1.43285,6.83932
91.67718827,1.72393,1.72393,0.0648719,1.49916,6.85701
91.67817532,1.79991,1.79991,0.137207,1.57486,6.87609
91.67902226,1.86511,1.86511,0.199395,1.63996,6.89245
91.67994329,1.93601,1.93601,0.267147,1.71075,6.9092
91.68093629,2.01245,2.01245,0.340335,1.78707,6.92726
91.68194864,2.09038,2.09038,0.415097,1.86488,6.94441
91.6830825,2.17767,2.17767,0.499004,1.95207,6.96363
91.68458524,2.29309,2.29309,0.610478,2.06763,6.98743
91.68715287,2.49031,2.49031,0.801619,2.26507,7.02494
91.69228812,2.88219,2.88219,1.18612,2.65845,7.08805
91.69562521,3.1346,3.1346,1.43733,2.91254,7.12059
91.69939734,3.41709,3.41709,1.7222,3.19759,7.14939
91.70124798,3.55437,3.55437,1.8622,3.3364,7.16043
91.70257682,3.65231,3.65231,1.96273,3.43555,7.16711
91.70458288,3.79904,3.79904,2.11449,3.58428,7.17524
91.70832472,4.06861,4.06861,2.39705,3.85815,7.18412
91.71580842,4.58766,4.58766,2.95717,4.38796,7.17762
91.72170744,4.97415,4.97415,3.39096,4.78482,7.14998
91.7231822,5.0667,5.0667,3.49787,4.88026,7.13937
91.72613172,5.24783,5.24783,3.70984,5.06737,7.11524
91.72843632,5.385,5.385,3.87341,5.20942,7.09299
91.72898934,5.41713,5.41713,3.91221,5.24274,7.08766
91.72974999,5.46131,5.46131,3.96558,5.28857,7.07934
91.73017357,5.48548,5.48548,3.9953,5.31367,7.0747
91.73088005,5.5258,5.5258,4.04436,5.35552,7.06698
91.73161905,5.56706,5.56706,4.09568,5.3984,7.05813
91.7327565,5.63056,5.63056,4.17397,5.46439,7.04452
91.73497119,5.75058,5.75058,4.32447,5.58924,7.01554
91.73867983,5.94303,5.94303,4.57023,5.78977,6.96111
91.74609709,6.29715,6.29715,5.03377,6.16008,6.83036
91.74858031,6.4067,6.4067,5.18003,6.27504,6.78013
91.75049231,6.48805,6.48805,5.28938,6.36055,6.73928
91.75222464,6.55952,6.55952,5.38597,6.43579,6.70064
91.75390996,6.62703,6.62703,5.47768,6.50696,6.66158
91.75728062,6.75615,6.75615,5.6546,6.64339,6.57917
91.76402192,6.99095,6.99095,5.98346,6.89276,6.39747
91.77529876,7.31482,7.31482,6.46251,7.24077,6.04493
91.78626445,7.54812,7.54812,6.84578,7.49724,5.64616
91.80137507,7.74037,7.74037,7.24432,7.72084,5.01216
91.82043835,7.77559,7.77559,7.53812,7.79418,4.08503
91.83842384,7.60477,7.60477,7.60736,7.6573,3.09392
91.85832796,7.19743,7.19743,7.45803,7.28447,1.88442
91.88015139,6.5063,6.5063,7.03648,6.62673,0.447993
91.89693534,5.81374,5.81374,6.53947,5.95629,-0.717888
91.90467567,5.44979,5.44979,6.26184,5.60144,-1.2689
91.90912508,5.22852,5.22852,6.08899,5.38508,-1.58801
91.91192749,5.08478,5.08478,5.97527,5.24431,-1.78949
91.91471851,4.93842,4.93842,5.85842,5.10081,-1.99016
91.92030053,4.63643,4.63643,5.61428,4.80428,-2.39005
91.93146458,3.99746,3.99746,5.08602,4.17522,-3.17498
91.95379268,2.59621,2.59621,3.88483,2.791,-4.59975
91.96236962,2.01761,2.01761,3.37521,2.2182,-5.07786
91.96739563,1.66915,1.66915,3.06507,1.87302,-5.33648
91.97124952,1.39766,1.39766,2.82186,1.60401,-5.52321
91.97529007,1.10931,1.10931,2.56213,1.31824,-5.70808
91.98337118,0.522353,0.522353,2.02912,0.736353,-6.04519
91.99626118,-0.437924,-0.437924,1.14541,-0.216274,-6.496
92.0069418,-1.25122,-1.25122,0.385537,-1.02438,-6.79052
92.01141542,-1.59548,-1.59548,0.0604568,-1.36708,-6.89287
92.01267421,-1.69275,-1.69275,-0.0316976,-1.46398,-6.91913
92.01349258,-1.75598,-1.75598,-0.0917583,-1.52698,-6.93621
92.01440626,-1.82658,-1.82658,-0.158946,-1.59732,-6.95419
92.01531169,-1.89654,-1.89654,-0.22566,-1.66719,-6.97201
92.01633301,-1.97546,-1.97546,-0.301067,-1.74602,-6.99093
92.01729939,-2.05013,-2.05013,-0.372567,-1.8206,-7.00883
92.01839396,-2.1347,-2.1347,-0.45372,-1.90507,-7.02767
92.01966887,-2.23321,-2.23321,-0.548463,-2.00354,-7.04961
92.02173316,-2.39251,-2.39251,-0.702349,-2.16297,-7.08237
92.02565981,-2.69448,-2.69448,-0.99657,-2.46574,-7.13764
92.02936296,-2.97745,-2.97745,-1.27563,-2.75014,-7.18132
92.03206744,-3.18262,-3.18262,-1.48025,-2.9568,-7.20806
92.03515002,-3.41455,-3.41455,-1.71419,-3.19088,-7.23327
92.03613532,-3.48806,-3.48806,-1.78896,-3.26521,-7.23987
92.03708376,-3.55882,-3.55882,-1.86105,-3.33675,-7.24622
92.03838267,-3.6551,-3.6551,-1.95977,-3.43423,-7.25368
92.040346,-3.79957,-3.79957,-2.109,-3.58067,-7.2631
92.044024,-4.06629,-4.06629,-2.38815,-3.85165,-7.2747
92.05138001,-4.58061,-4.58061,-2.94196,-4.37659,-7.27458
92.05723155,-4.96786,-4.96786,-3.37528,-4.77417,-7.2525
92.05869444,-5.06072,-5.06072,-3.48215,-4.86991,-7.24335
92.06162021,-5.24257,-5.24257,-3.69415,-5.05773,-7.22221
92.06320812,-5.33874,-5.33874,-3.80777,-5.15727,-7.20856
92.06409671,-5.39136,-5.39136,-3.87135,-5.21183,-7.20093
92.06507523,-5.44931,-5.44931,-3.94055,-5.2719,-7.1914
92.06588865,-5.49634,-5.49634,-3.99807,-5.32073,-7.18347
92.06663018,-5.53922,-5.53922,-4.04997,-5.36523,-7.17559
92.06737121,-5.58102,-5.58102,-4.10183,-5.40867,-7.16771
92.06853416,-5.64662,-5.64662,-4.1825,-5.47683,-7.15451
92.07086005,-5.77391,-5.77391,-4.34173,-5.60925,-7.1259
92.07465913,-5.97285,-5.97285,-4.5952,-5.81656,-7.07292
92.08225729,-6.33877,-6.33877,-5.07271,-6.19921,-6.9441
92.08475094,-6.44972,-6.44972,-5.2203,-6.31565,-6.89523
92.08716638,-6.553,-6.553,-5.35868,-6.42423,-6.84484
92.08905682,-6.63098,-6.63098,-5.46382,-6.50636,-6.80332
92.09100261,-6.70866,-6.70866,-5.56917,-6.58831,-6.75869
92.09489419,-6.85622,-6.85622,-5.77139,-6.74438,-6.66374
92.10267734,-7.12044,-7.12044,-6.1433,-7.02554,-6.45161
92.11293039,-7.40635,-7.40635,-6.56959,-7.33357,-6.12835
92.12543143,-7.66069,-7.66069,-6.99448,-7.61456,-5.66997
92.140725,-7.83385,-7.83385,-7.37592,-7.8197,-5.01948
92.15923568,-7.84636,-7.84636,-7.63876,-7.86958,-4.11205
92.18688691,-7.48555,-7.48555,-7.64218,-7.56019,-2.54807
92.21335562,-6.74582,-6.74582,-7.23301,-6.86319,-0.861086
92.23785019,-5.75135,-5.75135,-6.52245,-5.90153,0.819484
92.2472781,-5.2942,-5.2942,-6.16813,-5.45517,1.48744
92.25019264,-5.14491,-5.14491,-6.04983,-5.30899,1.69556
92.25197045,-5.05208,-5.05208,-5.97573,-5.21802,1.8225
92.25393659,-4.94794,-4.94794,-5.8921,-5.11589,1.9629
92.25786888,-4.73512,-4.73512,-5.71971,-4.90694,2.2431
92.26573346,-4.29207,-4.29207,-5.35509,-4.47112,2.79776
92.28146261,-3.34216,-3.34216,-4.55168,-3.53392,3.85619
92.29353638,-2.56033,-2.56033,-3.87252,-2.76065,4.59623
92.29997217,-2.12638,-2.12638,-3.48969,-2.33093,4.95701
92.30314695,-1.90819,-1.90819,-3.29577,-2.11478,5.12498
92.30616136,-1.69868,-1.69868,-3.10871,-1.90718,5.27782
92.3086187,-1.52628,-1.52628,-2.95418,-1.73632,5.39757
92.31132809,-1.33459,-1.33459,-2.78174,-1.54633,5.52463
92.31674687,-0.946478,-0.946478,-2.43067,-1.16158,5.76358
92.32574759,-0.289227,-0.289227,-1.83053,-0.509779,6.11736
92.33836945,0.654533,0.654533,-0.957104,0.426884,6.52588
92.34629868,1.25802,1.25802,-0.391294,1.02667,6.7312
92.35015153,1.55363,1.55363,-0.112018,1.32073,6.81685
92.35111918,1.62787,1.62787,-0.0414507,1.3949,6.8367
92.35185988,1.68488,1.68488,0.0126732,1.45167,6.8519
92.35287906,1.76333,1.76333,0.0872907,1.52978,6.87164
92.35387759,1.84019,1.84019,0.160556,1.6065,6.89098
92.35478865,1.91032,1.91032,0.227537,1.6765,6.90753
92.35580674,1.98868,1.98868,0.302535,1.75472,6.92603
92.35676099,2.06213,2.06213,0.372968,1.82804,6.94221
92.35784643,2.14568,2.14568,0.453243,1.91151,6.96062
92.35908588,2.24095,2.24095,0.545108,2.00683,6.98041
92.36107409,2.39377,2.39377,0.692896,2.15974,7.01021
92.36479443,2.67862,2.67862,0.970732,2.44535,7.05956
92.36861604,2.9693,2.9693,1.25767,2.73751,7.10161
92.37140855,3.18009,3.18009,1.46817,2.94986,7.12681
92.3746448,3.42222,3.42222,1.71282,3.19429,7.15022
92.37561326,3.49403,3.49403,1.78603,3.26693,7.15575
92.3765454,3.56315,3.56315,1.85659,3.33685,7.16108
92.37783401,3.65809,3.65809,1.95413,3.43265,7.16652
92.37971486,3.79564,3.79564,2.0965,3.57248,7.17446
92.38317075,4.04489,4.04489,2.3577,3.82577,7.18236
92.39008253,4.52662,4.52662,2.87621,4.31751,7.17747
92.39687655,4.97351,4.97351,3.37695,4.77655,7.14611
92.39857506,5.07983,5.07983,3.50011,4.88632,7.13337
92.40214713,5.29759,5.29759,3.75642,5.11164,7.10209
92.40249726,5.31833,5.31833,3.78124,5.13315,7.09902
92.40353375,5.37975,5.37975,3.85471,5.19685,7.08842
92.40385874,5.39865,5.39865,3.87775,5.21648,7.0851
92.40447009,5.43422,5.43422,3.92071,5.25341,7.07885
92.4047743,5.45191,5.45191,3.94209,5.27179,7.07547
92.40510604,5.47091,5.47091,3.9654,5.29153,7.07178
92.40575599,5.50811,5.50811,4.01068,5.3302,7.06455
92.40655658,5.55308,5.55308,4.06646,5.37698,7.05501
92.40738688,5.59972,5.59972,4.12354,5.42549,7.04511
92.40889597,5.68256,5.68256,4.2273,5.51174,7.02583
92.41191414,5.84286,5.84286,4.4305,5.67885,6.98359
92.41696804,6.09575,6.09575,4.75826,5.94312,6.90194
92.42086476,6.2778,6.2778,4.99905,6.13393,6.82977
92.42295759,6.37101,6.37101,5.12374,6.23184,6.78713
92.42405955,6.41842,6.41842,5.18757,6.28173,6.76468
92.42508034,6.46235,6.46235,5.2467,6.32795,6.74247
92.42619116,6.50841,6.50841,5.30906,6.3765,6.71831
92.42737569,6.55753,6.55753,5.37557,6.42828,6.6909
92.42949623,6.64219,6.64219,5.49094,6.51769,6.64183
92.43373729,6.80216,6.80216,5.71143,6.68713,6.53565
92.44221943,7.08513,7.08513,6.11335,6.98893,6.29683
92.45270065,7.36754,7.36754,6.54101,7.29438,5.95466
92.46544614,7.61237,7.61237,6.96173,7.56685,5.47192
92.47974489,7.76083,7.76083,7.3071,7.7457,4.84886
92.50317061,7.72658,7.72658,7.59208,7.75897,3.66242
92.52505839,7.3981,7.3981,7.55409,7.47141,2.3919
92.54902431,6.73395,6.73395,7.19379,6.84703,0.855158
92.56862599,5.97294,5.97294,6.66666,6.11396,-0.489864
92.57856797,5.51679,5.51679,6.32329,5.67029,-1.19452
92.5841412,5.24163,5.24163,6.10945,5.40161,-1.59361
92.58605396,5.14407,5.14407,6.0326,5.30618,-1.73104
92.58781137,5.05308,5.05308,5.96049,5.21712,-1.8573
92.5913262,4.86735,4.86735,5.81204,5.03512,-2.10963
92.59835584,4.48138,4.48138,5.49872,4.6562,-2.611
92.61241512,3.65558,3.65558,4.81011,3.843,-3.58138
92.62375172,2.94141,2.94141,4.19829,3.1378,-4.31198
92.63324724,2.31308,2.31308,3.64977,2.51641,-4.87189
92.63729622,2.0373,2.0373,3.40633,2.24347,-5.09358
92.63978138,1.86585,1.86585,3.25422,2.07373,-5.22405
92.64214282,1.70147,1.70147,3.10785,1.91098,-5.34391
92.64442805,1.5411,1.5411,2.96456,1.75216,-5.45609
92.64899851,1.21671,1.21671,2.67331,1.43088,-5.6695
92.65813943,0.554671,0.554671,2.07331,0.774923,-6.0543
92.66878612,-0.235926,-0.235926,1.34762,-0.00890408,-6.43435
92.68245699,-1.27417,-1.27417,0.379186,-1.04018,-6.8181
92.68734089,-1.64987,-1.64987,0.0240511,-1.41425,-6.9271
92.68897313,-1.77592,-1.77592,-0.0956367,-1.53993,-6.95972
92.69007002,-1.86063,-1.86063,-0.176328,-1.62439,-6.98163
92.69094027,-1.92784,-1.92784,-0.240486,-1.6914,-6.99782
92.69189378,-2.00148,-2.00148,-0.31092,-1.76498,-7.01555
92.69292729,-2.08129,-2.08129,-0.387421,-1.84474,-7.03352
92.69408875,-2.17099,-2.17099,-0.473583,-1.93437,-7.05371
92.69564841,-2.29122,-2.29122,-0.589591,-2.05473,-7.07905
92.69832236,-2.49734,-2.49734,-0.78925,-2.26108,-7.1191
92.70367025,-2.90686,-2.90686,-1.19112,-2.67231,-7.18636
92.70666026,-3.1339,-3.1339,-1.41709,-2.90095,-7.21654
92.7103524,-3.41168,-3.41168,-1.69705,-3.18135,-7.2465
92.71214683,-3.54547,-3.54547,-1.83342,-3.31668,-7.25816
92.71516072,-3.76796,-3.76796,-2.06246,-3.54216,-7.27349
92.71822821,-3.99107,-3.99107,-2.29541,-3.76882,-7.28366
92.72436319,-4.42473,-4.42473,-2.75887,-4.21113,-7.28772
92.73663315,-5.22336,-5.22336,-3.66092,-5.03243,-7.232
92.74066064,-5.4631,-5.4631,-3.94748,-5.28078,-7.19535
92.74319745,-5.60786,-5.60786,-4.12478,-5.43112,-7.16766
92.74562483,-5.74169,-5.74169,-4.29162,-5.57033,-7.13789
92.74790026,-5.863,-5.863,-4.4452,-5.6967,-7.1071
92.75206463,-6.07487,-6.07487,-4.71822,-5.91784,-7.04358
92.755372,-6.23401,-6.23401,-4.92685,-6.08435,-6.98659
92.75813679,-6.36095,-6.36095,-5.09514,-6.21745,-6.93457
92.7602039,-6.45229,-6.45229,-5.21712,-6.3134,-6.89308
92.76220019,-6.53764,-6.53764,-5.33168,-6.40319,-6.85092
92.76353182,-6.59303,-6.59303,-5.40633,-6.46154,-6.82167
92.76619508,-6.70011,-6.70011,-5.55152,-6.57454,-6.76048
92.7715216,-6.89966,-6.89966,-5.82604,-6.78589,-6.62748
92.78217463,-7.24103,-7.24103,-6.31492,-7.1507,-6.32029
92.79260866,-7.50172,-7.50172,-6.7188,-7.4341,-5.96807
92.80590578,-7.73011,-7.73011,-7.12935,-7.69105,-5.44966
92.8208597,-7.85092,-7.85092,-7.45462,-7.84333,-4.77996
92.8363946,-7.82825,-7.82825,-7.64277,-7.85226,-3.99532
92.85822202,-7.55337,-7.55337,-7.65796,-7.61897,-2.75962
92.88006648,-7.01122,-7.01122,-7.39474,-7.11423,-1.39165
92.90271162,-6.19062,-6.19062,-6.8467,-6.32713,0.134371
92.91619441,-5.58595,-5.58595,-6.39478,-5.7396,1.0815
92.92221436,-5.28955,-5.28955,-6.16405,-5.45016,1.51057
92.9243733,-5.17943,-5.17943,-6.07708,-5.34242,1.66504
92.92639744,-5.07443,-5.07443,-5.99357,-5.23961,1.80986
92.92970095,-4.89954,-4.89954,-5.85333,-5.06818,2.04622
92.93630797,-4.53714,-4.53714,-5.55852,-4.71232,2.5161
92.94952201,-3.76526,-3.76526,-4.91469,-3.95216,3.42947
92.96818353,-2.58021,-2.58021,-3.8932,-2.78141,4.59778
92.9760376,-2.05081,-2.05081,-3.42637,-2.25744,5.03296
92.98047751,-1.74422,-1.74422,-3.15345,-1.95382,5.26138
92.98460805,-1.45465,-1.45465,-2.89407,-1.66698,5.46164
92.98840336,-1.18516,-1.18516,-2.65133,-1.39996,5.63519
92.99495883,-0.712589,-0.712589,-2.2227,-0.931616,5.91198
93.00578352,0.0848659,0.0848659,-1.49128,-0.140869,6.30752
93.01744722,0.963577,0.963577,-0.673946,0.73137,6.65033
93.02337123,1.41595,1.41595,-0.248281,1.18114,6.79181
93.0270947,1.7018,1.7018,0.0225401,1.46565,6.86962
93.02827404,1.79234,1.79234,0.108818,1.55608,6.89209
93.02937035,1.87664,1.87664,0.189222,1.64014,6.91298
93.03022879,1.94266,1.94266,0.252311,1.70597,6.92825
93.0312171,2.01866,2.01866,0.325081,1.78187,6.94584
93.03221715,2.09556,2.09556,0.398861,1.85868,6.96241
93.03337999,2.18499,2.18499,0.484829,1.948,6.98169
93.03491672,2.30288,2.30288,0.598723,2.06603,7.00543
93.03755268,2.5051,2.5051,0.794796,2.26838,7.04284
93.04282461,2.90674,2.90674,1.18929,2.6716,7.10511
93.04617333,3.15953,3.15953,1.44124,2.92611,7.13602
93.04996006,3.44244,3.44244,1.72713,3.21169,7.16294
93.0508783,3.51038,3.51038,1.79645,3.28042,7.16794
93.05179857,3.57847,3.57847,1.86603,3.3493,7.17295
93.05315404,3.6781,3.6781,1.96851,3.4502,7.17906
93.05526428,3.83195,3.83195,2.12806,3.60624,7.18641
93.05926083,4.11851,4.11851,2.42956,3.89763,7.19324
93.06725393,4.66789,4.66789,3.02639,4.45919,7.1793
93.07338282,5.06332,5.06332,3.4749,4.8661,7.14402
93.07766914,5.32429,5.32429,3.782,5.13608,7.10682
93.07956727,5.43542,5.43542,3.91593,5.25139,7.08652
93.08062457,5.49565,5.49565,3.98968,5.31399,7.07522
93.08163092,5.55297,5.55297,4.05987,5.37357,7.06304
93.08278313,5.61654,5.61654,4.13905,5.44028,7.0491
93.08398541,5.68287,5.68287,4.22166,5.50876,7.03346
93.08638998,5.81099,5.81099,4.38389,5.64228,6.99982
93.09119911,6.05396,6.05396,4.69793,5.89605,6.92326
93.09490543,6.22944,6.22944,4.92946,6.07985,6.8559
93.0980074,6.36862,6.36862,5.11545,6.22599,6.79398
93.09938197,6.42747,6.42747,5.19549,6.28792,6.7645
93.10064798,6.48166,6.48166,5.26788,6.34495,6.73735
93.10191356,6.5335,6.5335,5.33896,6.39961,6.7085
93.10326307,6.58877,6.58877,5.41335,6.4579,6.67773
93.10596209,6.6943,6.6943,5.55789,6.56947,6.61257
93.11136013,6.8903,6.8903,5.83066,6.77748,6.47137
93.12215621,7.22272,7.22272,6.31417,7.13376,6.14674
93.12343976,7.25642,7.25642,6.36563,7.17027,6.10343
93.12600687,7.32116,7.32116,6.46589,7.24064,6.01679
93.13114108,7.43797,7.43797,6.65377,7.36866,5.83368
93.1414095,7.61973,7.61973,6.97773,7.57262,5.43299
93.16015499,7.77597,7.77597,7.3929,7.76843,4.59057
93.18152877,7.68685,7.68685,7.5951,7.72214,3.47264
93.20507831,7.27714,7.27714,7.49676,7.35566,2.07518
93.22701782,6.62227,6.62227,7.1183,6.73642,0.645639
93.24512927,5.89893,5.89893,6.61027,6.03856,-0.606121
93.2538099,5.49708,5.49708,6.30692,5.64759,-1.22321
93.26244548,5.06456,5.06456,5.96896,5.22499,-1.84184
93.26478458,4.94193,4.94193,5.87133,5.10489,-2.00972
93.2670981,4.81844,4.81844,5.7723,4.98385,-2.17576
93.27172514,4.56517,4.56517,5.56712,4.73528,-2.50633
93.28097921,4.03466,4.03466,5.12933,4.2135,-3.15648
93.29948736,2.88737,2.88737,4.15272,3.08157,-4.36415
93.31120634,2.10695,2.10695,3.46973,2.30987,-5.03516
93.31676676,1.72321,1.72321,3.12924,1.93009,-5.32373
93.32192267,1.36044,1.36044,2.80479,1.57092,-5.57269
93.32698848,0.998038,0.998038,2.47832,1.21201,-5.79978
93.33475054,0.432443,0.432443,1.96441,0.651656,-6.11483
93.34644419,-0.439674,-0.439674,1.16206,-0.212971,-6.5166
93.35620967,-1.18284,-1.18284,0.468894,-0.950758,-6.78642
93.36058411,-1.51917,-1.51917,0.152126,-1.28519,-6.88811
93.3622519,-1.64791,-1.64791,0.0304014,-1.41329,-6.92344
93.36292165,-1.69961,-1.69961,-0.0186221,-1.46474,-6.93763
93.36389851,-1.77502,-1.77502,-0.0902606,-1.53997,-6.95704
93.36488111,-1.85096,-1.85096,-0.162479,-1.61564,-6.97657
93.36578162,-1.92056,-1.92056,-0.2288,-1.68499,-6.99341
93.36678251,-1.99792,-1.99792,-0.302664,-1.76222,-7.01213
93.36775998,-2.07347,-2.07347,-0.374948,-1.83764,-7.02923
93.36887073,-2.15932,-2.15932,-0.457263,-1.92335,-7.04866
93.37022615,-2.26392,-2.26392,-0.557952,-2.02793,-7.07097
93.37246573,-2.43675,-2.43675,-0.724879,-2.20074,-7.10539
93.37690192,-2.77749,-2.77749,-1.05739,-2.54234,-7.1647
93.38058469,-3.05826,-3.05826,-1.33505,-2.82456,-7.20501
93.38315723,-3.25262,-3.25262,-1.52984,-3.02042,-7.22839
93.38427702,-3.33722,-3.33722,-1.61462,-3.10567,-7.23711
93.38495718,-3.38818,-3.38818,-1.66627,-3.15713,-7.24242
93.38597824,-3.46469,-3.46469,-1.74379,-3.23438,-7.24923
93.38696406,-3.53803,-3.53803,-1.81864,-3.30854,-7.2558
93.38811005,-3.62328,-3.62328,-1.90565,-3.39475,-7.26189
93.38959556,-3.73296,-3.73296,-2.01848,-3.50581,-7.26978
93.39215591,-3.92015,-3.92015,-2.21294,-3.69568,-7.2795
93.39727661,-4.28634,-4.28634,-2.60051,-4.06828,-7.28756
93.40751802,-4.97535,-4.97535,-3.36211,-4.77408,-7.25889
93.41392065,-5.37065,-5.37065,-3.82402,-5.18224,-7.21106
93.41699813,-5.54995,-5.54995,-4.04097,-5.36813,-7.17997
93.4198387,-5.70894,-5.70894,-4.23754,-5.53329,-7.14668
93.42217199,-5.83483,-5.83483,-4.39598,-5.66429,-7.11606
93.42469697,-5.96638,-5.96638,-4.56398,-5.80137,-7.07963
93.42974693,-6.21523,-6.21523,-4.88758,-6.06129,-6.99664
93.43285463,-6.35912,-6.35912,-5.07775,-6.212,-6.93892
93.4343564,-6.42568,-6.42568,-5.16703,-6.28185,-6.90887
93.43526661,-6.46602,-6.46602,-5.21996,-6.32419,-6.89065
93.43613778,-6.5032,-6.5032,-5.27063,-6.36328,-6.87218
93.43749471,-6.56112,-6.56112,-5.34783,-6.42417,-6.84341
93.4388869,-6.61878,-6.61878,-5.42553,-6.48488,-6.81261
93.44167128,-6.73008,-6.73008,-5.57645,-6.60226,-6.74806
93.44724004,-6.9367,-6.9367,-5.86105,-6.82101,-6.6074
93.45837757,-7.2869,-7.2869,-6.36479,-7.1953,-6.28121
93.46864188,-7.53613,-7.53613,-6.75443,-7.46652,-5.92956
93.48271123,-7.76527,-7.76527,-7.17584,-7.72543,-5.37268
93.49990978,-7.87305,-7.87305,-7.51803,-7.86873,-4.58347
93.5154806,-7.81201,-7.81201,-7.66731,-7.83865,-3.77511
93.53548573,-7.52297,-7.52297,-7.64285,-7.58691,-2.62279
93.56104238,-6.83372,-6.83372,-7.2767,-6.94007,-0.998818
93.58660743,-5.8187,-5.8187,-6.56203,-5.9605,0.75123
93.59632198,-5.35283,-5.35283,-6.20346,-5.50616,1.4395
93.59911621,-5.21102,-5.21102,-6.09175,-5.36746,1.63919
93.60208726,-5.05661,-5.05661,-5.96897,-5.21627,1.85151
93.60515904,-4.89326,-4.89326,-5.83783,-5.05612,2.07104
93.6113026,-4.55564,-4.55564,-5.56321,-4.7246,2.50755
93.62358973,-3.83953,-3.83953,-4.96696,-4.01951,3.35836
93.64816397,-2.26614,-2.26614,-3.60686,-2.46514,4.8546
93.64927488,-2.19044,-2.19044,-3.53961,-2.3902,4.91514
93.65149671,-2.03828,-2.03828,-3.40512,-2.23957,5.03399
93.65345972,-1.90291,-1.90291,-3.28484,-2.10554,5.13615
93.65522572,-1.78033,-1.78033,-3.17562,-1.98416,5.22561
93.65685056,-1.66689,-1.66689,-3.07431,-1.87182,5.30588
93.66010023,-1.43817,-1.43817,-2.86932,-1.64529,5.46073
93.66659958,-0.97384,-0.97384,-2.45036,-1.1853,5.74847
93.67674936,-0.232286,-0.232286,-1.77393,-0.450358,6.14178
93.68813736,0.6198,0.6198,-0.986156,0.394789,6.50443
93.69609515,1.22532,1.22532,-0.419476,0.996136,6.7095
93.69994313,1.5204,1.5204,-0.141085,1.28958,6.79457
93.70116085,1.61408,1.61408,-0.0524252,1.3828,6.81934
93.70183245,1.66575,1.66575,-0.00341788,1.43421,6.833
93.70287648,1.74607,1.74607,0.072912,1.51432,6.8529
93.70412859,1.8425,1.8425,0.164681,1.61039,6.87676
93.70501437,1.91071,1.91071,0.229749,1.67836,6.89252
93.70603553,1.98935,1.98935,0.304907,1.75685,6.91067
93.70697626,2.06179,2.06179,0.374281,1.82917,6.92628
93.7080712,2.14611,2.14611,0.455187,1.91333,6.94444
93.70931692,2.24189,2.24189,0.547438,2.00909,6.96386
93.71131686,2.39567,2.39567,0.695973,2.16282,6.99308
93.71506479,2.68272,2.68272,0.975642,2.45044,7.04136
93.71886283,2.9717,2.9717,1.26058,2.74069,7.08171
93.7216419,3.18155,3.18155,1.46989,2.95193,7.10578
93.72486179,3.42254,3.42254,1.7131,3.19504,7.12794
93.72582941,3.49433,3.49433,1.78618,3.26759,7.13314
93.7267657,3.56378,3.56378,1.857,3.3378,7.13817
93.72805575,3.65886,3.65886,1.95457,3.43401,7.14389
93.7299486,3.79735,3.79735,2.09773,3.57433,7.15052
93.73343322,4.04874,4.04874,2.36086,3.8296,7.15726
93.74040246,4.53442,4.53442,2.88316,4.325,7.14979
93.74682618,4.95762,4.95762,3.35644,4.75928,7.11843
93.74843212,5.05863,5.05863,3.47298,4.86343,7.10622
93.75164398,5.25592,5.25592,3.7039,5.06726,7.07836
93.75398078,5.39482,5.39482,3.86972,5.21114,7.05451
93.75453308,5.42685,5.42685,3.90846,5.24438,7.04887
93.75529732,5.47116,5.47116,3.96206,5.29036,7.04023
93.75575862,5.49743,5.49743,3.99442,5.31764,7.03501
93.75649184,5.53918,5.53918,4.0453,5.36101,7.02617
93.75726064,5.58195,5.58195,4.09866,5.40547,7.0169
93.75850671,5.65127,5.65127,4.18431,5.47752,7.00095
93.7609805,5.78446,5.78446,4.35194,5.61614,6.96679
93.76513279,5.99739,5.99739,4.62528,5.8382,6.90209
93.76984787,6.22355,6.22355,4.92187,6.07471,6.81757
93.77253489,6.34515,6.34515,5.08374,6.2022,6.76419
93.77472138,6.44026,6.44026,5.21135,6.3021,6.718
93.77675695,6.52575,6.52575,5.32669,6.39206,6.67279
93.77820781,6.58491,6.58491,5.40689,6.45439,6.63927
93.78110955,6.69883,6.69883,5.56237,6.57466,6.56907
93.78691301,6.90924,6.90924,5.85451,6.79771,6.41612
93.79718551,7.22538,7.22538,6.31304,7.13607,6.10565
93.79854607,7.26124,7.26124,6.36757,7.17486,6.06031
93.80126718,7.32999,7.32999,6.47365,7.24945,5.96758
93.8067094,7.45325,7.45325,6.67159,7.38435,5.77248
93.81759383,7.64151,7.64151,7.00933,7.59565,5.34383
93.8199697,7.67045,7.67045,7.07091,7.62957,5.24234
93.82472144,7.71954,7.71954,7.18527,7.68859,5.03383
93.83422493,7.77605,7.77605,7.37209,7.76468,4.59129
93.85323189,7.72169,7.72169,7.57584,7.74806,3.60913
93.87213637,7.45394,7.45394,7.55907,7.51537,2.51705
93.8953423,6.85271,6.85271,7.25368,6.95288,1.0461
93.91559056,6.10121,6.10121,6.74577,6.23065,-0.330412
93.92695206,5.59296,5.59296,6.36725,5.73683,-1.13111
93.9325158,5.32258,5.32258,6.15839,5.47298,-1.52814
93.93447361,5.22419,5.22419,6.08132,5.37679,-1.66837
93.93629712,5.13108,5.13108,6.0079,5.28571,-1.79899
93.93994414,4.94078,4.94078,5.8565,5.09932,-2.06021
93.94723817,4.54442,4.54442,5.53588,4.71034,-2.57933
93.96182625,3.69324,3.69324,4.82759,3.87237,-3.58318
93.97341002,2.96614,2.96614,4.20538,3.15457,-4.32566
93.9831256,2.32464,2.32464,3.64569,2.5203,-4.89348
93.98720193,2.04739,2.04739,3.40107,2.24598,-5.11418
93.99037435,1.82855,1.82855,3.20689,2.02939,-5.27798
93.99293157,1.65029,1.65029,3.04804,1.85292,-5.4048
93.99555474,1.46578,1.46578,2.883,1.67025,-5.5301
94.00080109,1.09204,1.09204,2.54686,1.30017,-5.7665
94.01129379,0.327669,0.327669,1.8521,0.542953,-6.18487
94.02168215,-0.448328,-0.448328,1.13739,-0.226324,-6.52971
94.03051812,-1.12058,-1.12058,0.510708,-0.893481,-6.76991
94.03485814,-1.45404,-1.45404,0.197098,-1.22486,-6.87022
94.03821461,-1.71301,-1.71301,-0.0478164,-1.48245,-6.9399
94.03923883,-1.79203,-1.79203,-0.122947,-1.5613,-6.9595
94.0401735,-1.86428,-1.86428,-0.191661,-1.63327,-6.97739
94.04105561,-1.93246,-1.93246,-0.256641,-1.70118,-6.99325
94.04204988,-2.00931,-2.00931,-0.330028,-1.77787,-7.01112
94.04305381,-2.08691,-2.08691,-0.404282,-1.85531,-7.02795
94.04420079,-2.17556,-2.17556,-0.4893,-1.94377,-7.04718
94.04571829,-2.29263,-2.29263,-0.602071,-2.06082,-7.07094
94.04831808,-2.49319,-2.49319,-0.795999,-2.26134,-7.10843
94.05351767,-2.89182,-2.89182,-1.18627,-2.66105,-7.17132
94.05683648,-3.14409,-3.14409,-1.43682,-2.91471,-7.20305
94.06058887,-3.42657,-3.42657,-1.72107,-3.19943,-7.23109
94.06243132,-3.564,-3.564,-1.86094,-3.33824,-7.24183
94.06376254,-3.66267,-3.66267,-1.962,-3.43801,-7.24835
94.06581835,-3.81388,-3.81388,-2.11806,-3.59112,-7.2564
94.06967904,-4.0935,-4.0935,-2.41068,-3.87491,-7.26489
94.0774004,-4.63127,-4.63127,-2.99067,-4.42335,-7.2563
94.08337996,-5.02404,-5.02404,-3.43178,-4.82637,-7.22648
94.08487486,-5.11801,-5.11801,-3.54046,-4.92321,-7.21526
94.08786464,-5.30181,-5.30181,-3.7559,-5.11297,-7.18986
94.0899338,-5.42525,-5.42525,-3.90321,-5.2407,-7.16942
94.09042189,-5.4537,-5.4537,-3.93762,-5.27018,-7.16459
94.09131481,-5.50574,-5.50574,-4.00058,-5.32411,-7.15476
94.09208771,-5.54986,-5.54986,-4.05456,-5.36986,-7.14625
94.09286154,-5.59402,-5.59402,-4.10861,-5.41567,-7.13695
94.09413841,-5.66545,-5.66545,-4.19693,-5.48981,-7.12161
94.09669215,-5.80443,-5.80443,-4.37103,-5.63421,-7.08774
94.10097327,-6.02621,-6.02621,-4.65435,-5.8651,-7.02317
94.104693,-6.20783,-6.20783,-4.89088,-6.05463,-6.95922
94.10776482,-6.35022,-6.35022,-5.07874,-6.20356,-6.90095
94.10995201,-6.44748,-6.44748,-5.20812,-6.30547,-6.85649
94.11191877,-6.53205,-6.53205,-5.3212,-6.39423,-6.81441
94.11314874,-6.58357,-6.58357,-5.39034,-6.44836,-6.7871
94.115484,-6.67849,-6.67849,-5.51839,-6.54825,-6.73314
94.12015452,-6.85708,-6.85708,-5.7622,-6.73673,-6.61707
94.12949556,-7.16972,-7.16972,-6.2031,-7.06908,-6.35318
94.13078263,-7.2076,-7.2076,-6.25843,-7.10967,-6.31251
94.13335677,-7.28069,-7.28069,-6.36643,-7.18816,-6.23115
94.13850505,-7.41414,-7.41414,-6.56968,-7.33237,-6.05844
94.14580558,-7.57356,-7.57356,-6.82813,-7.50698,-5.79336
94.16040663,-7.78823,-7.78823,-7.24096,-7.75165,-5.19541
94.17450278,-7.86614,-7.86614,-7.50966,-7.85789,-4.5377
94.19119805,-7.7992,-7.7992,-7.66653,-7.82329,-3.66603
94.21007523,-7.52474,-7.52474,-7.63975,-7.58314,-2.57402
94.23469844,-6.87173,-6.87173,-7.2963,-6.97023,-1.01065
94.26265359,-5.76554,-5.76554,-6.51584,-5.90196,0.899298
94.27229835,-5.29917,-5.29917,-6.15468,-5.44671,1.58097
94.2758587,-5.11662,-5.11662,-6.00995,-5.268,1.83415
94.27929746,-4.93534,-4.93534,-5.86462,-5.09029,2.07867
94.28267166,-4.7529,-4.7529,-5.71688,-4.91123,2.31788
94.28942006,-4.3751,-4.3751,-5.40673,-4.53983,2.79179
94.30291686,-3.57159,-3.57159,-4.73105,-3.74788,3.70381
94.31356552,-2.89595,-2.89595,-4.14893,-3.08042,4.37221
94.32249702,-2.30345,-2.30345,-3.62968,-2.49436,4.88419
94.32623327,-2.049,-2.049,-3.40444,-2.24253,5.08321
94.32930386,-1.83719,-1.83719,-3.21596,-2.03284,5.23943
94.33179277,-1.66379,-1.66379,-3.06105,-1.86115,5.36109
94.33436187,-1.48327,-1.48327,-2.8992,-1.6824,5.48204
94.33950007,-1.11784,-1.11784,-2.56981,-1.32047,5.71027
94.34977646,-0.371209,-0.371209,-1.88995,-0.580718,6.11414
94.3601403,0.400187,0.400187,-1.17844,0.184061,6.45262
94.36950122,1.10969,1.10969,-0.515981,0.888222,6.70032
94.37403255,1.45655,1.45655,-0.189132,1.23295,6.80067
94.37747015,1.72074,1.72074,0.0612492,1.4959,6.86839
94.37852621,1.8019,1.8019,0.13857,1.57669,6.88743
94.37949052,1.87611,1.87611,0.209329,1.6507,6.90481
94.38039375,1.94562,1.94562,0.275735,1.72002,6.92003
94.38137656,2.02126,2.02126,0.348129,1.79545,6.93658
94.38240736,2.10059,2.10059,0.424209,1.87457,6.95266
94.38357875,2.19073,2.19073,0.510846,1.9645,6.97094
94.38523581,2.31792,2.31792,0.633723,2.09171,6.99487
94.38814643,2.54131,2.54131,0.8504,2.31517,7.03289
94.39396767,2.98446,2.98446,1.28648,2.75979,7.09373
94.3966415,3.18612,3.18612,1.48782,2.96269,7.11491
94.40000225,3.43735,3.43735,1.74158,3.21598,7.13553
94.4008891,3.50304,3.50304,1.80854,3.28234,7.1396
94.40189323,3.57742,3.57742,1.88444,3.35747,7.14421
94.40336889,3.68595,3.68595,1.99599,3.46725,7.14953
94.40570542,3.85627,3.85627,2.1726,3.63977,7.15535
94.41035325,4.18849,4.18849,2.52284,3.97723,7.15753
94.41964889,4.81901,4.81901,3.21326,4.62145,7.12494
94.42655407,5.25158,5.25158,3.71208,5.0667,7.06929
94.4295761,5.4301,5.4301,3.92555,5.25128,7.0366
94.43123035,5.52483,5.52483,4.0409,5.34941,7.01658
94.43279651,5.6125,5.6125,4.14897,5.44032,6.99625
94.43460235,5.71114,5.71114,4.27207,5.54272,6.97116
94.43650845,5.81247,5.81247,4.40012,5.64801,6.94278
94.44032064,6.00676,6.00676,4.64971,5.85024,6.88021
94.44580169,6.26716,6.26716,4.99125,6.12208,6.77688
94.4481762,6.37315,6.37315,5.13239,6.23303,6.72725
94.44951303,6.43044,6.43044,5.20992,6.29311,6.69761
94.45076833,6.48423,6.48423,5.28142,6.34953,6.66977
94.45218185,6.54281,6.54281,5.36043,6.41106,6.63643
94.45371434,6.60473,6.60473,5.44431,6.47618,6.60029
94.45677933,6.72367,6.72367,5.60664,6.60152,6.52338
94.46290931,6.94214,6.94214,5.91047,6.83272,6.3557
94.47304729,7.2473,7.2473,6.35481,7.15883,6.03902
94.47442474,7.28274,7.28274,6.40899,7.1971,5.9918
94.47717965,7.35057,7.35057,6.51429,7.27058,5.89526
94.48268947,7.47164,7.47164,6.71037,7.40292,5.69242
94.49370911,7.65419,7.65419,7.04303,7.60778,5.24779
94.5129967,7.78572,7.78572,7.43653,7.77741,4.35319
94.53246709,7.68387,7.68387,7.59572,7.71215,3.31456
94.55275683,7.33948,7.33948,7.51639,7.40313,2.10714
94.57504094,6.70058,6.70058,7.15607,6.79896,0.661158
94.59303404,6.00044,6.00044,6.66855,6.12323,-0.578102
94.60187425,5.59962,5.59962,6.36758,5.73314,-1.20455
94.6107622,5.16171,5.16171,6.02657,5.30512,-1.83944
94.61315538,5.03797,5.03797,5.9283,5.1839,-2.01073
94.61552967,4.91286,4.91286,5.82819,5.06123,-2.18067
94.62027825,4.65594,4.65594,5.62042,4.809,-2.51893
94.6297754,4.11657,4.11657,5.17578,4.27833,-3.18362
94.6487697,2.94597,2.94597,4.17949,3.12322,-4.41289
94.6574279,2.37469,2.37469,3.6807,2.55837,-4.91298
94.66198602,2.06519,2.06519,3.40755,2.25216,-5.15757
94.66632942,1.76513,1.76513,3.14092,1.95518,-5.37733
94.66954348,1.54003,1.54003,2.93979,1.73236,-5.53146
94.67306091,1.29088,1.29088,2.7161,1.4857,-5.69196
94.68009576,0.784474,0.784474,2.25818,0.984219,-5.98818
94.68836743,0.176539,0.176539,1.70296,0.381966,-6.29538
94.7026015,-0.895045,-0.895045,0.710381,-0.680604,-6.72322
94.70917518,-1.39867,-1.39867,0.237509,-1.18086,-6.87835
94.71298421,-1.69238,-1.69238,-0.0402614,-1.4729,-6.9561
94.7142117,-1.78703,-1.78703,-0.130332,-1.56737,-6.97889
94.7152433,-1.86675,-1.86675,-0.206225,-1.64677,-6.99804
94.71613226,-1.93545,-1.93545,-0.271762,-1.71519,-7.01343
94.71710515,-2.01064,-2.01064,-0.343627,-1.79021,-7.03028
94.71814719,-2.09116,-2.09116,-0.420759,-1.87056,-7.04703
94.71933674,-2.18309,-2.18309,-0.509007,-1.96228,-7.06617
94.72107181,-2.31686,-2.31686,-0.638085,-2.09608,-7.092
94.72415944,-2.55489,-2.55489,-0.868775,-2.33402,-7.13352
94.72923951,-2.94374,-2.94374,-1.25072,-2.72399,-7.18947
94.73192087,-3.14734,-3.14734,-1.45336,-2.92869,-7.21283
94.73527286,-3.39975,-3.39975,-1.7074,-3.18297,-7.23608
94.73715568,-3.54032,-3.54032,-1.85039,-3.32483,-7.24624
94.738448,-3.63619,-3.63619,-1.94853,-3.42138,-7.25131
94.74032429,-3.77443,-3.77443,-2.09102,-3.56155,-7.25868
94.74376143,-4.02428,-4.02428,-2.35176,-3.81482,-7.26559
94.75063572,-4.50778,-4.50778,-2.86968,-4.30696,-7.25913
94.75849163,-5.02711,-5.02711,-3.45026,-4.83884,-7.2191
94.76330977,-5.325,-5.325,-3.79781,-5.1457,-7.17754
94.76554827,-5.45754,-5.45754,-3.95656,-5.28264,-7.15387
94.76683001,-5.53166,-5.53166,-4.04622,-5.35932,-7.13866
94.76804788,-5.60086,-5.60086,-4.1314,-5.43097,-7.12421
94.76965984,-5.69063,-5.69063,-4.24259,-5.52399,-7.10329
94.77157364,-5.79455,-5.79455,-4.37283,-5.63177,-7.07664
94.77540123,-5.99396,-5.99396,-4.62693,-5.83893,-7.0175
94.7830564,-6.3604,-6.3604,-5.1048,-6.22089,-6.87625
94.78579136,-6.48104,-6.48104,-5.26511,-6.34708,-6.81843
94.78825973,-6.58537,-6.58537,-5.40487,-6.45643,-6.76297
94.79049367,-6.67613,-6.67613,-5.5273,-6.55173,-6.71013
94.79297115,-6.77276,-6.77276,-5.65865,-6.65338,-6.64861
94.79792612,-6.95341,-6.95341,-5.90787,-6.84406,-6.51653
94.80638938,-7.22352,-7.22352,-6.29358,-7.13123,-6.26374
94.8182979,-7.52247,-7.52247,-6.75403,-7.45399,-5.85228
94.83126124,-7.74178,-7.74178,-7.14879,-7.69892,-5.33415
94.84651281,-7.86131,-7.86131,-7.47429,-7.84801,-4.63766
94.86258377,-7.82997,-7.82997,-7.65829,-7.8468,-3.81114
94.88303623,-7.56736,-7.56736,-7.66421,-7.62022,-2.63938
94.90686657,-6.96736,-6.96736,-7.36444,-7.0579,-1.13407
94.93100826,-6.06489,-6.06489,-6.74696,-6.18795,0.507408
94.94185459,-5.56895,-5.56895,-6.37176,-5.70462,1.27263
94.95284352,-5.01447,-5.01447,-5.93424,-5.16163,2.05284
94.95578816,-4.85729,-4.85729,-5.80743,-5.0073,2.26192
94.95871171,-4.69783,-4.69783,-5.67771,-4.85058,2.46883
94.96455881,-4.36926,-4.36926,-5.40727,-4.52724,2.87878
94.97625301,-3.67595,-3.67595,-4.82464,-3.84352,3.67121
94.98759218,-2.96119,-2.96119,-4.20977,-3.13717,4.38637
94.99682908,-2.35066,-2.35066,-3.67498,-2.53308,4.91563
95.00069296,-2.08818,-2.08818,-3.44264,-2.27321,5.12076
95.00439258,-1.83322,-1.83322,-3.21567,-2.02074,5.30733
95.00722127,-1.63601,-1.63601,-3.03927,-1.82542,5.4434
95.01029948,-1.41927,-1.41927,-2.84461,-1.61073,5.58508
95.01645589,-0.979604,-0.979604,-2.44721,-1.17515,5.84908
95.0241286,-0.421082,-0.421082,-1.93782,-0.62166,6.14308
95.0368762,0.528531,0.528531,-1.06069,0.319992,6.54836
95.04568859,1.19778,1.19778,-0.434146,0.984461,6.76893
95.04990986,1.52119,1.52119,-0.128698,1.30601,6.85752
95.05138553,1.63468,1.63468,-0.0211557,1.41889,6.88561
95.05203942,1.68496,1.68496,0.0266177,1.4689,6.89806
95.05305836,1.76332,1.76332,0.101199,1.54702,6.91616
95.05405202,1.83974,1.83974,0.174088,1.6232,6.93382
95.05495832,1.90949,1.90949,0.240701,1.69268,6.94884
95.0559597,1.98655,1.98655,0.314446,1.76957,6.96544
95.05694584,2.06244,2.06244,0.387211,1.84529,6.98059
95.05806639,2.14868,2.14868,0.470063,1.93133,6.9978
95.05945432,2.2553,2.2553,0.572925,2.0379,7.01765
95.06176158,2.43255,2.43255,0.744479,2.21506,7.04808
95.06637611,2.78518,2.78518,1.08946,2.5684,7.09936
95.07009192,3.06687,3.06687,1.3688,2.85137,7.13142
95.07352213,3.32453,3.32453,1.62771,3.11082,7.15374
95.07424188,3.37817,3.37817,1.68204,3.16493,7.15733
95.07523993,3.45254,3.45254,1.75754,3.23995,7.16231
95.07742949,3.61448,3.61448,1.92317,3.40353,7.17071
95.07902195,3.73131,3.73131,2.04363,3.5217,7.17507
95.08182057,3.9344,3.9344,2.25518,3.72749,7.17914
95.08741782,4.33047,4.33047,2.67637,4.13013,7.17375
95.09861231,5.06832,5.06832,3.49998,4.88542,7.10978
95.10305429,5.33801,5.33801,3.81733,5.16346,7.06496
95.10550023,5.48024,5.48024,3.9891,5.3105,7.03563
95.10711484,5.57154,5.57154,4.10111,5.40504,7.01379
95.10868865,5.65853,5.65853,4.20912,5.4952,6.9925
95.11028187,5.74458,5.74458,4.31716,5.58446,6.9689
95.1134683,5.91076,5.91076,4.52895,5.75709,6.91761
95.11984116,6.22026,6.22026,4.93251,6.07951,6.79902
95.12256701,6.34351,6.34351,5.0963,6.2083,6.74182
95.12404728,6.40818,6.40818,5.18287,6.27598,6.70869
95.12527629,6.46018,6.46018,5.25342,6.33048,6.68118
95.12646123,6.51031,6.51031,5.3203,6.38302,6.65311
95.12771958,6.56193,6.56193,5.39009,6.43719,6.62329
95.13023627,6.66184,6.66184,5.52596,6.54221,6.56052
95.13526965,6.84851,6.84851,5.78341,6.73908,6.42559
95.14533641,7.16992,7.16992,6.24396,7.08077,6.11918
95.15549735,7.425,7.425,6.63809,7.35614,5.76228
95.16990602,7.66948,7.66948,7.07921,7.629,5.179
95.18422303,7.77906,7.77906,7.38368,7.76617,4.51586
95.20737345,7.68638,7.68638,7.60234,7.71602,3.28829
95.22699028,7.35889,7.35889,7.53174,7.42181,2.11699
95.24968897,6.71553,6.71553,7.17298,6.81288,0.640589
95.26765411,6.02009,6.02009,6.69039,6.1411,-0.599953
95.27639593,5.62557,5.62557,6.3949,5.75687,-1.22077
95.28511176,5.19837,5.19837,6.06306,5.33909,-1.84454
95.28747001,5.07712,5.07712,5.96701,5.22024,-2.01363
95.2898036,4.95486,4.95486,5.86943,5.10031,-2.18094
95.2944708,4.70383,4.70383,5.66692,4.85375,-2.51402
95.30380519,4.17691,4.17691,5.23362,4.33516,-3.16887
95.32247396,3.03347,3.03347,4.2628,3.20654,-4.3833
95.33245403,2.37711,2.37711,3.69036,2.55739,-4.95913
95.33729424,2.04832,2.04832,3.40011,2.232,-5.2162
95.34192248,1.72811,1.72811,3.11538,1.915,-5.44703
95.34570705,1.46231,1.46231,2.87757,1.65181,-5.62479
95.34997405,1.15862,1.15862,2.60433,1.35106,-5.81351
95.35850805,0.539733,0.539733,2.04268,0.737994,-6.15501
95.36862785,-0.211596,-0.211596,1.3527,-0.00665511,-6.49955
95.38003556,-1.07672,-1.07672,0.547389,-0.865012,-6.81117
95.38511536,-1.46689,-1.46689,0.180186,-1.25273,-6.92404
95.38869931,-1.74347,-1.74347,-0.081757,-1.52784,-6.99418
95.38983049,-1.83076,-1.83076,-0.164902,-1.61495,-7.01439
95.39072912,-1.90021,-1.90021,-0.231106,-1.68416,-7.03044
95.39169005,-1.97448,-1.97448,-0.30204,-1.75816,-7.04645
95.3926784,-2.05087,-2.05087,-0.375147,-1.83439,-7.06292
95.39380715,-2.13812,-2.13812,-0.45882,-1.92144,-7.0802
95.39522099,-2.24739,-2.24739,-0.563885,-2.03048,-7.10184
95.39756847,-2.4285,-2.4285,-0.738943,-2.21153,-7.13432
95.40226343,-2.78911,-2.78911,-1.09111,-2.57272,-7.18943
95.40597417,-3.07191,-3.07191,-1.37111,-2.85671,-7.22372
95.4093644,-3.32803,-3.32803,-1.62794,-3.11449,-7.24793
95.41108147,-3.45674,-3.45674,-1.75838,-3.24427,-7.25762
95.41329205,-3.62124,-3.62124,-1.9263,-3.41036,-7.26755
95.41494513,-3.74325,-3.74325,-2.05187,-3.53372,-7.27312
95.41788578,-3.95787,-3.95787,-2.27517,-3.75108,-7.27911
95.42376708,-4.37587,-4.37587,-2.71965,-4.17589,-7.27621
95.43552968,-5.15078,-5.15078,-3.5871,-4.969,-7.21201
95.4399788,-5.41953,-5.41953,-3.90503,-5.24596,-7.16766
95.44250805,-5.56573,-5.56573,-4.08251,-5.39701,-7.13761
95.44491847,-5.70041,-5.70041,-4.24895,-5.53638,-7.10574
95.4473079,-5.82944,-5.82944,-4.41101,-5.67009,-7.07107
95.45004868,-5.97205,-5.97205,-4.59287,-5.8181,-7.02756
95.45553024,-6.24055,-6.24055,-4.94171,-6.09743,-6.92874
95.45809869,-6.35882,-6.35882,-5.09778,-6.22078,-6.87705
95.45945954,-6.41907,-6.41907,-5.17844,-6.28373,-6.84794
95.46046808,-6.46372,-6.46372,-5.2369,-6.33039,-6.82637
95.46138665,-6.50295,-6.50295,-5.29015,-6.37143,-6.80567
95.46256954,-6.55345,-6.55345,-5.35724,-6.42429,-6.77902
95.46432974,-6.62624,-6.62624,-5.45505,-6.50057,-6.73765
95.46785012,-6.76539,-6.76539,-5.64355,-6.64669,-6.65027
95.4748909,-7.01824,-7.01824,-5.99341,-6.91344,-6.45734
95.47636227,-7.06607,-7.06607,-6.06124,-6.96417,-6.41346
95.47930501,-7.15823,-7.15823,-6.19333,-7.06212,-6.32324
95.48519049,-7.32581,-7.32581,-6.44061,-7.24124,-6.13121
95.49696146,-7.59249,-7.59249,-6.86653,-7.53084,-5.70099
95.51705897,-7.84013,-7.84013,-7.38566,-7.81688,-4.83369
95.53539149,-7.84394,-7.84394,-7.63525,-7.85449,-3.9094
95.55444915,-7.63293,-7.63293,-7.67522,-7.67664,-2.83046
95.57345475,-7.21616,-7.21616,-7.50122,-7.29028,-1.65249
95.59431678,-6.53878,-6.53878,-7.07803,-6.64252,-0.265604
95.60955186,-5.90894,-5.90894,-6.6239,-6.03153,0.795254
95.61645334,-5.58802,-5.58802,-6.3795,-5.71834,1.28567
95.61902372,-5.46303,-5.46303,-6.28188,-5.59611,1.46954
95.62003109,-5.41306,-5.41306,-6.24362,-5.54719,1.5416
95.62097761,-5.36611,-5.36611,-6.20623,-5.50122,1.6094
95.62287065,-5.27068,-5.27068,-6.13146,-5.40773,1.745
95.62665672,-5.07544,-5.07544,-5.97618,-5.21623,2.01619
95.63422886,-4.66803,-4.66803,-5.64654,-4.81588,2.55501
95.64937314,-3.79057,-3.79057,-4.91549,-3.95099,3.59519
95.66123945,-3.04933,-3.04933,-4.28003,-3.2185,4.35154
95.67120441,-2.39394,-2.39394,-3.70708,-2.56996,4.9278
95.67534515,-2.11331,-2.11331,-3.45895,-2.29209,5.1488
95.67930788,-1.84055,-1.84055,-3.2163,-2.02196,5.34905
95.6822643,-1.63453,-1.63453,-3.0321,-1.81789,5.49118
95.68546414,-1.40923,-1.40923,-2.82978,-1.5947,5.6381
95.69186383,-0.951965,-0.951965,-2.41647,-1.14164,5.91104
95.69926636,-0.412887,-0.412887,-1.92482,-0.607378,6.19299
95.71357237,0.654186,0.654186,-0.93841,0.450872,6.63875
95.72196369,1.29248,1.29248,-0.339821,1.08483,6.84043
95.72597325,1.59984,1.59984,-0.0490649,1.39055,6.92137
95.72715167,1.69047,1.69047,0.0369391,1.48078,6.94297
95.72798666,1.75469,1.75469,0.0980189,1.54471,6.95828
95.72894876,1.82868,1.82868,0.168535,1.61837,6.97477
95.7298741,1.89985,1.89985,0.236491,1.68938,6.99063
95.73087518,1.97684,1.97684,0.310155,1.7662,7.00661
95.73187047,2.05338,2.05338,0.383538,1.84257,7.02249
95.73299821,2.14012,2.14012,0.466858,1.92911,7.03894
95.73441575,2.24896,2.24896,0.571839,2.03789,7.05961
95.73678438,2.43083,2.43083,0.747844,2.21965,7.09063
95.74152166,2.79262,2.79262,1.10182,2.58214,7.14256
95.74521607,3.07246,3.07246,1.37942,2.86323,7.17375
95.74859688,3.32621,3.32621,1.63446,3.11871,7.19518
95.74933585,3.38124,3.38124,1.69021,3.17421,7.19875
95.75032149,3.45463,3.45463,1.76472,3.24823,7.20351
95.75255129,3.6194,3.6194,1.93329,3.41464,7.21168
95.75424597,3.74357,3.74357,2.06141,3.54022,7.21595
95.75728151,3.96335,3.96335,2.29067,3.76289,7.21941
95.76335258,4.39069,4.39069,2.74668,4.19737,7.21038
95.77549473,5.17869,5.17869,3.6342,5.00442,7.12985
95.77956283,5.42023,5.42023,3.92194,5.25346,7.08445
95.78204115,5.56126,5.56126,4.09413,5.39923,7.05232
95.78440347,5.6912,5.6912,4.25561,5.53373,7.01858
95.78663132,5.80972,5.80972,4.40524,5.65659,6.98401
95.78994279,5.97885,5.97885,4.62226,5.83219,6.92774
95.79656574,6.29268,6.29268,5.0337,6.15903,6.79794
95.7988095,6.39173,6.39173,5.16579,6.2625,6.74879
95.80031693,6.45625,6.45625,5.25233,6.32999,6.71376
95.8017665,6.51677,6.51677,5.33385,6.39336,6.68008
95.80331273,6.57971,6.57971,5.41897,6.45934,6.64238
95.80582149,6.67827,6.67827,5.55314,6.56284,6.57866
95.810839,6.86235,6.86235,5.80735,6.75677,6.44189
95.82087402,7.17896,7.17896,6.262,7.09298,6.13208
95.83088362,7.42716,7.42716,6.64661,7.36056,5.77659
95.84553336,7.67093,7.67093,7.08953,7.6323,5.17771
95.86036825,7.77622,7.77622,7.39595,7.76528,4.48275
95.88225441,7.68168,7.68168,7.59461,7.70969,3.31362
95.90123545,7.36946,7.36946,7.53032,7.42875,2.1783
95.9237094,6.7428,6.7428,7.18515,6.83528,0.715913
95.9418869,6.04708,6.04708,6.70468,6.16285,-0.540509
95.95104155,5.63646,5.63646,6.39765,5.76267,-1.19193
95.95676542,5.36038,5.36038,6.18451,5.49267,-1.60305
95.95867444,5.26509,5.26509,6.10989,5.39932,-1.74061
95.96042069,5.17657,5.17657,6.04012,5.31254,-1.86643
95.9639132,4.99574,4.99574,5.89636,5.13511,-2.11788
95.97089823,4.61951,4.61951,5.59242,4.7653,-2.6175
95.98486827,3.81277,3.81277,4.92249,3.97012,-3.58476
95.99617635,3.11069,3.11069,4.32318,3.27641,-4.31621
96.00564376,2.49212,2.49212,3.78492,2.66441,-4.87689
96.00969485,2.21936,2.21936,3.54489,2.39439,-5.09977
96.01214321,2.05231,2.05231,3.39712,2.22897,-5.22897
96.01446632,1.89234,1.89234,3.2551,2.07055,-5.34757
96.01675418,1.73346,1.73346,3.11357,1.91319,-5.46058
96.02114584,1.42494,1.42494,2.8374,1.6076,-5.6672
96.02992917,0.795057,0.795057,2.26844,0.983552,-6.04152
96.04081293,-0.00634769,-0.00634769,1.53524,0.189221,-6.43591
96.05398915,-1.00126,-1.00126,0.611145,-0.797898,-6.81363
96.05991459,-1.45564,-1.45564,0.183732,-1.24948,-6.94836
96.06388056,-1.76144,-1.76144,-0.106005,-1.55371,-7.02651
96.06515183,-1.85946,-1.85946,-0.199466,-1.65157,-7.04923
96.06593519,-1.91997,-1.91997,-0.257191,-1.71187,-7.06323
96.06687774,-1.99277,-1.99277,-0.326775,-1.78443,-7.07891
96.06793591,-2.07451,-2.07451,-0.405056,-1.86599,-7.09652
96.06913934,-2.16747,-2.16747,-0.494286,-1.95875,-7.11475
96.07089713,-2.30293,-2.30293,-0.624992,-2.09424,-7.14138
96.07402624,-2.54407,-2.54407,-0.858687,-2.33526,-7.18305
96.07921302,-2.9409,-2.9409,-1.24855,-2.73315,-7.23926
96.0819224,-3.14652,-3.14652,-1.45327,-2.93981,-7.26227
96.08531659,-3.40194,-3.40194,-1.71048,-3.19703,-7.28497
96.08719091,-3.54176,-3.54176,-1.8528,-3.33809,-7.29461
96.08849022,-3.63809,-3.63809,-1.95146,-3.43537,-7.29935
96.09041659,-3.77988,-3.77988,-2.09773,-3.57874,-7.30638
96.09396861,-4.03771,-4.03771,-2.36711,-3.83995,-7.31237
96.10107265,-4.53585,-4.53585,-2.90189,-4.34666,-7.30265
96.10716853,-4.94079,-4.94079,-3.35341,-4.76076,-7.27152
96.1086925,-5.03778,-5.03778,-3.46474,-4.86033,-7.25982
96.11174044,-5.22759,-5.22759,-3.6855,-5.05551,-7.23333
96.11350801,-5.33467,-5.33467,-3.81182,-5.16583,-7.2154
96.11446385,-5.39122,-5.39122,-3.88013,-5.22418,-7.20571
96.11540897,-5.44713,-5.44713,-3.94692,-5.28187,-7.19509
96.1158191,-5.47089,-5.47089,-3.9759,-5.30641,-7.19049
96.11651392,-5.51114,-5.51114,-4.02458,-5.34799,-7.18216
96.11724841,-5.55283,-5.55283,-4.07604,-5.39109,-7.17336
96.11825309,-5.60986,-5.60986,-4.14585,-5.45004,-7.16011
96.12026247,-5.7209,-5.7209,-4.28396,-5.56494,-7.13361
96.12355998,-5.89632,-5.89632,-4.50579,-5.74672,-7.08455
96.13015502,-6.22276,-6.22276,-4.92843,-6.08593,-6.96922
96.13298837,-6.35323,-6.35323,-5.10063,-6.2219,-6.9127
96.13452735,-6.42167,-6.42167,-5.19163,-6.29334,-6.87976
96.13577937,-6.47559,-6.47559,-5.26427,-6.34969,-6.85297
96.13698397,-6.52746,-6.52746,-5.33299,-6.40391,-6.82557
96.13826301,-6.58087,-6.58087,-5.4047,-6.45981,-6.79648
96.14082108,-6.68429,-6.68429,-5.54431,-6.5682,-6.73504
96.14593722,-6.87765,-6.87765,-5.80888,-6.77149,-6.60245
96.15616951,-7.21109,-7.21109,-6.28235,-7.12468,-6.29946
96.16665995,-7.48011,-7.48011,-6.69357,-7.41378,-5.93839
96.17961323,-7.71221,-7.71221,-7.10091,-7.6704,-5.42595
96.19488278,-7.84682,-7.84682,-7.44177,-7.83338,-4.73404
96.21063025,-7.83254,-7.83254,-7.63871,-7.84741,-3.9295
96.23214576,-7.5734,-7.5734,-7.66242,-7.62458,-2.70045
96.25470854,-7.02272,-7.02272,-7.39685,-7.10811,-1.27697
96.27793503,-6.18262,-6.18262,-6.83305,-6.29822,0.299085
96.29106346,-5.59376,-5.59376,-6.39121,-5.72399,1.22518
96.29763749,-5.26982,-5.26982,-6.13812,-5.40669,1.69441
96.29995267,-5.15129,-5.15129,-6.04408,-5.29039,1.86006
96.30209753,-5.03951,-5.03951,-5.95476,-5.18062,2.01353
96.30638724,-4.81047,-4.81047,-5.76995,-4.95547,2.31952
96.31496665,-4.33149,-4.33149,-5.37654,-4.48371,2.92369
96.33212549,-3.29741,-3.29741,-4.50144,-3.46238,4.06367
96.34491962,-2.46647,-2.46647,-3.77793,-2.63996,4.82141
96.35046811,-2.09138,-2.09138,-3.44638,-2.26839,5.11969
96.35478269,-1.79409,-1.79409,-3.18163,-1.97381,5.33722
96.35803075,-1.56725,-1.56725,-2.97851,-1.749,5.49239
96.36141172,-1.32853,-1.32853,-2.76376,-1.51238,5.64611
96.36817365,-0.843761,-0.843761,-2.32467,-1.03182,5.93037
96.38068982,0.0758503,0.0758503,-1.48137,-0.119798,6.37796
96.39205965,0.931864,0.931864,-0.684735,0.729894,6.6984
96.3982763,1.40635,1.40635,-0.238086,1.20155,6.83948
96.40189354,1.684,1.684,0.0250577,1.4778,6.91058
96.40305063,1.77281,1.77281,0.109712,1.56646,6.93125
96.40413363,1.85609,1.85609,0.18914,1.64945,6.95059
96.40502514,1.92464,1.92464,0.254661,1.71777,6.9654
96.40600014,1.99961,1.99961,0.326453,1.7926,6.9816
96.40703222,2.07898,2.07898,0.402601,1.87181,6.99746
96.40821638,2.17003,2.17003,0.490155,1.96269,7.01567
96.40989664,2.29891,2.29891,0.614718,2.09165,7.03952
96.41285299,2.52566,2.52566,0.834757,2.31837,7.07735
96.4187657,2.97546,2.97546,1.27767,2.76962,7.13732
96.42148759,3.18058,3.18058,1.48264,2.97596,7.15791
96.42494772,3.43898,3.43898,1.74394,3.23641,7.17776
96.425806,3.50248,3.50248,1.80876,3.30053,7.18134
96.42681504,3.57714,3.57714,1.88504,3.37591,7.18554
96.42830831,3.68684,3.68684,1.99793,3.48682,7.19029
96.43069264,3.8604,3.8604,2.17817,3.66253,7.19518
96.43545687,4.20026,4.20026,2.53717,4.00753,7.19508
96.44498533,4.84392,4.84392,3.24425,4.66458,7.15605
96.45179385,5.26794,5.26794,3.73526,5.10039,7.09692
96.45478531,5.44363,5.44363,3.94617,5.2817,7.0628
96.45652233,5.54247,5.54247,4.06701,5.38387,7.04073
96.45817189,5.6341,5.6341,4.18049,5.47869,7.01825
96.46002424,5.73441,5.73441,4.30627,5.5826,6.99126
96.46273633,5.87645,5.87645,4.48701,5.72991,6.94842
96.4681605,6.14385,6.14385,4.83444,6.00793,6.85106
96.47225864,6.33151,6.33151,5.0831,6.20364,6.76732
96.47402114,6.40847,6.40847,5.18614,6.28407,6.72795
96.47550301,6.47146,6.47146,5.27087,6.34998,6.69486
96.47692682,6.53053,6.53053,5.35064,6.41184,6.66086
96.47830969,6.58654,6.58654,5.42658,6.47057,6.62784
96.48107544,6.69455,6.69455,5.57402,6.58402,6.55794
96.48660692,6.89476,6.89476,5.85183,6.79506,6.40681
96.49766989,7.23267,7.23267,6.34252,7.15451,6.06069
96.49894063,7.26561,7.26561,6.39283,7.18991,6.01624
96.50148212,7.3289,7.3289,6.49085,7.25812,5.92735
96.50656509,7.44308,7.44308,6.6745,7.38209,5.74004
96.51673103,7.62065,7.62065,6.99111,7.57905,5.33209
96.53706291,7.77611,7.77611,7.42384,7.7723,4.39224
96.55970414,7.64763,7.64763,7.59938,7.68349,3.17229
96.58185342,7.23133,7.23133,7.47129,7.30258,1.82842
96.6049062,6.51609,6.51609,7.04133,6.61966,0.303939
96.62158604,5.8328,5.8328,6.55267,5.95647,-0.859959
96.62873354,5.49971,5.49971,6.29956,5.6311,-1.37004
96.63084393,5.39689,5.39689,6.21995,5.53046,-1.52168
96.63212023,5.33343,5.33343,6.17038,5.46828,-1.6134
96.63334468,5.27254,5.27254,6.12283,5.40863,-1.7015
96.63579357,5.14822,5.14822,6.02488,5.2867,-1.87771
96.64069136,4.89222,4.89222,5.82074,5.03531,-2.22941
96.65048694,4.35218,4.35218,5.38071,4.50376,-2.92397
96.6700781,3.17106,3.17106,4.3837,3.33747,-4.22221
96.68291296,2.33116,2.33116,3.6523,2.50627,-4.96964
96.68861451,1.94262,1.94262,3.30876,2.12144,-5.26992
96.69408957,1.5615,1.5615,2.96893,1.74384,-5.53776
96.69885982,1.22354,1.22354,2.66538,1.40894,-5.75453
96.70415263,0.842647,0.842647,2.3209,1.03141,-5.97726
96.71473824,0.0645303,0.0645303,1.60986,0.259913,-6.36835
96.7262546,-0.802668,-0.802668,0.806396,-0.600563,-6.71351
96.73319235,-1.33339,-1.33339,0.308785,-1.12787,-6.88166
96.73670739,-1.6042,-1.6042,0.0531016,-1.39715,-6.95555
96.73777044,-1.6861,-1.6861,-0.0246741,-1.47891,-6.97607
96.73880028,-1.76567,-1.76567,-0.100205,-1.55811,-6.99595
96.73973203,-1.83766,-1.83766,-0.168694,-1.62977,-7.01284
96.74062561,-1.9067,-1.9067,-0.234507,-1.69866,-7.02902
96.74160664,-1.9825,-1.9825,-0.306907,-1.77429,-7.04566
96.74262188,-2.06094,-2.06094,-0.381987,-1.85255,-7.06288
96.74375973,-2.14886,-2.14886,-0.466317,-1.94027,-7.0806
96.74525167,-2.26396,-2.26396,-0.577174,-2.05533,-7.10382
96.74779009,-2.45979,-2.45979,-0.766491,-2.2511,-7.1394
96.75286693,-2.8492,-2.8492,-1.14747,-2.64138,-7.199
96.7563606,-3.11495,-3.11495,-1.4112,-2.90843,-7.23111
96.75969324,-3.36621,-3.36621,-1.66367,-3.16146,-7.25502
96.76145487,-3.49797,-3.49797,-1.79744,-3.29437,-7.26502
96.7640222,-3.68838,-3.68838,-1.9924,-3.48673,-7.27634
96.76627896,-3.85394,-3.85394,-2.16378,-3.65428,-7.28313
96.77079247,-4.17899,-4.17899,-2.50572,-3.98406,-7.28788
96.77981951,-4.79772,-4.79772,-3.18076,-4.61509,-7.26259
96.78666409,-5.23272,-5.23272,-3.6796,-5.06164,-7.21293
96.78970337,-5.41521,-5.41521,-3.89645,-5.24977,-7.18255
96.791349,-5.51106,-5.51106,-4.01242,-5.34876,-7.16329
96.79290256,-5.59957,-5.59957,-4.12082,-5.44025,-7.1451
96.79477944,-5.70393,-5.70393,-4.25023,-5.54823,-7.12055
96.79649392,-5.79683,-5.79683,-4.36685,-5.64446,-7.09646
96.79992288,-5.97586,-5.97586,-4.595,-5.83016,-7.0436
96.80573596,-6.25943,-6.25943,-4.96399,-6.12509,-6.93986
96.80824828,-6.37436,-6.37436,-5.11598,-6.24494,-6.88958
96.80959115,-6.43331,-6.43331,-5.19525,-6.30653,-6.86092
96.81089042,-6.49036,-6.49036,-5.27058,-6.36612,-6.83319
96.81218087,-6.54466,-6.54466,-5.34406,-6.42296,-6.80394
96.81343968,-6.59763,-6.59763,-5.41448,-6.4784,-6.77541
96.81595731,-6.69915,-6.69915,-5.55163,-6.58485,-6.71515
96.82099256,-6.88911,-6.88911,-5.81176,-6.78466,-6.5852
96.83106306,-7.21739,-7.21739,-6.27809,-7.13254,-6.28869
96.8414402,-7.48453,-7.48453,-6.68619,-7.41969,-5.93393
96.85452493,-7.72012,-7.72012,-7.09921,-7.68024,-5.41925
96.87133505,-7.8609,-7.8609,-7.46753,-7.85241,-4.65609
96.88667618,-7.8349,-7.8349,-7.64766,-7.85409,-3.86808
96.90785725,-7.56826,-7.56826,-7.66,-7.62329,-2.65562
96.93120514,-6.98406,-6.98406,-7.37105,-7.07444,-1.18017
96.95495639,-6.10431,-6.10431,-6.77328,-6.22528,0.434665
96.96633042,-5.58764,-5.58764,-6.38399,-5.72119,1.23755
96.97320402,-5.24747,-5.24747,-6.11808,-5.38795,1.72764
96.97550967,-5.12882,-5.12882,-6.02385,-5.2715,1.89241
96.97762725,-5.01791,-5.01791,-5.93516,-5.16258,2.04373
96.98186241,-4.79079,-4.79079,-5.75179,-4.93927,2.34537
96.99033272,-4.31623,-4.31623,-5.36193,-4.47181,2.94087
97.00727335,-3.29307,-3.29307,-4.49627,-3.46117,4.06491
97.0199975,-2.46568,-2.46568,-3.77623,-2.64219,4.81821
97.02551174,-2.09258,-2.09258,-3.44663,-2.27255,5.11469
97.02927205,-1.83352,-1.83352,-3.21616,-2.01583,5.30507
97.03230848,-1.62176,-1.62176,-3.02683,-1.80595,5.45156
97.03546168,-1.39958,-1.39958,-2.82731,-1.58571,5.59684
97.04176808,-0.948729,-0.948729,-2.41984,-1.13874,5.86709
97.0524986,-0.16402,-0.16402,-1.70275,-0.360514,6.26692
97.063944,0.693407,0.693407,-0.908388,0.490402,6.61242
97.07167049,1.28167,1.28167,-0.356744,1.07492,6.79928
97.07534663,1.56371,1.56371,-0.0902955,1.3554,6.8752
97.07629695,1.63662,1.63662,-0.0210175,1.42819,6.89324
97.07708874,1.69755,1.69755,0.0368204,1.48884,6.90827
97.07809519,1.77499,1.77499,0.110484,1.56592,6.92626
97.07897427,1.84264,1.84264,0.174955,1.63341,6.94197
97.07989893,1.91379,1.91379,0.242896,1.7044,6.95743
97.08089387,1.99036,1.99036,0.316146,1.78078,6.97407
97.08190321,2.06803,2.06803,0.390602,1.85826,6.9897
97.0830363,2.15522,2.15522,0.474361,1.9453,7.00725
97.08451647,2.2689,2.2689,0.584043,2.05899,7.02855
97.08703041,2.46198,2.46198,0.770982,2.25209,7.0617
97.0920583,2.8458,2.8458,1.14703,2.63691,7.11662
97.09557459,3.11191,3.11191,1.41149,2.90442,7.14606
97.0989045,3.3616,3.3616,1.66283,3.15598,7.16718
97.09969818,3.42064,3.42064,1.72274,3.21555,7.17102
97.10066244,3.49235,3.49235,1.79565,3.28793,7.17568
97.10316887,3.67719,3.67719,1.98518,3.47475,7.18467
97.10532437,3.83446,3.83446,2.14817,3.63397,7.18947
97.1095869,4.14004,4.14004,2.46968,3.94411,7.19102
97.11811195,4.72366,4.72366,3.10506,4.53941,7.16296
97.12460167,5.13808,5.13808,3.57766,4.9648,7.11411
97.12805761,5.34669,5.34669,3.82412,5.1799,7.07851
97.12973655,5.44474,5.44474,3.94195,5.28123,7.05838
97.13073988,5.50187,5.50187,4.01237,5.34034,7.04635
97.13169549,5.55629,5.55629,4.07839,5.39664,7.03359
97.133031,5.63054,5.63054,4.17065,5.47355,7.01576
97.1346482,5.71854,5.71854,4.28079,5.56477,6.99247
97.13788259,5.88841,5.88841,4.4967,5.74108,6.94167
97.14435139,6.2045,6.2045,4.90819,6.07013,6.82352
97.14729386,6.33807,6.33807,5.0856,6.2096,6.76253
97.14886348,6.40676,6.40676,5.17754,6.28144,6.72769
97.15006174,6.45754,6.45754,5.24641,6.33463,6.70108
97.15117709,6.50481,6.50481,5.30949,6.38414,6.67486
97.15244726,6.55704,6.55704,5.38011,6.43891,6.64499
97.15478146,6.65007,6.65007,5.50659,6.53663,6.58732
97.15944987,6.82483,6.82483,5.7472,6.72073,6.46387
97.16878668,7.12962,7.12962,6.1814,7.0441,6.18536
97.1790619,7.39695,7.39695,6.58962,7.3317,5.83183
97.19270705,7.64358,7.64358,7.02272,7.60487,5.29039
97.20690966,7.7716,7.7716,7.34444,7.75994,4.64541
97.23299581,7.6796,7.6796,7.60366,7.71505,3.27161
97.2544735,7.30166,7.30166,7.50629,7.37247,1.98145
97.27729971,6.62343,6.62343,7.11266,6.72745,0.484529
97.29482503,5.92407,5.92407,6.61955,6.05008,-0.732419
97.30275087,5.55968,5.55968,6.34445,5.69456,-1.29698
97.30639996,5.3823,5.3823,6.20729,5.52104,-1.55902
97.30764047,5.32034,5.32034,6.15882,5.46034,-1.6481
97.30887425,5.25871,5.25871,6.11061,5.39997,-1.73687
97.31134182,5.13288,5.13288,6.01134,5.2766,-1.91441
97.31627696,4.87379,4.87379,5.80445,5.02221,-2.26865
97.32614723,4.32722,4.32722,5.35852,4.48434,-2.96763
97.34588778,3.13198,3.13198,4.34837,3.30428,-4.27036
97.35861311,2.2962,2.2962,3.61986,2.47727,-5.00571
97.36424928,1.91099,1.91099,3.27902,2.09579,-5.30009
97.36968889,1.53138,1.53138,2.94034,1.71972,-5.564
97.3760619,1.07774,1.07774,2.53222,1.27022,-5.84779
97.38218145,0.633899,0.633899,2.12954,0.830302,-6.09502
97.39300484,-0.168123,-0.168123,1.39397,0.0350284,-6.4735
97.40427581,-1.02215,-1.02215,0.599801,-0.812652,-6.78958
97.40969017,-1.43785,-1.43785,0.208955,-1.22587,-6.91344
97.41346983,-1.72953,-1.72953,-0.0671209,-1.51609,-6.98926
97.4146584,-1.82126,-1.82126,-0.154461,-1.60768,-7.01097
97.41556569,-1.8914,-1.8914,-0.221289,-1.6776,-7.02755
97.41655652,-1.96801,-1.96801,-0.29442,-1.75395,-7.04443
97.41751464,-2.04208,-2.04208,-0.365281,-1.82789,-7.06076
97.41863299,-2.12854,-2.12854,-0.448168,-1.9142,-7.07833
97.41998843,-2.23333,-2.23333,-0.548871,-2.01881,-7.09963
97.42221191,-2.40495,-2.40495,-0.71462,-2.19041,-7.13142
97.42657841,-2.74067,-2.74067,-1.04193,-2.5267,-7.18524
97.43027501,-3.02288,-3.02288,-1.32067,-2.81008,-7.22194
97.43288024,-3.22031,-3.22031,-1.51799,-3.00846,-7.24294
97.43423017,-3.32196,-3.32196,-1.62023,-3.11125,-7.25198
97.43488628,-3.37136,-3.37136,-1.67006,-3.16088,-7.25637
97.43591599,-3.44838,-3.44838,-1.74828,-3.23878,-7.26206
97.43688576,-3.52091,-3.52091,-1.82194,-3.31172,-7.26742
97.43804563,-3.60685,-3.60685,-1.91004,-3.39896,-7.27224
97.43955455,-3.71866,-3.71866,-2.02468,-3.51174,-7.27852
97.44216843,-3.90998,-3.90998,-2.22328,-3.70549,-7.28538
97.44739617,-4.28409,-4.28409,-2.619,-4.0855,-7.28729
97.45785166,-4.98698,-4.98698,-3.39594,-4.80392,-7.24469
97.463616,-5.3437,-5.3437,-3.8119,-5.17109,-7.19508
97.4663543,-5.50463,-5.50463,-4.00552,-5.3373,-7.16508
97.46857642,-5.63094,-5.63094,-4.16032,-5.46796,-7.13774
97.47066029,-5.74585,-5.74585,-4.30332,-5.58699,-7.10967
97.47258495,-5.84898,-5.84898,-4.43335,-5.69393,-7.08167
97.47643427,-6.04679,-6.04679,-4.68678,-5.89939,-7.01978
97.48014873,-6.22724,-6.22724,-4.92202,-6.08726,-6.95267
97.48316586,-6.36644,-6.36644,-5.10572,-6.23249,-6.89289
97.48444473,-6.42301,-6.42301,-5.18149,-6.29162,-6.86579
97.48546734,-6.46824,-6.46824,-5.24075,-6.33889,-6.84412
97.48643087,-6.50936,-6.50936,-5.29658,-6.38194,-6.82263
97.4875758,-6.55822,-6.55822,-5.36149,-6.4331,-6.79708
97.48943636,-6.63505,-6.63505,-5.46477,-6.51365,-6.7537
97.4931131,-6.77984,-6.77984,-5.66112,-6.66578,-6.6629
97.50046658,-7.04167,-7.04167,-6.02428,-6.94225,-6.46145
97.50189509,-7.08756,-7.08756,-6.0896,-6.99097,-6.41877
97.50475211,-7.17605,-7.17605,-6.21688,-7.08512,-6.33111
97.51046615,-7.33724,-7.33724,-6.45552,-7.25759,-6.14483
97.5216208,-7.58993,-7.58993,-6.85928,-7.53214,-5.73931
97.54284053,-7.84801,-7.84801,-7.40433,-7.83096,-4.82543
97.56148854,-7.84076,-7.84076,-7.6472,-7.85812,-3.88185
97.58072047,-7.61409,-7.61409,-7.67369,-7.66482,-2.78843
97.60020758,-7.17029,-7.17029,-7.47828,-7.25192,-1.57508
97.62133257,-6.46397,-6.46397,-7.02825,-6.57512,-0.164398
97.63590356,-5.84978,-5.84978,-6.5813,-5.9786,0.853202
97.64241695,-5.54343,-5.54343,-6.34691,-5.6794,1.31669
97.64518977,-5.40725,-5.40725,-6.24082,-5.54613,1.51527
97.64616927,-5.35796,-5.35796,-6.20202,-5.49783,1.58541
97.64812827,-5.25938,-5.25938,-6.12444,-5.40124,1.72582
97.65204626,-5.05674,-5.05674,-5.96313,-5.20242,2.00662
97.65988226,-4.63339,-4.63339,-5.62012,-4.78623,2.56444
97.67555424,-3.72006,-3.72006,-4.85766,-3.88556,3.63906
97.68748561,-2.97001,-2.97001,-4.21322,-3.144,4.39568
97.69753481,-2.30525,-2.30525,-3.63089,-2.4859,4.97186
97.70166212,-2.02403,-2.02403,-3.38175,-2.20732,5.18986
97.70561108,-1.75085,-1.75085,-3.13828,-1.93666,5.3873
97.70881411,-1.5265,-1.5265,-2.93729,-1.71435,5.53934
97.71243551,-1.27002,-1.27002,-2.70643,-1.46016,5.70264
97.71967831,-0.748787,-0.748787,-2.23383,-0.943483,6.00274
97.72907573,-0.0578769,-0.0578769,-1.60072,-0.258364,6.34104
97.74335281,1.01665,1.01665,-0.601423,0.808246,6.74794
97.74931942,1.47271,1.47271,-0.171605,1.26176,6.88022
97.75335532,1.78278,1.78278,0.122747,1.5704,6.95723
97.75465213,1.88241,1.88241,0.217912,1.66991,6.97955
97.75541561,1.94107,1.94107,0.274065,1.7285,6.99269
97.75635189,2.01307,2.01307,0.343046,1.80035,7.00764
97.75743769,2.09658,2.09658,0.423202,1.88367,7.02498
97.75867113,2.19144,2.19144,0.514459,1.97839,7.04346
97.76056256,2.33671,2.33671,0.654796,2.12363,7.07
97.7640136,2.60101,2.60101,0.912001,2.38827,7.11288
97.76858808,2.94898,2.94898,1.25492,2.73753,7.1587
97.77118567,3.14504,3.14504,1.4505,2.93475,7.17916
97.7743957,3.3853,3.3853,1.69289,3.17691,7.1989
97.77529046,3.4517,3.4517,1.76045,3.24395,7.20307
97.77624173,3.5223,3.5223,1.83239,3.31523,7.2075
97.7791306,3.7346,3.7346,2.05086,3.52994,7.21693
97.78199563,3.94222,3.94222,2.26733,3.74037,7.22148
97.78772571,4.34675,4.34675,2.69819,4.15176,7.21633
97.79918586,5.09813,5.09813,3.53957,4.92117,7.15016
97.80360936,5.36451,5.36451,3.85451,5.19588,7.10492
97.8061872,5.51298,5.51298,4.03474,5.34942,7.07356
97.80859007,5.64667,5.64667,4.20008,5.4879,7.04106
97.81069447,5.76,5.76,4.3425,5.60546,7.01003
97.81296351,5.87834,5.87834,4.49331,5.72836,6.97391
97.81750159,6.10333,6.10333,4.7852,5.96252,6.89348
97.82067481,6.2516,6.2516,4.98088,6.11721,6.8308
97.82269856,6.34233,6.34233,5.10178,6.21204,6.78754
97.82375228,6.3881,6.3881,5.16312,6.25995,6.76502
97.82456812,6.42354,6.42354,5.21061,6.29704,6.74659
97.82536016,6.4569,6.4569,5.25552,6.332,6.72871
97.82641886,6.50149,6.50149,5.31556,6.37874,6.70372
97.82776593,6.55671,6.55671,5.39022,6.43668,6.67192
97.83046008,6.66336,6.66336,5.5353,6.54877,6.60486
97.83583041,6.86096,6.86096,5.80826,6.7572,6.46044
97.84657108,7.19713,7.19713,6.29261,7.11488,6.13
97.84787525,7.23203,7.23203,6.34529,7.15237,6.08572
97.8504836,7.29908,7.29908,6.44792,7.22461,5.99529
97.85570029,7.42011,7.42011,6.64009,7.35596,5.80556
97.86613368,7.60858,7.60858,6.97095,7.56489,5.39075
97.88700045,7.77502,7.77502,7.42132,7.77118,4.42983
97.91245397,7.61385,7.61385,7.60045,7.65553,3.04901
97.93723165,7.09626,7.09626,7.40182,7.17774,1.52076
97.96054863,6.31076,6.31076,6.89988,6.42459,-0.0467914
97.97648815,5.6205,5.6205,6.39187,5.75325,-1.16896
97.98329183,5.29011,5.29011,6.13606,5.43011,-1.65583
97.98579277,5.16351,5.16351,6.03635,5.30605,-1.83544
97.98812861,5.04288,5.04288,5.94058,5.18773,-2.00319
97.99280028,4.795,4.795,5.74159,4.9443,-2.3377
98.00214363,4.27401,4.27401,5.315,4.43156,-2.99728
98.02083033,3.14091,3.14091,4.35615,3.31301,-4.22987
98.03309785,2.33706,2.33706,3.65563,2.51776,-4.94358
98.03855204,1.96557,1.96557,3.32716,2.14993,-5.23166
98.04378688,1.60168,1.60168,3.0028,1.78952,-5.48931
98.04819741,1.28991,1.28991,2.72297,1.48066,-5.69188
98.05313305,0.935824,0.935824,2.40312,1.12982,-5.90311
98.06300432,0.213093,0.213093,1.74389,0.413457,-6.2781
98.07382117,-0.597909,-0.597909,0.994535,-0.390924,-6.61814
98.08183273,-1.20897,-1.20897,0.423177,-0.997684,-6.82305
98.08567218,-1.50427,-1.50427,0.144827,-1.29128,-6.90723
98.08699905,-1.60669,-1.60669,0.0479876,-1.39315,-6.93396
98.08764301,-1.6564,-1.6564,0.000875177,-1.44259,-6.94694
98.0886987,-1.73789,-1.73789,-0.076512,-1.52385,-6.96685
98.08991732,-1.83208,-1.83208,-0.16607,-1.61766,-6.98983
98.09081556,-1.90151,-1.90151,-0.232236,-1.6868,-7.00564
98.09180642,-1.9781,-1.9781,-0.305373,-1.76323,-7.02307
98.09277117,-2.05267,-2.05267,-0.376727,-1.83764,-7.0389
98.09388741,-2.13895,-2.13895,-0.45946,-1.92374,-7.0572
98.09523637,-2.24309,-2.24309,-0.559683,-2.02779,-7.07793
98.09745517,-2.41437,-2.41437,-0.72508,-2.19894,-7.10966
98.10182714,-2.75038,-2.75038,-1.05279,-2.5355,-7.16355
98.10549841,-3.03054,-3.03054,-1.32959,-2.8168,-7.20003
98.1080804,-3.22614,-3.22614,-1.52511,-3.01334,-7.22091
98.10930462,-3.3183,-3.3183,-1.61781,-3.10652,-7.2292
98.10997473,-3.36875,-3.36875,-1.6687,-3.15721,-7.23373
98.11100069,-3.44549,-3.44549,-1.74661,-3.23481,-7.2395
98.11197789,-3.51857,-3.51857,-1.82082,-3.3083,-7.24499
98.11312919,-3.60389,-3.60389,-1.90824,-3.39489,-7.24991
98.1146184,-3.71425,-3.71425,-2.02137,-3.50619,-7.25626
98.11718724,-3.90234,-3.90234,-2.2165,-3.69664,-7.26334
98.12232491,-4.27034,-4.27034,-2.60539,-4.07036,-7.2661
98.13260026,-4.96303,-4.96303,-3.36949,-4.77814,-7.22679
98.1390592,-5.36267,-5.36267,-3.83529,-5.18944,-7.17192
98.14221422,-5.54677,-5.54677,-4.05752,-5.37963,-7.13676
98.14508769,-5.70774,-5.70774,-4.25608,-5.54624,-7.10004
98.14750367,-5.83811,-5.83811,-4.41979,-5.68141,-7.06572
98.1501535,-5.97596,-5.97596,-4.59552,-5.82453,-7.0245
98.15545315,-6.23601,-6.23601,-4.93309,-6.09517,-6.93101
98.15877939,-6.38879,-6.38879,-5.13459,-6.25461,-6.86488
98.16037127,-6.45909,-6.45909,-5.22803,-6.3281,-6.8306
98.16185756,-6.52312,-6.52312,-5.31347,-6.39511,-6.7986
98.16332847,-6.58496,-6.58496,-5.39631,-6.45989,-6.76465
98.16491251,-6.64986,-6.64986,-5.48362,-6.52797,-6.72808
98.1680806,-6.77448,-6.77448,-5.65253,-6.65892,-6.65002
98.17441676,-7.00308,-7.00308,-5.96835,-6.90016,-6.47914
98.18442696,-7.3089,-7.3089,-6.41015,-7.22582,-6.17028
98.19564759,-7.57217,-7.57217,-6.825,-7.51113,-5.76977
98.209634,-7.78475,-7.78475,-7.22638,-7.75083,-5.19493
98.22590799,-7.87456,-7.87456,-7.53528,-7.87147,-4.42868
98.24288198,-7.7936,-7.7936,-7.68052,-7.82138,-3.52871
98.26145643,-7.50999,-7.50999,-7.63917,-7.5694,-2.44091
98.2849898,-6.87809,-6.87809,-7.30169,-6.9734,-0.936292
98.30585457,-6.08314,-6.08314,-6.75232,-6.20572,0.489391
98.31610054,-5.61701,-5.61701,-6.40065,-5.7513,1.21267
98.32197074,-5.32882,-5.32882,-6.176,-5.46929,1.63106
98.32397704,-5.2269,-5.2269,-6.09544,-5.36941,1.77445
98.32581681,-5.13197,-5.13197,-6.01994,-5.2763,1.90594
98.32949635,-4.93804,-4.93804,-5.86435,-5.0859,2.16849
98.33685543,-4.53447,-4.53447,-5.53542,-4.68897,2.68927
98.35157358,-3.66927,-3.66927,-4.81076,-3.83563,3.69119
98.36305984,-2.94452,-2.94452,-4.18721,-3.11911,4.41439
98.37269397,-2.30635,-2.30635,-3.62792,-2.48741,4.96382
98.3766511,-2.03671,-2.03671,-3.38906,-2.22035,5.17223
98.38043982,-1.77477,-1.77477,-3.15566,-1.96085,5.36149
98.38357739,-1.5552,-1.5552,-2.95905,-1.74331,5.51053
98.38711092,-1.30521,-1.30521,-2.73416,-1.4956,5.67016
98.39417798,-0.797304,-0.797304,-2.27397,-0.992208,5.96417
98.40350799,-0.1123,-0.1123,-1.64681,-0.313054,6.30235
98.41755256,0.943551,0.943551,-0.665985,0.734759,6.70742
98.42462896,1.48413,1.48413,-0.156725,1.27227,6.86486
98.42887724,1.81053,1.81053,0.153329,1.59722,6.94454
98.4302861,1.91877,1.91877,0.256823,1.70535,6.96823
98.43098274,1.97229,1.97229,0.308114,1.75882,6.97994
98.43190753,2.0434,2.0434,0.376315,1.82979,6.9943
98.43307706,2.13333,2.13333,0.46274,1.91956,7.01247
98.4345901,2.24966,2.24966,0.57483,2.03572,7.03432
98.43703472,2.43725,2.43725,0.756567,2.22341,7.06671
98.44192395,2.81049,2.81049,1.12212,2.59759,7.12073
98.44554075,3.08427,3.08427,1.39405,2.87278,7.1515
98.44887753,3.33456,3.33456,1.64588,3.12494,7.173
98.44964204,3.39145,3.39145,1.70358,3.18235,7.17678
98.45061499,3.46385,3.46385,1.77715,3.25541,7.18159
98.45293267,3.63495,3.63495,1.95242,3.42833,7.19029
98.45480063,3.77157,3.77157,2.09367,3.56662,7.19501
98.45826719,4.02163,4.02163,2.35544,3.82025,7.1984
98.46520031,4.50502,4.50502,2.87506,4.31255,7.18444
98.47239769,4.97769,4.97769,3.40455,4.79678,7.14113
98.47818515,5.33189,5.33189,3.81934,5.16177,7.08531
98.48056837,5.47047,5.47047,3.98671,5.30506,7.05694
98.48243166,5.57571,5.57571,4.11589,5.41403,7.03259
98.4841263,5.669,5.669,4.23195,5.51074,7.00881
98.48579989,5.75891,5.75891,4.3451,5.60403,6.98381
98.48914709,5.9322,5.9322,4.56658,5.78411,6.92931
98.49584147,6.25371,6.25371,4.98698,6.11923,6.80265
98.49847803,6.37132,6.37132,5.14365,6.2422,6.74635
98.50001494,6.43756,6.43756,5.2325,6.31158,6.71131
98.50147172,6.49881,6.49881,5.31498,6.37579,6.67809
98.50340019,6.57759,6.57759,5.42158,6.4585,6.63171
98.50533671,6.65409,6.65409,5.52571,6.53893,6.58325
98.50920974,6.7993,6.7993,5.72547,6.692,6.48075
98.51695579,7.05889,7.05889,6.09247,6.96724,6.25388
98.52904295,7.38297,7.38297,6.5822,7.31551,5.84385
98.54053038,7.60077,7.60077,6.95673,7.55601,5.39381
98.5571187,7.76378,7.76378,7.3455,7.75109,4.64794
98.57787373,7.72424,7.72424,7.58559,7.74995,3.57139
98.60108463,7.376,7.376,7.5419,7.4413,2.20545
98.62354906,6.75409,6.75409,7.20175,6.8534,0.750128
98.64231059,6.03668,6.03668,6.70666,6.16059,-0.543218
98.65157512,5.61988,5.61988,6.39461,5.75456,-1.20138
98.65771691,5.32215,5.32215,6.16427,5.46345,-1.6418
98.65973887,5.22051,5.22051,6.08444,5.36389,-1.78724
98.66158181,5.12635,5.12635,6.01,5.2716,-1.91981
98.66526769,4.93387,4.93387,5.85644,5.08274,-2.18458
98.67263946,4.53283,4.53283,5.53116,4.6885,-2.70993
98.68738298,3.67115,3.67115,4.81223,3.83901,-3.7212
98.69885183,2.95018,2.95018,4.1938,3.1265,-4.44934
98.70847116,2.31449,2.31449,3.6381,2.49747,-5.003
98.7123935,2.04765,2.04765,3.40225,2.23327,-5.21176
98.71616181,1.78744,1.78744,3.17092,1.97558,-5.40224
98.71955396,1.55017,1.55017,2.95886,1.74056,-5.56517
98.72331453,1.28393,1.28393,2.71971,1.47683,-5.73653
98.73083568,0.742245,0.742245,2.22938,0.940097,-6.05094
98.74074908,0.0115793,0.0115793,1.56049,0.215808,-6.40951
98.75494244,-1.06056,-1.06056,0.563895,-0.848204,-6.81545
98.76064665,-1.49828,-1.49828,0.151553,-1.28343,-6.94338
98.76450086,-1.79558,-1.79558,-0.130472,-1.57931,-7.01854
98.76574392,-1.89147,-1.89147,-0.221986,-1.67505,-7.04056
98.76650977,-1.95054,-1.95054,-0.278495,-1.73404,-7.05413
98.7674278,-2.02144,-2.02144,-0.346354,-1.80474,-7.06926
98.76855391,-2.1084,-2.1084,-0.429768,-1.89157,-7.08783
98.76987134,-2.21014,-2.21014,-0.52759,-1.99315,-7.10822
98.77193074,-2.36898,-2.36898,-0.680994,-2.15195,-7.138
98.77582954,-2.6687,-2.6687,-0.972911,-2.45211,-7.18742
98.77963292,-2.95924,-2.95924,-1.25935,-2.74375,-7.2269
98.78240692,-3.16962,-3.16962,-1.46914,-2.95537,-7.25028
98.78560237,-3.40991,-3.40991,-1.71155,-3.19756,-7.27159
98.78656611,-3.48177,-3.48177,-1.78467,-3.27011,-7.27657
98.78750854,-3.55204,-3.55204,-1.85628,-3.34106,-7.28144
98.78880344,-3.64797,-3.64797,-1.95467,-3.43803,-7.28692
98.79073928,-3.79035,-3.79035,-2.10177,-3.58212,-7.2933
98.7943335,-4.05097,-4.05097,-2.37452,-3.84644,-7.29938
98.80152192,-4.55413,-4.55413,-2.91584,-4.3589,-7.28935
98.80742499,-4.94561,-4.94561,-3.35329,-4.75981,-7.25925
98.80890076,-5.03949,-5.03949,-3.46119,-4.85633,-7.24805
98.8118523,-5.22335,-5.22335,-3.67524,-5.04567,-7.22276
98.81374958,-5.33827,-5.33827,-3.81098,-5.16427,-7.20371
98.81471486,-5.3953,-5.3953,-3.88004,-5.22323,-7.19402
98.81567978,-5.45232,-5.45232,-3.94828,-5.28217,-7.18324
98.81609318,-5.47623,-5.47623,-3.97752,-5.30691,-7.17863
98.8167886,-5.51646,-5.51646,-4.02627,-5.34854,-7.17033
98.81752383,-5.55813,-5.55813,-4.07781,-5.3917,-7.16156
98.81853687,-5.61554,-5.61554,-4.14825,-5.45116,-7.14825
98.82056296,-5.72731,-5.72731,-4.28757,-5.56703,-7.12162
98.8238858,-5.90371,-5.90371,-4.51118,-5.75017,-7.0723
98.83053147,-6.23178,-6.23178,-4.93697,-6.09176,-6.95621
98.83333514,-6.3605,-6.3605,-5.10729,-6.22619,-6.90031
98.83486076,-6.42817,-6.42817,-5.19747,-6.29697,-6.86762
98.8363274,-6.49167,-6.49167,-5.28243,-6.36346,-6.83619
98.83767515,-6.54806,-6.54806,-5.359,-6.4226,-6.80535
98.83902607,-6.60458,-6.60458,-5.43431,-6.48187,-6.77445
98.8417279,-6.71258,-6.71258,-5.58071,-6.59537,-6.70897
98.84713156,-6.91355,-6.91355,-5.85729,-6.80731,-6.56719
98.85793887,-7.25619,-7.25619,-6.34874,-7.17176,-6.24169
98.86814619,-7.50807,-7.50807,-6.73995,-7.44403,-5.88477
98.88215337,-7.74227,-7.74227,-7.16504,-7.70588,-5.32135
98.89914504,-7.85747,-7.85747,-7.51108,-7.85383,-4.53241
98.91464616,-7.80581,-7.80581,-7.66806,-7.83093,-3.7208
98.93446464,-7.53212,-7.53212,-7.65557,-7.59175,-2.57218
98.95940697,-6.87939,-6.87939,-7.31737,-6.97771,-0.981924
98.9868701,-5.80201,-5.80201,-6.56098,-5.93568,0.90116
98.99644343,-5.34326,-5.34326,-6.20704,-5.48737,1.57973
98.99996151,-5.16444,-5.16444,-6.06573,-5.31214,1.8306
99.0033598,-4.98682,-4.98682,-5.92379,-5.13786,2.07293
99.00665158,-4.81038,-4.81038,-5.78135,-4.96453,2.30699
99.01323515,-4.44507,-4.44507,-5.48237,-4.60512,2.77091
99.02640229,-3.66833,-3.66833,-4.83114,-3.83903,3.66553
99.03698734,-3.00258,-3.00258,-4.25911,-3.18095,4.33571
99.04585598,-2.41888,-2.41888,-3.7488,-2.60328,4.85018
99.04964257,-2.16288,-2.16288,-3.52267,-2.34977,5.05463
99.05197062,-2.00359,-2.00359,-3.3813,-2.192,5.17536
99.05418076,-1.85109,-1.85109,-3.24549,-2.04093,5.28633
99.05631696,-1.70255,-1.70255,-3.1128,-1.89378,5.39023
99.06058936,-1.4023,-1.4023,-2.84333,-1.59629,5.58835
99.06913416,-0.790057,-0.790057,-2.28905,-0.989539,5.94748
99.07998727,0.00735163,0.00735163,-1.55805,-0.198907,6.33494
99.09289344,0.978576,0.978576,-0.654394,0.765037,6.69868
99.09896386,1.44214,1.44214,-0.217661,1.2259,6.83386
99.10306685,1.75718,1.75718,0.0812985,1.5394,6.91238
99.10437665,1.85775,1.85775,0.177341,1.63985,6.93495
99.10518647,1.91993,1.91993,0.23686,1.70195,6.94891
99.1061616,1.9949,1.9949,0.30866,1.77673,6.9645
99.10716755,2.07224,2.07224,0.382877,1.85387,6.98058
99.10834433,2.16271,2.16271,0.46988,1.94417,6.99771
99.10992337,2.28384,2.28384,0.586923,2.06534,7.0207
99.11264256,2.49242,2.49242,0.789233,2.274,7.05579
99.11808093,2.90665,2.90665,1.19635,2.68953,7.11271
99.1210945,3.13417,3.13417,1.42317,2.91838,7.13666
99.12482399,3.41304,3.41304,1.70481,3.19952,7.15885
99.12570056,3.47798,3.47798,1.77101,3.26511,7.16264
99.12662711,3.54662,3.54662,1.84109,3.33444,7.16664
99.12791693,3.64157,3.64157,1.93866,3.43013,7.17037
99.12970946,3.77261,3.77261,2.07425,3.56312,7.17555
99.1329061,4.0033,4.0033,2.31574,3.79713,7.17895
99.13929937,4.45076,4.45076,2.79574,4.25276,7.16814
99.15208591,5.26892,5.26892,3.72656,5.09256,7.07755
99.15409593,5.38764,5.38764,3.86893,5.21531,7.05464
99.15447862,5.4098,5.4098,3.89577,5.23825,7.05028
99.15513589,5.44785,5.44785,3.94188,5.27765,7.04207
99.1555986,5.47421,5.47421,3.97434,5.30496,7.03629
99.15630969,5.51473,5.51473,4.02375,5.34694,7.02741
99.15706012,5.55654,5.55654,4.07589,5.39029,7.01727
99.15822867,5.62164,5.62164,4.15635,5.45779,7.00149
99.16056329,5.74772,5.74772,4.315,5.58868,6.96727
99.16439453,5.94547,5.94547,4.56861,5.79434,6.90483
99.17205701,6.30826,6.30826,5.04587,6.17297,6.75686
99.17458469,6.41853,6.41853,5.19393,6.28847,6.70136
99.17670378,6.50747,6.50747,5.31424,6.38179,6.65231
99.17846371,6.57893,6.57893,5.41149,6.45689,6.60984
99.18026387,6.64978,6.64978,5.50846,6.53146,6.56479
99.18386419,6.78478,6.78478,5.69505,6.67388,6.46987
99.19106483,7.02814,7.02814,6.03998,6.93203,6.26111
99.20154763,7.31972,7.31972,6.47761,7.24497,5.91363
99.21328514,7.5592,7.5592,6.87973,7.50809,5.46603
99.22825252,7.73393,7.73393,7.26133,7.71241,4.81149
99.24871759,7.74348,7.74348,7.55135,7.76087,3.77954
99.26762442,7.52643,7.52643,7.58836,7.57755,2.70171
99.29599546,6.82475,6.82475,7.25137,6.92097,0.904995
99.32022671,5.89891,5.89891,6.6154,6.02739,-0.757665
99.33008524,5.44145,5.44145,6.26929,5.58129,-1.45775
99.33287787,5.30373,5.30373,6.16236,5.4466,-1.65793
99.33439226,5.22761,5.22761,6.10219,5.37209,-1.76649
99.33606383,5.14247,5.14247,6.03578,5.28869,-1.88631
99.33940697,4.96874,4.96874,5.89791,5.11835,-2.12583
99.34609324,4.60796,4.60796,5.60711,4.76401,-2.60181
99.3594658,3.83665,3.83665,4.96849,4.00432,-3.52496
99.37112529,3.11408,3.11408,4.35332,3.29082,-4.27766
99.3807865,2.48313,2.48313,3.80522,2.66687,-4.84771
99.38493668,2.20365,2.20365,3.55958,2.3903,-5.07486
99.38743188,2.03332,2.03332,3.40908,2.2217,-5.20573
99.38979773,1.87031,1.87031,3.2645,2.06032,-5.32569
99.39212266,1.70874,1.70874,3.12069,1.90035,-5.43966
99.39656949,1.39609,1.39609,2.84103,1.59075,-5.64714
99.40546315,0.757711,0.757711,2.26464,0.958427,-6.02233
99.4164157,-0.049504,-0.049504,1.52625,0.15845,-6.41413
99.42967929,-1.05167,-1.05167,0.595199,-0.8359,-6.7879
99.43532825,-1.48495,-1.48495,0.187482,-1.26658,-6.91402
99.43915491,-1.78001,-1.78001,-0.0920974,-1.56014,-6.98839
99.44038528,-1.87488,-1.87488,-0.182539,-1.65484,-7.01011
99.44117692,-1.93592,-1.93592,-0.240865,-1.71578,-7.02408
99.44210877,-2.00787,-2.00787,-0.309648,-1.7875,-7.0394
99.4431829,-2.0908,-2.0908,-0.389097,-1.87029,-7.05706
99.44438863,-2.18389,-2.18389,-0.478487,-1.96321,-7.07507
99.44618427,-2.32218,-2.32218,-0.611997,-2.1016,-7.10188
99.44940134,-2.56994,-2.56994,-0.852274,-2.34934,-7.14394
99.45460965,-2.968,-2.968,-1.24382,-2.74873,-7.19899
99.45733578,-3.17461,-3.17461,-1.44984,-2.95656,-7.22139
99.46074927,-3.43106,-3.43106,-1.70856,-3.21504,-7.24328
99.46261888,-3.57027,-3.57027,-1.85055,-3.35563,-7.25238
99.46391966,-3.6665,-3.6665,-1.94933,-3.45292,-7.2575
99.46585745,-3.80882,-3.80882,-2.0965,-3.59698,-7.26332
99.46943699,-4.06795,-4.06795,-2.36801,-3.85986,-7.26835
99.47659605,-4.56813,-4.56813,-2.90692,-4.36944,-7.25648
99.4824196,-4.95364,-4.95364,-3.33842,-4.76439,-7.2255
99.48387549,-5.04612,-5.04612,-3.44489,-4.85951,-7.21418
99.48678727,-5.22726,-5.22726,-3.65614,-5.04615,-7.18875
99.48860759,-5.33746,-5.33746,-3.78649,-5.15992,-7.17025
99.4895499,-5.39312,-5.39312,-3.85396,-5.21748,-7.16067
99.49056392,-5.45301,-5.45301,-3.92576,-5.27943,-7.14924
99.49097558,-5.47681,-5.47681,-3.95491,-5.30407,-7.1446
99.49166816,-5.51686,-5.51686,-4.00351,-5.34553,-7.13625
99.49241305,-5.55907,-5.55907,-4.05579,-5.38927,-7.12727
99.49337837,-5.61377,-5.61377,-4.123,-5.44595,-7.11451
99.49530901,-5.72035,-5.72035,-4.25603,-5.5565,-7.08899
99.49853773,-5.89212,-5.89212,-4.47399,-5.7349,-7.04102
99.50499515,-6.21225,-6.21225,-4.89005,-6.06835,-6.92864
99.50826518,-6.36273,-6.36273,-5.08964,-6.22559,-6.86345
99.50992265,-6.43607,-6.43607,-5.18774,-6.30235,-6.82774
99.51123634,-6.49225,-6.49225,-5.26395,-6.36124,-6.79944
99.51247339,-6.54515,-6.54515,-5.33447,-6.4167,-6.77106
99.51379633,-6.59994,-6.59994,-5.40854,-6.47422,-6.7407
99.51644222,-6.70588,-6.70588,-5.55262,-6.58562,-6.67654
99.52173398,-6.90337,-6.90337,-5.82517,-6.79399,-6.53786
99.53231752,-7.24143,-7.24143,-6.31087,-7.15371,-6.22033
99.54270885,-7.50044,-7.50044,-6.71352,-7.43377,-5.85838
99.55606752,-7.72905,-7.72905,-7.12643,-7.68914,-5.32413
99.57314172,-7.85444,-7.85444,-7.4867,-7.84797,-4.53716
99.5886708,-7.81064,-7.81064,-7.65464,-7.83346,-3.72887
99.60873097,-7.5419,-7.5419,-7.65381,-7.60027,-2.57137
99.63390613,-6.88959,-6.88959,-7.32327,-6.98778,-0.970952
99.66133991,-5.81831,-5.81831,-6.57709,-5.95261,0.90564
99.67094284,-5.35969,-5.35969,-6.22514,-5.50474,1.58469
99.67448824,-5.18,-5.18,-6.0838,-5.32876,1.83689
99.67790433,-5.0019,-5.0019,-5.94209,-5.15412,2.0799
99.68137409,-4.81623,-4.81623,-5.79277,-4.97182,2.32595
99.6883136,-4.43111,-4.43111,-5.47844,-4.59308,2.81321
99.70219263,-3.6098,-3.6098,-4.79073,-3.78327,3.7489
99.71301222,-2.9259,-2.9259,-4.20324,-3.10743,4.42382
99.72208846,-2.3254,-2.3254,-3.67815,-2.51329,4.9385
99.72582037,-2.0718,-2.0718,-3.45408,-2.26223,5.13467
99.72939271,-1.82567,-1.82567,-3.23539,-2.01851,5.31328
99.73235099,-1.61947,-1.61947,-3.05129,-1.8143,5.45433
99.73568706,-1.3845,-1.3845,-2.84054,-1.58156,5.60606
99.74235919,-0.907332,-0.907332,-2.40961,-1.10884,5.88693
99.75149126,-0.240247,-0.240247,-1.80085,-0.447713,6.22411
99.76514451,0.781666,0.781666,-0.854767,0.565937,6.62958
99.77262578,1.3515,1.3515,-0.319892,1.13209,6.8024
99.77641238,1.64197,1.64197,-0.0451409,1.42097,6.87671
99.77761737,1.73441,1.73441,0.0428272,1.51326,6.89813
99.77864305,1.81327,1.81327,0.117894,1.59182,6.91637
99.77966177,1.8916,1.8916,0.192617,1.66984,6.93318
99.78063352,1.96632,1.96632,0.264041,1.74441,6.94921
99.78158488,2.03947,2.03947,0.334104,1.81742,6.96374
99.78268046,2.12371,2.12371,0.414951,1.90149,6.98048
99.78393544,2.22007,2.22007,0.507768,1.9978,6.9984
99.78593027,2.37323,2.37323,0.655741,2.15088,7.02493
99.78965714,2.65832,2.65832,0.933516,2.43643,7.06811
99.7936931,2.96497,2.96497,1.23603,2.74433,7.10552
99.79659821,3.18395,3.18395,1.4547,2.96469,7.12646
99.79997899,3.4364,3.4364,1.70995,3.2193,7.14456
99.80093258,3.50695,3.50695,1.78194,3.29059,7.14819
99.80185903,3.5755,3.5755,1.85199,3.35985,7.15172
99.803154,3.67068,3.67068,1.94989,3.45614,7.15545
99.80505632,3.80946,3.80946,2.09371,3.59672,7.15916
99.8085539,4.06099,4.06099,2.35772,3.85204,7.16051
99.81554906,4.54667,4.54667,2.88172,4.34719,7.14222
99.82157912,4.94299,4.94299,3.32613,4.75355,7.10426
99.82308664,5.03785,5.03785,3.43569,4.85124,7.09093
99.82610167,5.22347,5.22347,3.65298,5.04273,7.06128
99.82780602,5.32554,5.32554,3.7742,5.14826,7.0421
99.82874072,5.38019,5.38019,3.84068,5.20485,7.03158
99.82974453,5.43888,5.43888,3.91128,5.26564,7.01907
99.830141,5.4616,5.4616,3.93917,5.28919,7.01413
99.83065073,5.49081,5.49081,3.97471,5.31947,7.00777
99.83154757,5.54123,5.54123,4.03725,5.37179,6.99571
99.83236128,5.58698,5.58698,4.09329,5.41925,6.98477
99.83375944,5.66382,5.66382,4.18958,5.49905,6.9648
99.83655577,5.81286,5.81286,4.3785,5.65402,6.92172
99.84120051,6.04721,6.04721,4.682,5.8982,6.841
99.84486459,6.22073,6.22073,4.91135,6.07949,6.76936
99.84792421,6.35814,6.35814,5.09534,6.22338,6.7042
99.84919528,6.41274,6.41274,5.16966,6.28068,6.67536
99.85030437,6.46038,6.46038,5.23297,6.33068,6.6502
99.85138453,6.50503,6.50503,5.29464,6.37761,6.62443
99.85252864,6.55232,6.55232,5.35842,6.42732,6.59713
99.85481687,6.64329,6.64329,5.4829,6.52314,6.53995
99.85908524,6.80329,6.80329,5.70447,6.69215,6.42636
99.86762199,7.08589,7.08589,6.10809,6.99268,6.17279
99.87813284,7.36617,7.36617,6.53562,7.29484,5.81395
99.89080909,7.60642,7.60642,6.95269,7.56113,5.31619
99.89260273,7.63075,7.63075,7.00199,7.58912,5.2394
99.89619001,7.6744,7.6744,7.09559,7.64003,5.08267
99.90336455,7.73775,7.73775,7.25885,7.71782,4.75447
99.91771365,7.76748,7.76748,7.48754,7.77573,4.04076
99.94282853,7.51998,7.51998,7.58125,7.57449,2.62884
99.96992764,6.85373,6.85373,7.26621,6.95235,0.91387
99.99673773,5.82589,5.82589,6.561,5.96096,-0.921932
100,5.6764,5.6764,6.44898,5.81541,-1.15375
