"TIME","SIN1","SIN2","SIN3","SIN4","SIN5"
90,-7.6839,-7.6839,-7.122,-7.636,-4.03788
90.00169114,-7.70969,-7.70969,-7.16863,-7.6631,-3.94807
90.00507342,-7.75678,-7.75678,-7.25739,-7.71283,-3.76616
90.01183797,-7.82959,-7.82959,-7.41348,-7.79104,-3.39172
90.02536708,-7.88838,-7.88838,-7.638,-7.86097,-2.60221
90.05242529,-7.67189,-7.67189,-7.74528,-7.66682,-0.886876
90.07247206,-7.23846,-7.23846,-7.54184,-7.24886,0.477868
90.08289975,-6.92534,-6.92534,-7.3442,-6.94311,1.21079
90.088826,-6.7218,-6.7218,-7.20479,-6.74345,1.63143
90.09085481,-6.64795,-6.64795,-7.15264,-6.67088,1.77583
90.09271698,-6.57835,-6.57835,-7.10283,-6.60243,1.90838
90.09644132,-6.43407,-6.43407,-6.99772,-6.46033,2.17302
90.10154612,-6.22551,-6.22551,-6.84201,-6.25456,2.53372
90.10765949,-5.95977,-5.95977,-6.63817,-5.99188,2.96039
90.11290053,-5.71847,-5.71847,-6.44871,-5.75301,3.31957
90.11928266,-5.40845,-5.40845,-6.2002,-5.44577,3.74541
90.13204691,-4.73843,-4.73843,-5.64755,-4.7811,4.54001
90.14040471,-4.26547,-4.26547,-5.24719,-4.31172,5.00796
90.1443704,-4.03198,-4.03198,-5.04693,-4.08001,5.21379
90.14801727,-3.81236,-3.81236,-4.85716,-3.86209,5.3933
90.15274243,-3.52116,-3.52116,-4.60359,-3.5732,5.612
90.15718133,-3.24103,-3.24103,-4.35772,-3.29536,5.80349
90.16605915,-2.66299,-2.66299,-3.84493,-2.72221,6.14742
90.17530417,-2.03772,-2.03772,-3.28286,-2.10244,6.45167
90.19172193,-0.877212,-0.877212,-2.2221,-0.952376,6.86033
90.21140397,0.58066,0.58066,-0.861305,0.492498,7.13402
90.22280528,1.44948,1.44948,-0.0350842,1.3548,7.1869
90.22791322,1.84241,1.84241,0.342927,1.74533,7.18585
90.22925315,1.94574,1.94574,0.442829,1.84816,7.18277
90.23002128,2.00497,2.00497,0.500269,1.9071,7.181
90.23080662,2.06554,2.06554,0.558994,1.96736,7.17819
90.23237729,2.18666,2.18666,0.676781,2.08789,7.17257
90.23551863,2.42847,2.42847,0.913284,2.3288,7.15644
90.24106028,2.85253,2.85253,1.33307,2.75192,7.1145
90.24381581,3.06176,3.06176,1.54283,2.961,7.08729
90.24730211,3.32434,3.32434,1.80895,3.22371,7.04687
90.24816091,3.38849,3.38849,1.8745,3.28796,7.03567
90.24911414,3.4597,3.4597,1.94734,3.35927,7.02324
90.25047482,3.56074,3.56074,2.05131,3.46052,7.00433
90.25260111,3.71746,3.71746,2.21378,3.61767,6.97278
90.25667065,4.01279,4.01279,2.52394,3.91417,6.90567
90.26480973,4.58013,4.58013,3.13727,4.48496,6.74547
90.27105801,4.98996,4.98996,3.59792,4.89815,6.59941
90.27628596,5.31216,5.31216,3.97347,5.22338,6.46214
90.27840454,5.43689,5.43689,4.12264,5.3494,6.40265
90.28045507,5.55419,5.55419,4.26503,5.468,6.34299
90.28231235,5.65751,5.65751,4.39212,5.57253,6.2872
90.28404818,5.75157,5.75157,4.50916,5.66776,6.23357
90.28751986,5.93264,5.93264,4.7376,5.85123,6.12204
90.2917216,6.13954,6.13954,5.00289,6.06113,5.97956
90.29344942,6.22056,6.22056,5.10805,6.1434,5.91825
90.29407863,6.24932,6.24932,5.14562,6.17263,5.89593
90.29489287,6.28655,6.28655,5.19423,6.21044,5.86632
90.29526144,6.3034,6.3034,5.21587,6.22756,5.85292
90.29587914,6.33093,6.33093,5.25214,6.25554,5.83046
90.29665086,6.36533,6.36533,5.29661,6.2905,5.8018
90.29752445,6.40306,6.40306,5.34695,6.32887,5.76937
90.29910351,6.47128,6.47128,5.43587,6.39822,5.7096
90.30139703,6.56649,6.56649,5.56149,6.49509,5.62085
90.30389303,6.66591,6.66591,5.69358,6.59631,5.52167
90.30671143,6.77294,6.77294,5.83709,6.70537,5.40647
90.31234822,6.97052,6.97052,6.10677,6.90705,5.1661
90.32335846,7.29389,7.29389,6.56934,7.2387,4.65997
90.33446208,7.53732,7.53732,6.95213,7.49088,4.10316
90.35112203,7.7502,7.7502,7.373,7.71757,3.18857
90.37104354,7.77215,7.77215,7.64057,7.75658,1.98607
90.40485758,7.26851,7.26851,7.5371,7.28027,-0.258663
90.419348,6.85413,6.85413,7.2857,6.87622,-1.27795
90.42731168,6.57837,6.57837,7.09681,6.60558,-1.84548
90.43005014,6.47591,6.47591,7.02374,6.50477,-2.04098
90.43257036,6.37829,6.37829,6.95293,6.40862,-2.22091
90.43698515,6.19985,6.19985,6.82084,6.2326,-2.53443
90.44151706,6.00703,6.00703,6.6748,6.0421,-2.85333
90.44782808,5.72275,5.72275,6.45421,5.76083,-3.28989
90.45463789,5.39611,5.39611,6.19434,5.43721,-3.74731
90.4682575,4.68492,4.68492,5.61018,4.73188,-4.59642
90.47407328,4.35862,4.35862,5.33539,4.40811,-4.92684
90.47722961,4.17611,4.17611,5.18012,4.22701,-5.09684
90.48024312,3.99844,3.99844,5.02798,4.05073,-5.25253
90.48263493,3.85512,3.85512,4.90459,3.90854,-5.37147
90.48518153,3.70034,3.70034,4.77069,3.755,-5.49364
90.49027472,3.38426,3.38426,4.49532,3.44153,-5.72461
90.4966743,2.97535,2.97535,4.13554,3.03609,-5.99032
90.50947345,2.12174,2.12174,3.37316,2.19001,-6.44296
90.52112898,1.30711,1.30711,2.63321,1.38277,-6.76592
90.54012831,-0.0821936,-0.0821936,1.34743,0.00605266,-7.11507
90.55327651,-1.079,-1.079,0.407794,-0.982241,-7.23055
90.55972515,-1.57565,-1.57565,-0.0661149,-1.47522,-7.25007
90.56310956,-1.83777,-1.83777,-0.317877,-1.73562,-7.25066
90.56410465,-1.91484,-1.91484,-0.392275,-1.81218,-7.24931
90.56507008,-1.98961,-1.98961,-0.464603,-1.88663,-7.24799
90.56594608,-2.05753,-2.05753,-0.530352,-1.95419,-7.2457
90.56754853,-2.18177,-2.18177,-0.650908,-2.07776,-7.24149
90.57023043,-2.38945,-2.38945,-0.853448,-2.28458,-7.23056
90.57559424,-2.80285,-2.80285,-1.26105,-2.69678,-7.19664
90.57862101,-3.03448,-3.03448,-1.49234,-2.9281,-7.17046
90.58192642,-3.28556,-3.28556,-1.74578,-3.17912,-7.13613
90.58272595,-3.34586,-3.34586,-1.80708,-3.23946,-7.12672
90.58366141,-3.41641,-3.41641,-1.87894,-3.31007,-7.11572
90.5862237,-3.60816,-3.60816,-2.07574,-3.50212,-7.08261
90.58851122,-3.77763,-3.77763,-2.25144,-3.67201,-7.05008
90.59308626,-4.11066,-4.11066,-2.60181,-4.00631,-6.97671
90.60223635,-4.74571,-4.74571,-3.29267,-4.6452,-6.79742
90.60910992,-5.18913,-5.18913,-3.79751,-5.09225,-6.63478
90.61257256,-5.39992,-5.39992,-4.04577,-5.30502,-6.54392
90.61435938,-5.50509,-5.50509,-4.17197,-5.41127,-6.49473
90.61605446,-5.60251,-5.60251,-4.2903,-5.50973,-6.44663
90.61798551,-5.71067,-5.71067,-4.42326,-5.61912,-6.39015
90.62014611,-5.82818,-5.82818,-4.5695,-5.73806,-6.32486
90.6244673,-6.05244,-6.05244,-4.85299,-5.96529,-6.18772
90.6277546,-6.21367,-6.21367,-5.05984,-6.12882,-6.07762
90.62954776,-6.29764,-6.29764,-5.16924,-6.21407,-6.01509
90.63049559,-6.34202,-6.34202,-5.2257,-6.25912,-5.98204
90.6313732,-6.38165,-6.38165,-5.27797,-6.29939,-5.95052
90.63236655,-6.42652,-6.42652,-5.3356,-6.34496,-5.91485
90.63335847,-6.4703,-6.4703,-5.39315,-6.38945,-5.87818
90.63529523,-6.5538,-6.5538,-5.50246,-6.47432,-5.80657
90.63731523,-6.63807,-6.63807,-5.61334,-6.56002,-5.72969
90.63951898,-6.72676,-6.72676,-5.73075,-6.65027,-5.64381
90.64392648,-6.89406,-6.89406,-5.95479,-6.82072,-5.46586
90.65274148,-7.1888,-7.1888,-6.36146,-7.12193,-5.08605
90.66312186,-7.46856,-7.46856,-6.77182,-7.40968,-4.5998
90.67716621,-7.73312,-7.73312,-7.21231,-7.68572,-3.8797
90.69436347,-7.88279,-7.88279,-7.57615,-7.85026,-2.91039
90.72027947,-7.76178,-7.76178,-7.77149,-7.75217,-1.29871
90.74537049,-7.27128,-7.27128,-7.57445,-7.28257,0.395033
90.75745509,-6.9103,-6.9103,-7.349,-6.9307,1.24457
90.76453614,-6.66295,-6.66295,-7.17896,-6.68827,1.74767
90.76692967,-6.57351,-6.57351,-7.11527,-6.60041,1.91809
90.76913103,-6.48874,-6.48874,-7.054,-6.51705,2.07483
90.77353376,-6.31218,-6.31218,-6.92387,-6.34316,2.38712
90.77832248,-6.10974,-6.10974,-6.77105,-6.14344,2.72405
90.78301716,-5.90101,-5.90101,-6.61006,-5.9372,3.05033
90.78820775,-5.65875,-5.65875,-6.41946,-5.69753,3.40466
90.79858893,-5.13984,-5.13984,-6.0002,-5.18348,4.08319
90.80667197,-4.70547,-4.70547,-5.63989,-4.75279,4.57534
90.81344801,-4.32196,-4.32196,-5.31597,-4.37242,4.95713
90.81625682,-4.15796,-4.15796,-5.176,-4.20976,5.10632
90.8189451,-3.99836,-3.99836,-5.03901,-4.05147,5.24377
90.82116104,-3.86491,-3.86491,-4.92391,-3.91912,5.35312
90.82355281,-3.71899,-3.71899,-4.7975,-3.77443,5.46718
90.82833634,-3.42153,-3.42153,-4.53814,-3.47952,5.68334
90.83561224,-2.95539,-2.95539,-4.12752,-3.0175,5.98259
90.84684311,-2.20613,-2.20613,-3.45801,-2.27509,6.37704
90.8592719,-1.33946,-1.33946,-2.6709,-1.41653,6.72069
90.87628682,-0.100467,-0.100467,-1.52529,-0.189147,7.037
90.89021531,0.949404,0.949404,-0.537374,0.851301,7.16615
90.8974883,1.50703,1.50703,-0.00587369,1.40456,7.18791
90.90119723,1.79318,1.79318,0.268822,1.68873,7.18711
90.90216628,1.86794,1.86794,0.340975,1.76297,7.18537
90.90292449,1.92644,1.92644,0.397532,1.82122,7.18401
90.90384462,1.99751,1.99751,0.466278,1.89191,7.18133
90.90512794,2.09663,2.09663,0.562356,1.9905,7.17758
90.90684016,2.22888,2.22888,0.690891,2.12204,7.17067
90.90974839,2.45306,2.45306,0.910051,2.34529,7.15514
90.91556485,2.89863,2.89863,1.35104,2.78971,7.10988
90.91826285,3.10363,3.10363,1.55663,2.99451,7.0825
90.92169109,3.362,3.362,1.81853,3.25293,7.04194
90.92253156,3.42482,3.42482,1.88274,3.31582,7.03079
90.92351044,3.49798,3.49798,1.95759,3.38907,7.01781
90.92494345,3.60441,3.60441,2.06716,3.4957,6.99754
90.92721976,3.77211,3.77211,2.24121,3.66384,6.96308
90.93171041,4.09717,4.09717,2.58348,3.9902,6.88701
90.9406917,4.71736,4.71736,3.25843,4.61432,6.70338
90.94750368,5.15496,5.15496,3.75661,5.05571,6.53668
90.95097906,5.36567,5.36567,4.00476,5.2685,6.44268
90.9527708,5.47067,5.47067,4.13079,5.37463,6.39189
90.95444893,5.56667,5.56667,4.24747,5.4717,6.3429
90.95609701,5.65872,5.65872,4.36064,5.56485,6.29347
90.9578782,5.75575,5.75575,4.48126,5.66309,6.23858
90.96144058,5.94235,5.94235,4.71663,5.85219,6.12431
90.96628325,6.18056,6.18056,5.02244,6.09391,5.95953
90.96847242,6.2825,6.2825,5.15496,6.19747,5.88151
90.96971471,6.33828,6.33828,5.22847,6.25416,5.83595
90.97085581,6.38951,6.38951,5.29489,6.30624,5.7941
90.97202428,6.43996,6.43996,5.36181,6.35755,5.75
90.97326532,6.49355,6.49355,5.43166,6.41205,5.70316
90.97532373,6.57916,6.57916,5.54483,6.49917,5.62344
90.97783946,6.67974,6.67974,5.67868,6.6016,5.52352
90.9806005,6.78505,6.78505,5.82007,6.70893,5.41074
90.98612258,6.97981,6.97981,6.08615,6.90779,5.1756
90.99716225,7.3067,7.3067,6.55392,7.24317,4.66893
91.00802755,7.54815,7.54815,6.93303,7.49339,4.12522
91.02461131,7.76642,7.76642,7.36041,7.72578,3.21722
91.04396305,7.79847,7.79847,7.63377,7.77495,2.05306
91.07729587,7.32827,7.32827,7.56372,7.33299,-0.152051
91.0926971,6.89738,6.89738,7.30875,6.91376,-1.23338
91.10044395,6.63215,6.63215,7.12938,6.65388,-1.78542
91.10317091,6.53131,6.53131,7.05829,6.55481,-1.98023
91.10569208,6.43473,6.43473,6.98898,6.45983,-2.16034
91.11073443,6.23228,6.23228,6.84034,6.26038,-2.51868
91.1158011,6.01664,6.01664,6.67773,6.04756,-2.87507
91.12128216,5.76998,5.76998,6.48723,5.80375,-3.25445
91.12782149,5.45812,5.45812,6.24065,5.49509,-3.69535
91.14090015,4.78055,4.78055,5.68767,4.82371,-4.51857
91.14941462,4.30283,4.30283,5.28658,4.35011,-5.00078
91.15342492,4.06826,4.06826,5.08682,4.11754,-5.21145
91.15713983,3.84576,3.84576,4.89584,3.89697,-5.3966
91.16183883,3.5575,3.5575,4.64638,3.61125,-5.61707
91.16621707,3.28231,3.28231,4.40626,3.33854,-5.80898
91.17497355,2.71408,2.71408,3.90495,2.77558,-6.15513
91.18484731,2.04701,2.04701,3.30801,2.11486,-6.48681
91.20078351,0.919564,0.919564,2.28138,0.998305,-6.89455
91.22190425,-0.650082,-0.650082,0.819941,-0.556545,-7.19871
91.23313433,-1.51028,-1.51028,0.00266589,-1.41012,-7.25291
91.23824413,-1.90532,-1.90532,-0.377223,-1.80273,-7.25327
91.23986019,-2.03055,-2.03055,-0.49832,-1.92732,-7.24975
91.24091888,-2.11259,-2.11259,-0.577874,-2.00895,-7.24745
91.24194635,-2.19221,-2.19221,-0.655238,-2.08817,-7.24355
91.24400129,-2.3513,-2.3513,-0.810394,-2.2466,-7.23573
91.24811117,-2.66846,-2.66846,-1.12226,-2.5628,-7.21182
91.25164805,-2.93977,-2.93977,-1.39208,-2.83365,-7.18374
91.25417567,-3.13242,-3.13242,-1.58575,-3.02592,-7.15944
91.25558401,-3.23913,-3.23913,-1.69367,-3.13304,-7.14415
91.25621972,-3.2873,-3.2873,-1.74238,-3.18108,-7.13724
91.25723156,-3.3635,-3.3635,-1.8201,-3.25755,-7.12515
91.25817216,-3.43433,-3.43433,-1.89235,-3.32822,-7.11391
91.25931011,-3.51931,-3.51931,-1.97976,-3.41373,-7.09892
91.26077471,-3.62868,-3.62868,-2.09226,-3.5231,-7.07962
91.26330699,-3.81568,-3.81568,-2.28676,-3.71069,-7.04278
91.26837154,-4.18215,-4.18215,-2.67431,-4.07883,-6.95894
91.27850065,-4.87475,-4.87475,-3.43553,-4.77628,-6.75157
91.28495522,-5.28188,-5.28188,-3.90568,-5.18711,-6.59241
91.28787032,-5.4559,-5.4559,-4.11312,-5.36295,-6.51374
91.29021075,-5.59083,-5.59083,-4.27693,-5.49941,-6.44759
91.2923899,-5.71254,-5.71254,-4.42693,-5.6226,-6.38362
91.29440321,-5.82167,-5.82167,-4.56314,-5.73314,-6.32251
91.29842984,-6.03061,-6.03061,-4.8278,-5.94497,-6.1946
91.30151712,-6.18256,-6.18256,-5.02306,-6.0992,-6.09103
91.30204168,-6.20732,-6.20732,-5.05529,-6.12435,-6.07343
91.3030908,-6.25684,-6.25684,-5.11973,-6.17464,-6.03679
91.30365918,-6.28366,-6.28366,-5.15405,-6.20189,-6.01693
91.3044295,-6.31917,-6.31917,-5.20055,-6.23798,-5.99003
91.30478702,-6.33566,-6.33566,-5.22181,-6.25473,-5.97722
91.30537838,-6.36239,-6.36239,-5.25696,-6.2819,-5.95603
91.30616502,-6.39795,-6.39795,-5.30288,-6.31805,-5.92785
91.30701137,-6.4351,-6.4351,-5.35228,-6.35582,-5.89676
91.30850241,-6.50054,-6.50054,-5.43744,-6.42237,-5.84198
91.31036144,-6.57938,-6.57938,-5.54114,-6.50259,-5.77198
91.3129216,-6.684,-6.684,-5.67959,-6.6091,-5.67312
91.31567515,-6.79144,-6.79144,-5.82299,-6.71857,-5.56365
91.32118225,-6.99067,-6.99067,-6.09327,-6.92192,-5.33518
91.33219644,-7.32731,-7.32731,-6.57031,-7.2671,-4.84177
91.34297945,-7.57807,-7.57807,-6.95754,-7.52665,-4.31406
91.35932438,-7.81254,-7.81254,-7.39796,-7.77521,-3.43757
91.37855245,-7.87018,-7.87018,-7.69535,-7.85015,-2.30252
91.41146146,-7.45597,-7.45597,-7.67682,-7.46465,-0.159845
91.43038065,-6.94119,-6.94119,-7.37761,-6.96458,1.15358
91.43861194,-6.65722,-6.65722,-7.18412,-6.68637,1.73577
91.44162348,-6.54455,-6.54455,-7.10399,-6.57569,1.94936
91.44443018,-6.43549,-6.43549,-7.02496,-6.46841,2.14843
91.45004359,-6.20604,-6.20604,-6.85463,-6.2423,2.54404
91.45532641,-5.97666,-5.97666,-6.67971,-6.01583,2.91191
91.46099528,-5.71647,-5.71647,-6.47662,-5.75855,3.29961
91.46779307,-5.386,-5.386,-6.21271,-5.43135,3.75109
91.48138866,-4.66861,-4.66861,-5.62183,-4.72027,4.5873
91.48713815,-4.34348,-4.34348,-5.34745,-4.39783,4.90887
91.49026942,-4.1612,-4.1612,-5.19211,-4.21704,5.07477
91.49325787,-3.98396,-3.98396,-5.04009,-4.04126,5.22656
91.49564575,-3.8401,-3.8401,-4.91605,-3.89861,5.34321
91.49819965,-3.68409,-3.68409,-4.7809,-3.74392,5.46347
91.50330746,-3.36571,-3.36571,-4.50314,-3.42828,5.69047
91.50998173,-2.93745,-2.93745,-4.12578,-3.00383,5.96078
91.52160203,-2.16161,-2.16161,-3.4324,-2.23507,6.36279
91.53385915,-1.30612,-1.30612,-2.65515,-1.38755,6.69476
91.55171017,-0.00468791,-0.00468791,-1.45077,-0.0981964,7.01361
91.56519591,1.0129,1.0129,-0.492063,0.910454,7.12776
91.57203821,1.5375,1.5375,0.00840476,1.43107,7.14464
91.57556606,1.80952,1.80952,0.26971,1.70127,7.1427
91.576421,1.87544,1.87544,0.333351,1.76675,7.14095
91.5772178,1.93688,1.93688,0.392765,1.82794,7.13932
91.57814076,2.00811,2.00811,0.461702,1.8988,7.1364
91.5794517,2.10929,2.10929,0.559823,1.99946,7.13227
91.58122558,2.2462,2.2462,0.692961,2.13567,7.12465
91.5842958,2.48262,2.48262,0.924324,2.3712,7.10728
91.58971379,2.89728,2.89728,1.33505,2.78493,7.06381
91.59242399,3.10307,3.10307,1.54149,2.99058,7.03597
91.59585114,3.36118,3.36118,1.80324,3.24883,6.995
91.59672074,3.42612,3.42612,1.86966,3.31388,6.98337
91.59766576,3.4967,3.4967,1.94191,3.38458,6.97072
91.59898993,3.59501,3.59501,2.04315,3.4831,6.95188
91.60104348,3.74635,3.74635,2.20015,3.63489,6.92081
91.60492556,4.02819,4.02819,2.49627,3.91793,6.85596
91.61268973,4.57075,4.57075,3.08246,4.46398,6.70267
91.61871586,4.96832,4.96832,3.52847,4.86506,6.56243
91.6202224,5.06349,5.06349,3.6382,4.96122,6.52392
91.62356539,5.26969,5.26969,3.87918,5.16965,6.43524
91.62502288,5.35714,5.35714,3.98288,5.25807,6.39479
91.62537451,5.37788,5.37788,4.00789,5.27905,6.38504
91.62571301,5.39785,5.39785,4.03175,5.29925,6.37564
91.62605557,5.41806,5.41806,4.0559,5.31969,6.36582
91.62657562,5.44823,5.44823,4.09255,5.35022,6.35092
91.62737671,5.4947,5.4947,4.14848,5.39724,6.32796
91.62818558,5.54048,5.54048,4.20495,5.44358,6.30404
91.62945891,5.61254,5.61254,4.2929,5.51654,6.2664
91.63200556,5.75188,5.75188,4.46612,5.65774,6.1883
91.63619052,5.96982,5.96982,4.7421,5.87885,6.05334
91.63953326,6.13431,6.13431,4.954,6.04595,5.93971
91.64232293,6.26523,6.26523,5.12447,6.17906,5.84096
91.6444122,6.35954,6.35954,5.24814,6.27502,5.76471
91.64636831,6.445,6.445,5.36068,6.36202,5.69155
91.64783121,6.50713,6.50713,5.44282,6.4253,5.63574
91.64977711,6.58742,6.58742,5.54945,6.50712,5.56005
91.65267951,6.70225,6.70225,5.70306,6.62422,5.44413
91.65566504,6.81423,6.81423,5.85445,6.73855,5.32114
91.6616361,7.01974,7.01974,6.13786,6.94879,5.06411
91.67268223,7.33583,7.33583,6.59647,7.27394,4.55144
91.68409217,7.57616,7.57616,6.98305,7.52407,3.97414
91.70114124,7.77577,7.77577,7.39999,7.73901,3.0299
91.72169725,7.77064,7.77064,7.65335,7.7529,1.77877
91.75680941,7.18502,7.18502,7.49,7.1976,-0.566229
91.7694353,6.80431,6.80431,7.25354,6.82652,-1.45538
91.78173959,6.35326,6.35326,6.93799,6.38374,-2.32505
91.78505281,6.21867,6.21867,6.83897,6.25118,-2.55842
91.78852386,6.07198,6.07198,6.72907,6.10652,-2.80142
91.79546595,5.76184,5.76184,6.49098,5.8002,-3.27948
91.80464257,5.31905,5.31905,6.14012,5.36212,-3.88737
91.8184844,4.58522,4.58522,5.53736,4.63525,-4.72475
91.82414805,4.26306,4.26306,5.26608,4.31599,-5.03442
91.82749542,4.06695,4.06695,5.09928,4.12165,-5.20733
91.83069302,3.87584,3.87584,4.9356,3.93227,-5.36517
91.83357748,3.70037,3.70037,4.78442,3.75841,-5.50141
91.839306,3.34364,3.34364,4.47456,3.40502,-5.75519
91.84770012,2.80225,2.80225,3.99849,2.86882,-6.08813
91.8603514,1.94828,1.94828,3.23518,2.02323,-6.50539
91.87370735,1.00318,1.00318,2.37526,1.08749,-6.83834
91.89322609,-0.441462,-0.441462,1.03429,-0.343172,-7.13163
91.9052028,-1.35621,-1.35621,0.168855,-1.25026,-7.20019
91.91045323,-1.76189,-1.76189,-0.219528,-1.65313,-7.20394
91.91225487,-1.90157,-1.90157,-0.353949,-1.792,-7.20123
91.91291165,-1.95249,-1.95249,-0.403087,-1.84262,-7.20024
91.91377066,-2.01909,-2.01909,-0.467457,-1.90883,-7.19782
91.9150697,-2.1198,-2.1198,-0.565005,-2.00905,-7.19416
91.91723353,-2.28756,-2.28756,-0.728017,-2.17599,-7.18544
91.92113033,-2.58881,-2.58881,-1.02309,-2.47617,-7.16314
91.92503565,-2.88906,-2.88906,-1.32052,-2.7758,-7.13236
91.92785495,-3.10439,-3.10439,-1.53613,-2.99096,-7.10494
91.93113019,-3.35256,-3.35256,-1.78735,-3.23925,-7.06765
91.93204482,-3.42132,-3.42132,-1.85751,-3.30811,-7.05598
91.93296589,-3.49056,-3.49056,-1.92826,-3.37746,-7.04422
91.93423771,-3.58562,-3.58562,-2.02595,-3.47238,-7.02628
91.93614574,-3.72728,-3.72728,-2.17252,-3.61478,-6.99936
91.93967973,-3.98623,-3.98623,-2.44355,-3.87475,-6.94324
91.94674773,-4.48738,-4.48738,-2.98138,-4.37891,-6.81151
91.95328819,-4.92666,-4.92666,-3.47025,-4.82189,-6.66691
91.95492331,-5.03166,-5.03166,-3.59052,-4.92794,-6.62671
91.95861337,-5.26263,-5.26263,-3.85901,-5.16135,-6.53207
91.96026602,-5.36299,-5.36299,-3.97758,-5.26282,-6.48747
91.96063174,-5.38481,-5.38481,-4.00382,-5.28489,-6.4776
91.96096769,-5.40485,-5.40485,-4.02768,-5.30516,-6.46854
91.96131835,-5.42578,-5.42578,-4.0526,-5.32631,-6.45873
91.96186974,-5.45812,-5.45812,-4.09177,-5.35903,-6.44332
91.96267574,-5.5054,-5.5054,-4.14849,-5.40686,-6.42079
91.96350633,-5.5529,-5.5529,-4.20694,-5.45495,-6.3968
91.96485381,-5.62997,-5.62997,-4.30074,-5.53297,-6.35788
91.96754878,-5.77882,-5.77882,-4.48535,-5.6838,-6.27692
91.97205508,-6.01516,-6.01516,-4.78401,-5.92355,-6.13398
91.97555472,-6.18813,-6.18813,-5.00637,-6.09925,-6.01602
91.97611013,-6.21445,-6.21445,-5.04056,-6.12601,-5.9973
91.97722095,-6.26708,-6.26708,-5.10894,-6.17952,-5.95818
91.97866103,-6.33368,-6.33368,-5.19596,-6.24725,-5.90746
91.9790241,-6.35047,-6.35047,-5.21756,-6.26433,-5.89434
91.97958639,-6.37583,-6.37583,-5.251,-6.29014,-5.87401
91.98040043,-6.41256,-6.41256,-5.29855,-6.32751,-5.84459
91.98123107,-6.44896,-6.44896,-5.34707,-6.36456,-5.81383
91.98267269,-6.51213,-6.51213,-5.42947,-6.42887,-5.76044
91.98452869,-6.59077,-6.59077,-5.53313,-6.50896,-5.69004
91.98704026,-6.69334,-6.69334,-5.66917,-6.61351,-5.59241
91.98975174,-6.79916,-6.79916,-5.8107,-6.72146,-5.48399
91.9951747,-6.99563,-6.99563,-6.07772,-6.92222,-5.25799
92.00602063,-7.32859,-7.32859,-6.55011,-7.26408,-4.77086
92.01675266,-7.58035,-7.58035,-6.93885,-7.52507,-4.24517
92.0330034,-7.81741,-7.81741,-7.38246,-7.77687,-3.37394
92.05198811,-7.88065,-7.88065,-7.68465,-7.85805,-2.25509
92.08440749,-7.489,-7.489,-7.6872,-7.49625,-0.150841
92.10303759,-6.99439,-6.99439,-7.40783,-7.01713,1.13787
92.1111418,-6.72073,-6.72073,-7.22463,-6.74959,1.70913
92.1141066,-6.61205,-6.61205,-7.14852,-6.64304,1.91876
92.1168706,-6.50676,-6.50676,-7.0733,-6.53967,2.1142
92.1223986,-6.28511,-6.28511,-6.91089,-6.32164,2.50284
92.12884622,-6.00845,-6.00845,-6.70175,-6.04888,2.9501
92.13438474,-5.75567,-5.75567,-6.50554,-5.79922,3.32678
92.14079307,-5.4464,-5.4464,-6.26002,-5.49336,3.75043
92.15360974,-4.77718,-4.77718,-5.71243,-4.83074,4.53912
92.16017731,-4.4092,-4.4092,-5.40363,-4.46616,4.90634
92.16346014,-4.21915,-4.21915,-5.24235,-4.27785,5.0792
92.16659157,-4.03423,-4.03423,-5.08435,-4.09463,5.23694
92.16910527,-3.88331,-3.88331,-4.95465,-3.9451,5.35846
92.17183553,-3.71694,-3.71694,-4.81095,-3.78028,5.48538
92.17729605,-3.37688,-3.37688,-4.51499,-3.44345,5.72387
92.18478662,-2.89534,-2.89534,-4.09122,-2.96659,6.01883
92.19675661,-2.09292,-2.09292,-3.37432,-2.17211,6.41546
92.20973977,-1.18211,-1.18211,-2.5465,-1.27039,6.74437
92.2284469,0.189605,0.189605,-1.27547,0.0878757,7.03792
92.24114333,1.1517,1.1517,-0.367639,1.04128,7.11835
92.24712809,1.61148,1.61148,0.0713952,1.49751,7.12348
92.24968271,1.8087,1.8087,0.260744,1.69337,7.11883
92.25038617,1.863,1.863,0.313078,1.74731,7.11755
92.25124654,1.92942,1.92942,0.377187,1.81327,7.11473
92.25221489,2.00418,2.00418,0.449471,1.88764,7.11156
92.25347342,2.10134,2.10134,0.543615,1.98431,7.10576
92.25509623,2.22662,2.22662,0.665324,2.10895,7.09828
92.25786082,2.43971,2.43971,0.873434,2.32114,7.08115
92.26338999,2.86346,2.86346,1.29215,2.74378,7.03417
92.2663032,3.08495,3.08495,1.5139,2.96507,7.00264
92.26992769,3.35817,3.35817,1.79061,3.2384,6.95694
92.27085253,3.42729,3.42729,1.86122,3.30763,6.94392
92.27174159,3.49374,3.49374,1.92918,3.37418,6.9314
92.27303566,3.58989,3.58989,2.0281,3.47055,6.91145
92.27494797,3.73099,3.73099,2.17428,3.61207,6.88196
92.27848449,3.98845,3.98845,2.4441,3.8706,6.82111
92.28555754,4.48642,4.48642,2.97929,4.37173,6.67991
92.29243433,4.94378,4.94378,3.48968,4.83319,6.5182
92.29801033,5.29124,5.29124,3.89291,5.18444,6.36977
92.3003553,5.43048,5.43048,4.05906,5.32539,6.30278
92.30186647,5.5179,5.5179,4.16488,5.41394,6.25768
92.30331389,5.5999,5.5999,4.26519,5.49703,6.21447
92.30489058,5.68728,5.68728,4.37322,5.58564,6.16571
92.30769167,5.83763,5.83763,4.56159,5.73821,6.07619
92.31329384,6.12025,6.12025,4.92279,6.02543,5.88629
92.31436897,6.17132,6.17132,4.98924,6.0774,5.84752
92.31651924,6.27089,6.27089,5.11993,6.17878,5.76999
92.31731821,6.30789,6.30789,5.16746,6.21645,5.74036
92.31791233,6.33444,6.33444,5.2028,6.24349,5.71833
92.31845039,6.35847,6.35847,5.23423,6.26798,5.69839
92.31920072,6.39199,6.39199,5.27805,6.30213,5.67
92.31999351,6.42628,6.42628,5.32324,6.33707,5.64
92.32131961,6.48363,6.48363,5.39883,6.39553,5.589
92.32390211,6.59101,6.59101,5.54119,6.50506,5.48749
92.32625448,6.68473,6.68473,5.66635,6.60073,5.39253
92.32889376,6.78528,6.78528,5.80178,6.70347,5.28321
92.33417234,6.9719,6.9719,6.05737,6.8945,5.05595
92.34472948,7.28797,7.28797,6.50974,7.21964,4.56835
92.35555654,7.53394,7.53394,6.89451,7.47531,4.02497
92.37172357,7.75694,7.75694,7.32381,7.71348,3.13941
92.39078538,7.80433,7.80433,7.61195,7.77936,1.99511
92.42270996,7.3935,7.3935,7.59062,7.39844,-0.106931
92.43838968,6.97774,6.97774,7.35748,6.99602,-1.20174
92.44596048,6.72889,6.72889,7.19429,6.75311,-1.73879
92.44865531,6.63298,6.63298,7.12843,6.65922,-1.93053
92.45115268,6.54078,6.54078,7.06385,6.56884,-2.10823
92.45614742,6.34712,6.34712,6.92472,6.37865,-2.46201
92.46331925,6.04808,6.04808,6.70223,6.08424,-2.96344
92.46914419,5.78753,5.78753,6.50227,5.82719,-3.36231
92.47521718,5.49962,5.49962,6.27595,5.54275,-3.76687
92.48736317,4.87696,4.87696,5.77131,4.92685,-4.5243
92.49542317,4.43095,4.43095,5.39966,4.48539,-4.97892
92.49927987,4.20865,4.20865,5.21178,4.26532,-5.18132
92.50279284,4.00138,4.00138,5.03519,4.06015,-5.35662
92.50668106,3.76687,3.76687,4.83387,3.82803,-5.54059
92.51079188,3.51332,3.51332,4.61452,3.57709,-5.72384
92.51901351,2.98987,2.98987,4.15665,3.05914,-6.0569
92.52872303,2.34567,2.34567,3.5849,2.42181,-6.39448
92.54267932,1.3761,1.3761,2.7096,1.46262,-6.77681
92.56280552,-0.0954093,-0.0954093,1.35234,0.00654204,-7.12017
92.57725932,-1.19326,-1.19326,0.318749,-1.0809,-7.21858
92.58358082,-1.6811,-1.6811,-0.14685,-1.56488,-7.22333
92.58536879,-1.8198,-1.8198,-0.279912,-1.70259,-7.22014
92.5860552,-1.87304,-1.87304,-0.331143,-1.75546,-7.21891
92.58693298,-1.94113,-1.94113,-0.396766,-1.82307,-7.21623
92.58801854,-2.02534,-2.02534,-0.478085,-1.90681,-7.21293
92.5893281,-2.12693,-2.12693,-0.576412,-2.00784,-7.20773
92.59130737,-2.28046,-2.28046,-0.725478,-2.16053,-7.19804
92.59493973,-2.56153,-2.56153,-1.00036,-2.4404,-7.1746
92.59928614,-2.89596,-2.89596,-1.33121,-2.77394,-7.13699
92.60179503,-3.08775,-3.08775,-1.52301,-2.96548,-7.11056
92.60487891,-3.32182,-3.32182,-1.75944,-3.19951,-7.07341
92.60574649,-3.38719,-3.38719,-1.82596,-3.26494,-7.06181
92.60667885,-3.45744,-3.45744,-1.89755,-3.33525,-7.04935
92.60943917,-3.66364,-3.66364,-2.10952,-3.54184,-7.00909
92.61211879,-3.86144,-3.86144,-2.31516,-3.74023,-6.96616
92.61747802,-4.24837,-4.24837,-2.72474,-4.12899,-6.86906
92.62819648,-4.97536,-4.97536,-3.52711,-4.8615,-6.63105
92.63450031,-5.36756,-5.36756,-3.9832,-5.25768,-6.46438
92.63755031,-5.54684,-5.54684,-4.19844,-5.43907,-6.37677
92.64039484,-5.70751,-5.70751,-4.39517,-5.60179,-6.29106
92.64341355,-5.8711,-5.8711,-4.59903,-5.76764,-6.19593
92.64647863,-6.03004,-6.03004,-4.80019,-5.92894,-6.09503
92.64994354,-6.20123,-6.20123,-5.0197,-6.10285,-5.97532
92.65047909,-6.22652,-6.22652,-5.05258,-6.12856,-5.95682
92.65155019,-6.27711,-6.27711,-5.11833,-6.18,-5.91826
92.65212436,-6.30422,-6.30422,-5.15296,-6.20757,-5.89758
92.65290156,-6.34006,-6.34006,-5.19983,-6.24402,-5.8696
92.65326211,-6.35669,-6.35669,-5.22124,-6.26094,-5.8563
92.65387683,-6.38448,-6.38448,-5.25773,-6.28922,-5.83361
92.65464743,-6.41932,-6.41932,-5.30265,-6.32467,-5.80517
92.65551149,-6.45722,-6.45722,-5.35302,-6.36325,-5.7725
92.65706355,-6.5253,-6.5253,-5.44149,-6.43256,-5.71381
92.65902698,-6.60839,-6.60839,-5.55068,-6.51719,-5.63771
92.66160129,-6.71323,-6.71323,-5.68934,-6.62407,-5.53543
92.66439757,-6.8219,-6.8219,-5.83432,-6.73495,-5.42117
92.66999013,-7.02309,-7.02309,-6.10728,-6.94062,-5.183
92.68100669,-7.35722,-7.35722,-6.58123,-7.2839,-4.67786
92.69194624,-7.60842,-7.60842,-6.97043,-7.54467,-4.1316
92.70842011,-7.83835,-7.83835,-7.40743,-7.78986,-3.23294
92.72800522,-7.88658,-7.88658,-7.69943,-7.85703,-2.0606
92.76136468,-7.44202,-7.44202,-7.65535,-7.44388,0.132247
92.77706618,-7.01427,-7.01427,-7.40721,-7.02964,1.22622
92.7848525,-6.75284,-6.75284,-7.23223,-6.77441,1.77657
92.78760458,-6.65286,-6.65286,-7.16234,-6.67652,1.97149
92.79015103,-6.55696,-6.55696,-7.09404,-6.5825,2.15186
92.79524395,-6.35568,-6.35568,-6.94724,-6.38481,2.51054
92.80210553,-6.06512,-6.06512,-6.72844,-6.09875,2.98712
92.80776667,-5.80913,-5.80913,-6.53017,-5.84624,3.37204
92.81383177,-5.51913,-5.51913,-6.30047,-5.55981,3.77296
92.82596196,-4.89325,-4.89325,-5.79006,-4.94086,4.52227
92.83399714,-4.4466,-4.4466,-5.41599,-4.49888,4.97026
92.83781496,-4.22579,-4.22579,-5.22853,-4.28034,5.16808
92.84131254,-4.01887,-4.01887,-5.05151,-4.07556,5.34029
92.84536889,-3.77358,-3.77358,-4.84008,-3.83283,5.52923
92.84947957,-3.51938,-3.51938,-4.6193,-3.58132,5.70914
92.85770091,-2.99501,-2.99501,-4.15897,-3.06259,6.03531
92.86717486,-2.36626,-2.36626,-3.59924,-2.4407,6.35713
92.88157118,-1.36673,-1.36673,-2.69443,-1.45213,6.73847
92.90289088,0.19137,0.19137,-1.25272,0.0892698,7.07131
92.91671209,1.23934,1.23934,-0.2629,1.12719,7.14252
92.92284952,1.71128,1.71128,0.188728,1.59533,7.13832
92.92461268,1.84744,1.84744,0.319728,1.73054,7.13275
92.92524919,1.8966,1.8966,0.367146,1.77935,7.13074
92.92622696,1.97212,1.97212,0.440105,1.85433,7.12641
92.92733837,2.05795,2.05795,0.523202,1.93964,7.12148
92.92880356,2.17111,2.17111,0.633008,2.05211,7.11352
92.93117069,2.35371,2.35371,0.810995,2.23381,7.09811
92.93590495,2.71744,2.71744,1.1689,2.59615,7.05794
92.93964107,3.0024,3.0024,1.45288,2.88051,7.01752
92.94298922,3.25568,3.25568,1.70833,3.13362,6.97483
92.94370276,3.30928,3.30928,1.76277,3.18724,6.96476
92.94467069,3.38197,3.38197,1.83676,3.25996,6.9511
92.94684614,3.54424,3.54424,2.00305,3.42244,6.91814
92.94847233,3.66462,3.66462,2.12735,3.54306,6.89186
92.95136814,3.87672,3.87672,2.34847,3.75581,6.8416
92.95715977,4.29048,4.29048,2.78838,4.17161,6.72797
92.96874301,5.06073,5.06073,3.64602,4.948,6.44975
92.97322728,5.3352,5.3352,3.96732,5.22534,6.32412
92.97570488,5.48041,5.48041,4.14151,5.37226,6.2505
92.97809074,5.61565,5.61565,4.30653,5.50919,6.17682
92.98014072,5.7282,5.7282,4.44591,5.62325,6.11137
92.98239816,5.84831,5.84831,4.59657,5.74506,6.03702
92.98691304,6.07678,6.07678,4.88779,5.97702,5.8813
92.98999999,6.22418,6.22418,5.07846,6.12685,5.76951
92.99169076,6.30138,6.30138,5.17978,6.20539,5.70613
92.99258975,6.34242,6.34242,5.23241,6.24715,5.67244
92.9934447,6.38005,6.38005,5.28246,6.28545,5.63953
92.99455183,6.42877,6.42877,5.34544,6.33505,5.59692
92.99573281,6.47942,6.47942,5.41262,6.38664,5.55066
92.99809478,6.57776,6.57776,5.5426,6.48683,5.45634
93.00061759,6.67846,6.67846,5.67664,6.58951,5.35298
93.00307495,6.77226,6.77226,5.80257,6.68525,5.24972
93.00798969,6.94732,6.94732,6.04117,6.86421,5.03576
93.01781915,7.24781,7.24781,6.46727,7.17273,4.57927
93.02871203,7.50453,7.50453,6.86213,7.43876,4.03124
93.04431836,7.73529,7.73529,7.28991,7.68358,3.17564
93.06324679,7.8047,7.8047,7.59602,7.77077,2.04011
93.09344285,7.4651,7.4651,7.62242,7.45906,0.056131
93.11095916,7.02732,7.02732,7.38755,7.03616,-1.16498
93.11866029,6.78133,6.78133,7.2281,6.79623,-1.71166
93.12147088,6.68366,6.68366,7.16155,6.70068,-1.91186
93.12408882,6.58903,6.58903,7.09567,6.60797,-2.09833
93.12932472,6.38952,6.38952,6.95289,6.41211,-2.46953
93.1353893,6.1418,6.1418,6.76954,6.16835,-2.89462
93.14124881,5.88598,5.88598,6.57449,5.91613,-3.29783
93.14685003,5.62677,5.62677,6.37201,5.66021,-3.6738
93.15805247,5.06772,5.06772,5.92214,5.10756,-4.38447
93.16655727,4.60884,4.60884,5.54217,4.65358,-4.87687
93.17023495,4.40153,4.40153,5.36789,4.44844,-5.0754
93.17308196,4.2375,4.2375,5.22896,4.28613,-5.22258
93.1753865,4.10254,4.10254,5.11401,4.15259,-5.33746
93.17773993,3.96274,3.96274,4.99436,4.01427,-5.45089
93.1824468,3.67735,3.67735,4.74838,3.73195,-5.66626
93.19186053,3.08475,3.08475,4.23097,3.14584,-6.05289
93.20222712,2.401,2.401,3.62423,2.46973,-6.41283
93.21655954,1.40837,1.40837,2.72763,1.48826,-6.8002
93.23245394,0.253653,0.253653,1.66457,0.346364,-7.08363
93.24690626,-0.835261,-0.835261,0.644397,-0.730974,-7.21088
93.25499657,-1.45702,-1.45702,0.0538913,-1.34689,-7.22881
93.25901027,-1.76785,-1.76785,-0.243656,-1.65499,-7.2237
93.26037945,-1.87388,-1.87388,-0.345805,-1.76048,-7.21958
93.26107199,-1.92762,-1.92762,-0.397589,-1.81383,-7.21749
93.26198605,-1.99856,-1.99856,-0.466049,-1.88426,-7.21366
93.26321886,-2.09422,-2.09422,-0.558576,-1.97924,-7.20848
93.26493237,-2.22719,-2.22719,-0.687539,-2.11129,-7.19944
93.26780837,-2.44999,-2.44999,-0.904868,-2.33295,-7.18058
93.27356036,-2.89302,-2.89302,-1.34232,-2.77431,-7.12922
93.27625726,-3.09916,-3.09916,-1.54852,-2.98,-7.09891
93.27968028,-3.35875,-3.35875,-1.811,-3.23935,-7.05477
93.28052755,-3.42249,-3.42249,-1.87597,-3.3031,-7.04265
93.28149521,-3.49528,-3.49528,-1.95027,-3.37591,-7.02882
93.28289492,-3.59995,-3.59995,-2.05774,-3.48067,-7.0076
93.28510394,-3.76388,-3.76388,-2.22735,-3.64486,-6.97202
93.2894095,-4.0782,-4.0782,-2.5571,-3.96011,-6.89534
93.29802061,-4.68012,-4.68012,-3.20855,-4.56526,-6.7135
93.30017339,-4.82319,-4.82319,-3.3688,-4.70945,-6.66099
93.30447895,-5.10165,-5.10165,-3.68573,-4.99027,-6.5505
93.30555533,-5.16911,-5.16911,-3.76356,-5.05835,-6.52095
93.30770811,-5.30185,-5.30185,-3.91921,-5.19236,-6.46186
93.30964903,-5.41864,-5.41864,-4.05769,-5.31029,-6.40624
93.31007912,-5.44396,-5.44396,-4.08808,-5.33588,-6.39391
93.31086888,-5.49047,-5.49047,-4.14387,-5.38286,-6.37055
93.31165743,-5.53591,-5.53591,-4.19899,-5.42879,-6.34722
93.31269133,-5.59548,-5.59548,-4.27126,-5.489,-6.31549
93.31475911,-5.71136,-5.71136,-4.41367,-5.60621,-6.25202
93.31816699,-5.89499,-5.89499,-4.64288,-5.79212,-6.14226
93.32498274,-6.23593,-6.23593,-5.07728,-6.13781,-5.9069
93.32727352,-6.34279,-6.34279,-5.2156,-6.2463,-5.82311
93.32901753,-6.4216,-6.4216,-5.31814,-6.32635,-5.75776
93.33059093,-6.49083,-6.49083,-5.40856,-6.39671,-5.69713
93.33217681,-6.55884,-6.55884,-5.49771,-6.46586,-5.63601
93.33440322,-6.65135,-6.65135,-5.61957,-6.55995,-5.54764
93.33670772,-6.74347,-6.74347,-5.74172,-6.65372,-5.45396
93.34131672,-6.91671,-6.91671,-5.97429,-6.83028,-5.26001
93.35053472,-7.21968,-7.21968,-6.39431,-7.14012,-4.84668
93.36096482,-7.49338,-7.49338,-6.79928,-7.42201,-4.34013
93.37554091,-7.75507,-7.75507,-7.24369,-7.69592,-3.56858
93.39296508,-7.88754,-7.88754,-7.59325,-7.84391,-2.55942
93.42015487,-7.72037,-7.72037,-7.75749,-7.70152,-0.831413
93.44012316,-7.32207,-7.32207,-7.59341,-7.32068,0.531352
93.45017119,-7.03732,-7.03732,-7.42273,-7.04416,1.23879
93.46031447,-6.69594,-6.69594,-7.19331,-6.71046,1.95812
93.46303945,-6.59518,-6.59518,-7.12205,-6.61165,2.15136
93.46574371,-6.49154,-6.49154,-7.04741,-6.50988,2.34287
93.47022224,-6.31212,-6.31212,-6.91541,-6.33342,2.65814
93.47492907,-6.11333,-6.11333,-6.76559,-6.13757,2.98579
93.48080672,-5.85082,-5.85082,-6.56294,-5.87853,3.38737
93.4871644,-5.54958,-5.54958,-6.32477,-5.5809,3.80904
93.49987976,-4.89654,-4.89654,-5.79228,-4.93491,4.59367
93.50588092,-4.56582,-4.56582,-5.51576,-4.60757,4.9313
93.50900786,-4.38799,-4.38799,-5.36548,-4.43155,5.09771
93.5116817,-4.23306,-4.23306,-5.23371,-4.27819,5.23445
93.51392462,-4.10111,-4.10111,-5.1209,-4.14759,5.34514
93.51630004,-3.95943,-3.95943,-4.99921,-4.00738,5.45843
93.52105088,-3.67032,-3.67032,-4.74918,-3.7213,5.6732
93.52722405,-3.28367,-3.28367,-4.41147,-3.33878,5.92947
93.53957037,-2.47619,-2.47619,-3.69545,-2.54014,6.36777
93.55082613,-1.70409,-1.70409,-2.99902,-1.77661,6.68325
93.56880383,-0.412192,-0.412192,-1.81194,-0.499012,7.02545
93.58864606,1.07618,1.07618,-0.413662,0.974048,7.17865
93.59658158,1.68449,1.68449,0.168136,1.5772,7.17513
93.60081449,2.01064,2.01064,0.48298,1.90104,7.15838
93.60224964,2.12121,2.12121,0.590374,2.01084,7.14984
93.6035786,2.22361,2.22361,0.690083,2.11263,7.14193
93.60556285,2.37639,2.37639,0.839379,2.26461,7.12747
93.60953136,2.68089,2.68089,1.13933,2.56779,7.09199
93.61298037,2.9439,2.9439,1.40128,2.83002,7.0541
93.61547658,3.133,3.133,1.59162,3.01849,7.02262
93.61682051,3.2342,3.2342,1.6941,3.11997,7.00403
93.61746866,3.28301,3.28301,1.74352,3.16858,6.99507
93.61848378,3.35898,3.35898,1.82109,3.24472,6.97994
93.61942712,3.42957,3.42957,1.89318,3.31506,6.96589
93.62056008,3.51363,3.51363,1.97976,3.39954,6.94764
93.62200114,3.62055,3.62055,2.08989,3.50633,6.92443
93.6244781,3.8023,3.8023,2.27906,3.68842,6.88121
93.62943201,4.15855,4.15855,2.65601,4.04586,6.78516
93.63933984,4.83263,4.83263,3.39666,4.72395,6.55545
93.64594669,5.24735,5.24735,3.87531,5.1421,6.37505
93.64890728,5.42298,5.42298,4.08474,5.31944,6.28726
93.6507791,5.53049,5.53049,4.21519,5.42808,6.22957
93.65256334,5.63036,5.63036,4.33792,5.52906,6.17303
93.65438914,5.7299,5.7299,4.46171,5.62978,6.11363
93.65804074,5.92116,5.92116,4.70318,5.82348,5.99018
93.66294623,6.16217,6.16217,5.01307,6.06787,5.81478
93.66464585,6.24094,6.24094,5.11618,6.14785,5.75101
93.6652034,6.26679,6.26679,5.14938,6.17408,5.7301
93.66561621,6.28544,6.28544,5.17396,6.19303,5.71461
93.66602157,6.30376,6.30376,5.1981,6.21163,5.69904
93.66640826,6.32123,6.32123,5.22072,6.22938,5.68419
93.66718164,6.35543,6.35543,5.26597,6.26412,5.65449
93.66790771,6.38754,6.38754,5.30757,6.29674,5.62608
93.66894672,6.43254,6.43254,5.3671,6.34247,5.58543
93.67102474,6.52025,6.52025,5.48294,6.43164,5.50239
93.67304596,6.60263,6.60263,5.59235,6.51543,5.41986
93.67629213,6.72896,6.72896,5.76154,6.64403,5.2837
93.67986289,6.85946,6.85946,5.93861,6.77705,5.12888
93.68700442,7.09415,7.09415,6.26537,7.01688,4.80389
93.69806956,7.3894,7.3894,6.70193,7.32047,4.26194
93.7109323,7.62975,7.62975,7.10563,7.57109,3.57729
93.72889849,7.78491,7.78491,7.48735,7.74143,2.53341
93.75267267,7.67987,7.67987,7.67627,7.65698,1.02115
93.77353084,7.31131,7.31131,7.55664,7.30582,-0.402651
93.78440345,7.02116,7.02116,7.39195,7.02414,-1.1716
93.79024281,6.83867,6.83867,7.27542,6.84595,-1.58932
93.79225528,6.77156,6.77156,7.23078,6.78027,-1.73379
93.79411839,6.70755,6.70755,7.18746,6.71756,-1.86754
93.79784461,6.57424,6.57424,7.09515,6.58677,-2.13478
93.80390919,6.34252,6.34252,6.92904,6.35891,-2.5672
93.81107817,6.04573,6.04573,6.70791,6.06634,-3.07083
93.81718665,5.7739,5.7739,6.49884,5.79787,-3.49031
93.82366253,5.46738,5.46738,6.25709,5.49476,-3.92132
93.83661429,4.80135,4.80135,5.71469,4.83552,-4.71983
93.84180961,4.51502,4.51502,5.47568,4.55198,-5.01211
93.84465459,4.35375,4.35375,5.33975,4.39228,-5.16445
93.84738633,4.19604,4.19604,5.20597,4.23612,-5.30527
93.84986548,4.05054,4.05054,5.08187,4.09206,-5.42842
93.85261037,3.88689,3.88689,4.94152,3.93005,-5.55968
93.85810013,3.55182,3.55182,4.65184,3.59841,-5.8067
93.86720428,2.97463,2.97463,4.14622,3.02728,-6.17247
93.8793484,2.16654,2.16654,3.42621,2.22791,-6.57791
93.89323849,1.19531,1.19531,2.5449,1.26729,-6.92906
93.91214955,-0.191788,-0.191788,1.26058,-0.104817,-7.21909
93.92505011,-1.17145,-1.17145,0.33653,-1.07464,-7.29511
93.9309715,-1.6277,-1.6277,-0.0990534,-1.52687,-7.29744
93.93304976,-1.78866,-1.78866,-0.253488,-1.68652,-7.29304
93.93373829,-1.84198,-1.84198,-0.304818,-1.73942,-7.29159
93.93452506,-1.90292,-1.90292,-0.363566,-1.79986,-7.28889
93.93559097,-1.98547,-1.98547,-0.443308,-1.88188,-7.28522
93.93682782,-2.08131,-2.08131,-0.536049,-1.97706,-7.27932
93.93849956,-2.21085,-2.21085,-0.661745,-2.1057,-7.27133
93.94136483,-2.43254,-2.43254,-0.878049,-2.32619,-7.25301
93.94709536,-2.87345,-2.87345,-1.31348,-2.76525,-7.20274
93.94992373,-3.0894,-3.0894,-1.52957,-2.98062,-7.17129
93.95347732,-3.35852,-3.35852,-1.80192,-3.24935,-7.1256
93.95434229,-3.4235,-3.4235,-1.86822,-3.3143,-7.11323
93.95527892,-3.49385,-3.49385,-1.9401,-3.38462,-7.09984
93.95663118,-3.59483,-3.59483,-2.04389,-3.48562,-7.07936
93.95873956,-3.75112,-3.75112,-2.20571,-3.64205,-7.0455
93.96276654,-4.04513,-4.04513,-2.51412,-3.93664,-6.97433
93.9708205,-4.61035,-4.61035,-3.12446,-4.50418,-6.80691
93.976998,-5.01879,-5.01879,-3.58298,-4.91515,-6.65626
93.98216657,-5.34033,-5.34033,-3.95722,-5.23906,-6.51571
93.98447903,-5.4777,-5.4777,-4.12135,-5.37757,-6.44861
93.98656764,-5.59812,-5.59812,-4.26748,-5.49908,-6.3858
93.98836491,-5.69895,-5.69895,-4.39145,-5.60089,-6.33009
93.99027971,-5.80354,-5.80354,-4.52154,-5.70656,-6.26907
93.9941093,-6.00423,-6.00423,-4.77486,-5.90951,-6.14193
93.99715101,-6.15574,-6.15574,-4.96894,-6.06288,-6.03617
93.99969653,-6.27728,-6.27728,-5.12609,-6.186,-5.94445
94.00151797,-6.36135,-6.36135,-5.23543,-6.27121,-5.87677
94.00220097,-6.39202,-6.39202,-5.27546,-6.3023,-5.85139
94.00318363,-6.43615,-6.43615,-5.33305,-6.34704,-5.8139
94.00422318,-6.48183,-6.48183,-5.39283,-6.39337,-5.77423
94.00614548,-6.56429,-6.56429,-5.5011,-6.47704,-5.69925
94.00822122,-6.65042,-6.65042,-5.61477,-6.56446,-5.61649
94.01045418,-6.73972,-6.73972,-5.73338,-6.65516,-5.52543
94.01492012,-6.90798,-6.90798,-5.95957,-6.82625,-5.33707
94.02385199,-7.2036,-7.2036,-6.3695,-7.12772,-4.93632
94.03426779,-7.4803,-7.4803,-6.77833,-7.41169,-4.43048
94.04848907,-7.74185,-7.74185,-7.21953,-7.68392,-3.67804
94.06582711,-7.88349,-7.88349,-7.57887,-7.83952,-2.67445
94.09218646,-7.74259,-7.74259,-7.76214,-7.72058,-1.00015
94.11337245,-7.33412,-7.33412,-7.60437,-7.32911,0.447491
94.12423859,-7.02718,-7.02718,-7.42161,-7.03031,1.21552
94.13003522,-6.83753,-6.83753,-7.29675,-6.84474,1.62942
94.13205312,-6.76738,-6.76738,-7.24891,-6.77597,1.7739
94.13390965,-6.701,-6.701,-7.20293,-6.71083,1.90683
94.1376227,-6.5631,-6.5631,-7.10544,-6.57533,2.17225
94.14347703,-6.33206,-6.33206,-6.93704,-6.34784,2.58803
94.15051464,-6.03292,-6.03292,-6.71137,-6.05263,3.0802
94.15646361,-5.76239,-5.76239,-6.50132,-5.7852,3.48672
94.16280314,-5.45696,-5.45696,-6.25861,-5.48292,3.90662
94.17548221,-4.79641,-4.79641,-5.71785,-4.82863,4.68545
94.18071195,-4.50534,-4.50534,-5.47392,-4.54022,4.97882
94.18358522,-4.34098,-4.34098,-5.33488,-4.37735,5.13213
94.18632344,-4.18152,-4.18152,-5.19915,-4.21936,5.27267
94.18859063,-4.04746,-4.04746,-5.08445,-4.08655,5.3849
94.19106309,-3.89923,-3.89923,-4.95701,-3.9397,5.50307
94.19600802,-3.59657,-3.59657,-4.69496,-3.63995,5.72664
94.20376187,-3.10624,-3.10624,-4.26558,-3.15448,6.0441
94.21568513,-2.3179,-2.3179,-3.56427,-2.3742,6.4562
94.22825752,-1.44644,-1.44644,-2.77549,-1.51188,6.79348
94.24617016,-0.146578,-0.146578,-1.57642,-0.225664,7.10618
94.26070716,0.947845,0.947845,-0.547889,0.857702,7.21819
94.2681938,1.52161,1.52161,-0.00133573,1.42634,7.22719
94.27194488,1.8109,1.8109,0.276306,1.71332,7.21943
94.27292079,1.88617,1.88617,0.348929,1.78798,7.21586
94.2736824,1.94491,1.94491,0.405707,1.8464,7.21308
94.27461114,2.0166,2.0166,0.475059,1.91763,7.20862
94.27598004,2.12227,2.12227,0.577498,2.02262,7.20204
94.27807607,2.28406,2.28406,0.734832,2.18338,7.18937
94.28188436,2.57711,2.57711,1.02206,2.47497,7.16004
94.28582592,2.8787,2.8787,1.32095,2.77545,7.12119
94.28866894,3.09475,3.09475,1.53738,2.99098,7.08785
94.29197415,3.34388,3.34388,1.78969,3.23979,7.04354
94.29289846,3.41299,3.41299,1.86025,3.30887,7.02986
94.29381372,3.48142,3.48142,1.9302,3.37728,7.01631
94.29508629,3.576,3.576,2.02745,3.47155,6.99577
94.29697057,3.71512,3.71512,2.17145,3.61113,6.96536
94.30044495,3.96828,3.96828,2.43649,3.86478,6.90317
94.30739371,4.45844,4.45844,2.96235,4.35678,6.75992
94.31582241,5.01597,5.01597,3.58591,4.91762,6.5532
94.3202761,5.29143,5.29143,3.9067,5.19512,6.42963
94.32247805,5.42216,5.42216,4.06257,5.32693,6.36494
94.32381119,5.49945,5.49945,4.15552,5.40489,6.32422
94.32508064,5.57169,5.57169,4.24402,5.47779,6.28545
94.32659083,5.65592,5.65592,4.34773,5.56284,6.23784
94.32898473,5.78568,5.78568,4.50949,5.69395,6.16017
94.33377253,6.03187,6.03187,4.82205,5.94297,5.99685
94.33740777,6.20662,6.20662,5.0486,6.11995,5.86548
94.33781076,6.22599,6.22599,5.07289,6.13957,5.85091
94.33907929,6.28412,6.28412,5.14938,6.19849,5.80333
94.33980006,6.31714,6.31714,5.19208,6.23197,5.77629
94.34015409,6.33289,6.33289,5.21305,6.24794,5.76272
94.34159722,6.39709,6.39709,5.29704,6.31303,5.7074
94.34251519,6.43643,6.43643,5.34957,6.35296,5.67131
94.34433145,6.51429,6.51429,5.45149,6.43194,5.59988
94.34639253,6.59914,6.59914,5.56399,6.51807,5.5167
94.34934336,6.71542,6.71542,5.71936,6.6362,5.39445
94.35245941,6.83163,6.83163,5.87634,6.75436,5.26138
94.35869152,7.04394,7.04394,6.16927,6.97065,4.98336
94.36971749,7.35474,7.35474,6.62123,7.28883,4.45446
94.38148852,7.59639,7.59639,7.01268,7.53889,3.84079
94.3987421,7.7862,7.7862,7.4209,7.74188,2.85912
94.42009022,7.75991,7.75991,7.66098,7.73262,1.52867
94.45618358,7.10797,7.10797,7.43844,7.10751,-0.920415
94.46740669,6.75598,6.75598,7.21328,6.76288,-1.71625
94.47181724,6.59912,6.59912,7.10523,6.60872,-2.03094
94.47604161,6.43956,6.43956,6.99178,6.45161,-2.33169
94.48093208,6.24388,6.24388,6.84863,6.2586,-2.67745
94.4859618,6.03068,6.03068,6.68846,6.04798,-3.02873
94.49143646,5.78527,5.78527,6.49957,5.80523,-3.40399
94.50238579,5.2548,5.2548,6.07813,5.27983,-4.12061
94.50512313,5.11248,5.11248,5.96204,5.13875,-4.29005
94.51059779,4.8206,4.8206,5.72175,4.84938,-4.61814
94.51476485,4.59114,4.59114,5.53064,4.62188,-4.85578
94.51700788,4.46495,4.46495,5.42474,4.49677,-4.97888
94.51928892,4.33469,4.33469,5.31487,4.36764,-5.10034
94.52048575,4.26529,4.26529,5.25602,4.29885,-5.16252
94.52176749,4.19097,4.19097,5.19299,4.22518,-5.22794
94.52433097,4.03998,4.03998,5.06426,4.07553,-5.35519
94.52945792,3.73108,3.73108,4.79882,3.76944,-5.59587
94.53971184,3.08725,3.08725,4.23759,3.13174,-6.02457
94.55018776,2.39636,2.39636,3.62493,2.4477,-6.39262
94.56468861,1.39164,1.39164,2.71778,1.4532,-6.78921
94.5791939,0.338899,0.338899,1.74961,0.411259,-7.05771
94.59419285,-0.789195,-0.789195,0.694245,-0.705547,-7.20354
94.60267993,-1.44099,-1.44099,0.0757305,-1.35152,-7.2277
94.60677135,-1.75759,-1.75759,-0.227338,-1.66562,-7.22449
94.60816189,-1.86547,-1.86547,-0.331014,-1.77276,-7.22094
94.60884098,-1.91816,-1.91816,-0.381761,-1.82508,-7.21921
94.60975475,-1.98905,-1.98905,-0.450157,-1.89549,-7.21578
94.61101624,-2.08692,-2.08692,-0.544785,-1.99269,-7.21105
94.61285164,-2.22932,-2.22932,-0.682863,-2.13413,-7.2021
94.61599434,-2.47271,-2.47271,-0.920324,-2.37632,-7.18242
94.62133004,-2.8836,-2.8836,-1.32605,-2.78564,-7.13652
94.62404054,-3.0908,-3.0908,-1.53321,-2.99234,-7.10723
94.62745009,-3.34942,-3.34942,-1.79458,-3.25061,-7.06474
94.6283347,-3.41599,-3.41599,-1.8624,-3.31715,-7.05247
94.62926674,-3.48612,-3.48612,-1.93395,-3.38726,-7.03954
94.63056132,-3.58298,-3.58298,-2.03333,-3.48414,-7.01983
94.6325547,-3.7311,-3.7311,-2.18636,-3.63238,-6.98948
94.63628592,-4.00452,-4.00452,-2.4723,-3.9063,-6.92577
94.64374836,-4.53244,-4.53244,-3.03911,-4.43616,-6.77682
94.64966009,-4.92891,-4.92891,-3.48019,-4.83485,-6.63879
94.65113803,-5.02409,-5.02409,-3.58886,-4.93067,-6.60099
94.6540939,-5.21057,-5.21057,-3.8043,-5.11846,-6.52283
94.65590264,-5.32167,-5.32167,-3.93427,-5.23036,-6.47271
94.65684979,-5.37865,-5.37865,-4.00233,-5.28776,-6.44646
94.65738412,-5.41079,-5.41079,-4.04023,-5.32014,-6.4311
94.6584491,-5.47375,-5.47375,-4.11579,-5.38359,-6.4005
94.66034703,-5.58362,-5.58362,-4.24884,-5.49436,-6.34438
94.66194859,-5.67403,-5.67403,-4.35968,-5.58557,-6.2957
94.66515172,-5.84876,-5.84876,-4.57694,-5.76198,-6.19473
94.67079484,-6.1375,-6.1375,-4.94332,-6.05389,-6.00539
94.67385861,-6.2843,-6.2843,-5.13265,-6.20248,-5.89655
94.67536351,-6.3539,-6.3539,-5.22301,-6.27297,-5.84115
94.6765636,-6.40774,-6.40774,-5.29377,-6.32752,-5.79697
94.67770417,-6.45891,-6.45891,-5.35994,-6.37936,-5.7537
94.67894357,-6.51293,-6.51293,-5.43065,-6.43412,-5.70669
94.68094911,-6.59807,-6.59807,-5.5425,-6.52044,-5.62872
94.68347798,-6.70142,-6.70142,-5.67911,-6.62528,-5.52796
94.68623649,-6.80908,-6.80908,-5.82263,-6.73458,-5.41498
94.69175351,-7.0087,-7.0087,-6.09311,-6.93754,-5.17963
94.70276637,-7.34531,-7.34531,-6.56949,-7.28115,-4.67407
94.71355463,-7.59614,-7.59614,-6.95632,-7.53934,-4.13511
94.73003464,-7.8316,-7.8316,-7.39876,-7.78693,-3.23613
94.74920505,-7.88733,-7.88733,-7.69299,-7.85767,-2.08953
94.78230623,-7.46623,-7.46623,-7.66946,-7.46211,0.0834357
94.79855226,-7.03171,-7.03171,-7.42088,-7.03902,1.21448
94.80636937,-6.77176,-6.77176,-7.24773,-6.78412,1.76696
94.80915458,-6.67141,-6.67141,-7.17783,-6.68548,1.96424
94.81173569,-6.57491,-6.57491,-7.10932,-6.59051,2.14706
94.81689791,-6.37217,-6.37217,-6.96179,-6.39067,2.51063
94.82407357,-6.0694,-6.0694,-6.73399,-6.09161,3.00868
94.82990417,-5.80597,-5.80597,-6.52991,-5.83096,3.40437
94.83598275,-5.51531,-5.51531,-6.29954,-5.54307,3.80499
94.84813992,-4.8879,-4.8879,-5.78757,-4.92112,4.55256
94.8548937,-4.51394,-4.51394,-5.47467,-4.55028,4.93015
94.85812975,-4.32857,-4.32857,-5.31774,-4.36645,5.10032
94.8612265,-4.14758,-4.14758,-5.16348,-4.18699,5.25617
94.86375661,-3.99717,-3.99717,-5.03454,-4.03788,5.37839
94.86656292,-3.82775,-3.82775,-4.88853,-3.86994,5.50865
94.87217555,-3.48105,-3.48105,-4.58739,-3.52635,5.75299
94.88142844,-2.88801,-2.88801,-4.06562,-2.93883,6.11039
94.89396977,-2.04548,-2.04548,-3.31186,-2.10446,6.50747
94.9079731,-1.05882,-1.05882,-2.41323,-1.12758,6.83514
94.92749852,0.380525,0.380525,-1.07578,0.297608,7.09391
94.93992869,1.3259,1.3259,-0.180618,1.23469,7.14101
94.94534039,1.7423,1.7423,0.218415,1.64799,7.13338
94.94714502,1.88164,1.88164,0.352621,1.78645,7.12674
94.94780481,1.93259,1.93259,0.401819,1.83707,7.12432
94.9486793,2.00011,2.00011,0.467127,1.90417,7.11995
94.94995279,2.09844,2.09844,0.562424,2.00187,7.1136
94.95197877,2.25479,2.25479,0.714479,2.15725,7.10112
94.95555169,2.52989,2.52989,0.983863,2.43127,7.07352
94.96011274,2.87899,2.87899,1.32971,2.77932,7.02805
94.96269241,3.07507,3.07507,1.52614,2.97506,6.99728
94.96587853,3.31542,3.31542,1.76939,3.21526,6.95429
94.96675675,3.38116,3.38116,1.83644,3.28103,6.94126
94.96768507,3.45066,3.45066,1.90741,3.35054,6.92748
94.9705398,3.66244,3.66244,2.12564,3.56259,6.88157
94.97338939,3.87113,3.87113,2.34323,3.77176,6.83145
94.97908858,4.27842,4.27842,2.7762,4.18062,6.71853
94.99048696,5.03795,5.03795,3.62102,4.94493,6.44342
94.99494289,5.31179,5.31179,3.94092,5.22099,6.31831
94.9974108,5.45711,5.45711,4.11486,5.36763,6.24485
94.99977713,5.5919,5.5919,4.27898,5.50375,6.17168
95.0017038,5.69832,5.69832,4.41047,5.6113,6.11015
95.00367848,5.80434,5.80434,4.54304,5.71852,6.04528
95.00762786,6.00732,6.00732,4.8007,5.92398,5.91016
95.01068148,6.15616,6.15616,4.99248,6.07481,5.80083
95.0132377,6.27545,6.27545,5.14758,6.19578,5.70609
95.01543459,6.37416,6.37416,5.27673,6.29595,5.62236
95.01769703,6.47218,6.47218,5.40561,6.39547,5.53392
95.01990225,6.56424,6.56424,5.52728,6.48897,5.4456
95.02212333,6.65349,6.65349,5.646,6.57968,5.35456
95.02453285,6.7464,6.7464,5.77054,6.67418,5.25344
95.02935189,6.92016,6.92016,6.00682,6.85114,5.04405
95.03898997,7.2199,7.2199,6.43006,7.15748,4.59774
95.04968959,7.47903,7.47903,6.82516,7.42433,4.06152
95.06489814,7.71656,7.71656,7.25507,7.67351,3.23185
95.08321439,7.80428,7.80428,7.57246,7.77599,2.13978
95.11222447,7.52351,7.52351,7.64531,7.51843,0.246346
95.12986788,7.11356,7.11356,7.44154,7.12154,-0.9798
95.13742441,6.8849,6.8849,7.29865,6.89805,-1.51664
95.140122,6.79579,6.79579,7.23974,6.81071,-1.70937
95.14267243,6.70803,6.70803,7.18033,6.72458,-1.89158
95.14575522,6.59753,6.59753,7.10377,6.61598,-2.11183
95.1519208,6.36235,6.36235,6.9354,6.38435,-2.54972
95.15918265,6.0618,6.0618,6.71163,6.08765,-3.05777
95.16536313,5.78658,5.78658,6.50003,5.81545,-3.48029
95.17182069,5.48064,5.48064,6.2588,5.51253,-3.90806
95.1847358,4.816,4.816,5.71775,4.85388,-4.70061
95.18992856,4.52963,4.52963,5.47882,4.57,-4.99139
95.19277375,4.36825,4.36825,5.34286,4.41002,-5.14302
95.19550263,4.2106,4.2106,5.20921,4.25375,-5.28302
95.19797705,4.0653,4.0653,5.08533,4.10973,-5.40533
95.20071723,3.90183,3.90183,4.94522,3.94774,-5.53573
95.20619757,3.56715,3.56715,4.65603,3.61615,-5.78109
95.21546467,2.97906,2.97906,4.14109,3.03368,-6.15095
95.2274964,2.17758,2.17758,3.42727,2.24014,-6.54945
95.24151413,1.1964,1.1964,2.53734,1.26886,-6.90034
95.26026374,-0.180258,-0.180258,1.26335,-0.0939849,-7.18389
95.27320534,-1.16391,-1.16391,0.336141,-1.06845,-7.25818
95.279165,-1.62357,-1.62357,-0.102399,-1.52437,-7.25958
95.28140093,-1.79687,-1.79687,-0.268634,-1.69642,-7.25439
95.28207971,-1.84949,-1.84949,-0.319272,-1.74866,-7.25281
95.28286849,-1.91062,-1.91062,-0.378209,-1.80935,-7.24991
95.28392513,-1.99259,-1.99259,-0.457308,-1.89082,-7.24603
95.28518312,-2.09017,-2.09017,-0.551695,-1.98781,-7.23969
95.28692102,-2.22499,-2.22499,-0.682456,-2.1218,-7.23094
95.28993732,-2.45855,-2.45855,-0.910356,-2.3542,-7.21069
95.29596993,-2.92277,-2.92277,-1.36919,-2.81685,-7.15516
95.29861871,-3.12496,-3.12496,-1.57174,-3.01867,-7.12448
95.30192982,-3.37575,-3.37575,-1.82564,-3.26927,-7.0808
95.30277531,-3.43927,-3.43927,-1.89047,-3.33281,-7.06848
95.30379525,-3.51589,-3.51589,-1.96875,-3.40946,-7.0536
95.30532867,-3.63035,-3.63035,-2.08645,-3.52402,-7.02986
95.30787213,-3.8185,-3.8185,-2.28168,-3.7125,-6.98773
95.31295905,-4.18726,-4.18726,-2.67065,-4.08241,-6.89337
95.32313288,-4.88424,-4.88424,-3.43467,-4.78319,-6.66514
95.32962449,-5.29443,-5.29443,-3.90709,-5.19643,-6.4926
95.33255581,-5.4697,-5.4697,-4.11546,-5.37322,-6.40793
95.33486997,-5.60333,-5.60333,-4.27726,-5.50813,-6.33818
95.3369999,-5.72256,-5.72256,-4.42376,-5.62859,-6.27174
95.33899935,-5.83123,-5.83123,-4.55897,-5.73846,-6.20744
95.34299825,-6.03934,-6.03934,-4.82174,-5.94906,-6.07332
95.3460711,-6.19109,-6.19109,-5.01611,-6.10279,-5.96532
95.3482597,-6.29493,-6.29493,-5.15022,-6.20805,-5.88529
95.34933152,-6.34413,-6.34413,-5.2141,-6.25796,-5.8461
95.35030342,-6.38874,-6.38874,-5.27203,-6.30321,-5.80946
95.35119099,-6.42821,-6.42821,-5.32347,-6.34325,-5.776
95.35229502,-6.47729,-6.47729,-5.38746,-6.39306,-5.73331
95.35380531,-6.54257,-6.54257,-5.47286,-6.45933,-5.67491
95.35561703,-6.61876,-6.61876,-5.57295,-6.5367,-5.60313
95.35782629,-6.70856,-6.70856,-5.69159,-6.62794,-5.51371
95.3617619,-6.86015,-6.86015,-5.89392,-6.78212,-5.34937
95.36963311,-7.13145,-7.13145,-6.26532,-7.05872,-5.00192
95.38000051,-7.42473,-7.42473,-6.68912,-7.35937,-4.50783
95.39310066,-7.69279,-7.69279,-7.12137,-7.6374,-3.82834
95.4096758,-7.87153,-7.87153,-7.50692,-7.82961,-2.88913
95.4331972,-7.82926,-7.82926,-7.75377,-7.80728,-1.42806
95.46502958,-7.25698,-7.25698,-7.55583,-7.26058,0.722624
95.47636993,-6.91603,-6.91603,-7.34225,-6.92787,1.52224
95.47962602,-6.80526,-6.80526,-7.26739,-6.81936,1.75396
95.48146665,-6.7402,-6.7402,-7.22248,-6.75554,1.88495
95.4835741,-6.66361,-6.66361,-7.1688,-6.68033,2.03493
95.48778901,-6.50383,-6.50383,-7.05438,-6.52322,2.33395
95.49242108,-6.31831,-6.31831,-6.91792,-6.34047,2.66016
95.49760911,-6.09849,-6.09849,-6.75204,-6.12356,3.02104
95.50368446,-5.8254,-5.8254,-6.54068,-5.85367,3.43502
95.51051286,-5.49898,-5.49898,-6.28175,-5.53069,3.88522
95.52416966,-4.78836,-4.78836,-5.6996,-4.82689,4.71399
95.52952239,-4.48959,-4.48959,-5.44874,-4.53086,5.00815
95.53264784,-4.31009,-4.31009,-5.29656,-4.35302,5.17091
95.53556021,-4.13961,-4.13961,-5.15109,-4.18412,5.31628
95.538794,-3.94681,-3.94681,-4.98554,-3.99314,5.47059
95.54264242,-3.71269,-3.71269,-4.78313,-3.76127,5.64471
95.55033925,-3.23003,-3.23003,-4.36149,-3.28337,5.96305
95.56005685,-2.59508,-2.59508,-3.79884,-2.65487,6.30989
95.57378286,-1.65499,-1.65499,-2.95153,-1.72455,6.69816
95.58898265,-0.56368,-0.56368,-1.94963,-0.64464,6.99251
95.60643537,0.739935,0.739935,-0.730078,0.645757,7.15924
95.61608747,1.47795,1.47795,-0.0282153,1.37733,7.17434
95.62065841,1.8303,1.8303,0.310124,1.72691,7.16262
95.62182122,1.91993,1.91993,0.396765,1.81613,7.15749
95.62253586,1.97512,1.97512,0.450115,1.87097,7.15433
95.62341632,2.04311,2.04311,0.515947,1.93853,7.14936
95.62498247,2.16406,2.16406,0.63331,2.0587,7.14053
95.62759572,2.36559,2.36559,0.829843,2.25921,7.12207
95.6327338,2.75998,2.75998,1.21851,2.65212,7.07474
95.63631425,3.0327,3.0327,1.49082,2.92425,7.03317
95.63959555,3.28057,3.28057,1.74124,3.17191,6.98893
95.64037463,3.339,3.339,1.8007,3.23034,6.97737
95.64131769,3.40972,3.40972,1.87277,3.30107,6.96339
95.64381112,3.59525,3.59525,2.06334,3.48679,6.92359
95.64597851,3.75493,3.75493,2.22899,3.64678,6.88631
95.6503133,4.06899,4.06899,2.55932,3.96186,6.80437
95.65898289,4.66967,4.66967,3.21143,4.56588,6.61154
95.66115028,4.81225,4.81225,3.37172,4.70959,6.55617
95.66548507,5.08954,5.08954,3.68857,4.98924,6.43987
95.66656877,5.15666,5.15666,3.76672,5.05698,6.40884
95.66873617,5.28868,5.28868,3.92148,5.19024,6.34678
95.66965037,5.34314,5.34314,3.98676,5.24522,6.31958
95.67026489,5.37975,5.37975,4.03006,5.28218,6.3013
95.67072889,5.40693,5.40693,4.06276,5.30963,6.28749
95.67119101,5.434,5.434,4.09532,5.33697,6.27329
95.67283885,5.52875,5.52875,4.21019,5.4327,6.22267
95.67405246,5.5971,5.5971,4.2939,5.50179,6.18443
95.67647968,5.73021,5.73021,4.45887,5.63644,6.10587
95.68039361,5.93512,5.93512,4.71729,5.84394,5.97345
95.68380826,6.10434,6.10434,4.93431,6.01549,5.8522
95.68696768,6.25315,6.25315,5.12741,6.16651,5.73533
95.68814626,6.30679,6.30679,5.19747,6.22097,5.69047
95.68864629,6.32911,6.32911,5.2267,6.24365,5.67143
95.68936264,6.3611,6.3611,5.26857,6.27613,5.64367
95.69012368,6.39421,6.39421,5.31205,6.30978,5.61417
95.6913123,6.44593,6.44593,5.37998,6.36234,5.5669
95.6933199,6.53047,6.53047,5.4915,6.44828,5.48705
95.69531272,6.61158,6.61158,5.59907,6.53077,5.40558
95.6979636,6.71516,6.71516,5.73746,6.63619,5.29462
95.7024213,6.87833,6.87833,5.95845,6.80248,5.10147
95.71133672,7.16374,7.16374,6.35798,7.09431,4.69142
95.72192556,7.43272,7.43272,6.76129,7.37128,4.16537
95.73639115,7.67952,7.67952,7.19069,7.62964,3.38366
95.75410855,7.79674,7.79674,7.52988,7.76178,2.33806
95.78103404,7.60347,7.60347,7.66599,7.59134,0.598864
95.7994342,7.22617,7.22617,7.50535,7.2288,-0.671986
95.80824173,6.97801,6.97801,7.35787,6.98724,-1.29746
95.81378739,6.80024,6.80024,7.24229,6.81339,-1.69445
95.81549047,6.74237,6.74237,7.20332,6.75669,-1.81666
95.81717786,6.68355,6.68355,7.16314,6.699,-1.93775
95.82055264,6.5616,6.5616,7.07813,6.57924,-2.17958
95.82622889,6.34373,6.34373,6.92145,6.36486,-2.584
95.83265165,6.07846,6.07846,6.72388,6.10324,-3.03548
95.83830815,5.82882,5.82882,6.53245,5.85661,-3.42519
95.84465674,5.5314,5.5314,6.29872,5.56241,-3.85023
95.85735392,4.88517,4.88517,5.77431,4.92254,-4.64165
95.86296906,4.57834,4.57834,5.51889,4.61858,-4.96186
95.8659769,4.40886,4.40886,5.37632,4.45068,-5.12476
95.86846849,4.26588,4.26588,5.25527,4.30903,-5.2548
95.87058883,4.14238,4.14238,5.1502,4.18671,-5.36192
95.87275939,4.01428,4.01428,5.04071,4.05983,-5.46823
95.8771005,3.75311,3.75311,4.81601,3.80119,-5.67096
95.88578274,3.21193,3.21193,4.34471,3.26542,-6.03847
95.89610861,2.53794,2.53794,3.74831,2.59839,-6.41197
95.90960433,1.61282,1.61282,2.91522,1.68302,-6.7991
95.92500422,0.505161,0.505161,1.89897,0.587068,-7.10431
95.94151198,-0.730658,-0.730658,0.743832,-0.636081,-7.27371
95.95092588,-1.45221,-1.45221,0.0586727,-1.35117,-7.29856
95.95534248,-1.79355,-1.79355,-0.268615,-1.68988,-7.29251
95.95667687,-1.89696,-1.89696,-0.36818,-1.79261,-7.28823
95.95733965,-1.94832,-1.94832,-0.417741,-1.84364,-7.2861
95.9582456,-2.01853,-2.01853,-0.485594,-1.91339,-7.2821
95.95960176,-2.12362,-2.12362,-0.587391,-2.0178,-7.27611
95.96182966,-2.29617,-2.29617,-0.755175,-2.18933,-7.26346
95.96588651,-2.60951,-2.60951,-1.06231,-2.50124,-7.23333
95.96964293,-2.89802,-2.89802,-1.34832,-2.78885,-7.19733
95.97235135,-3.10472,-3.10472,-1.55535,-2.99515,-7.16658
95.97544323,-3.33892,-3.33892,-1.79234,-3.22915,-7.12661
95.97638327,-3.40958,-3.40958,-1.8644,-3.29982,-7.1132
95.97732232,-3.48017,-3.48017,-1.93647,-3.37041,-7.0998
95.97861424,-3.57671,-3.57671,-2.03563,-3.46703,-7.07959
95.98059091,-3.72342,-3.72342,-2.18735,-3.61395,-7.04868
95.98431979,-3.99639,-3.99639,-2.47304,-3.8876,-6.98349
95.99177754,-4.52346,-4.52346,-3.03939,-4.41705,-6.83153
95.99772167,-4.92169,-4.92169,-3.48279,-4.81794,-6.6902
95.9992077,-5.01728,-5.01728,-3.59202,-4.91429,-6.65154
96.00217977,-5.20453,-5.20453,-3.80856,-5.10311,-6.57162
96.00415506,-5.32553,-5.32553,-3.95034,-5.22517,-6.51588
96.00513562,-5.38427,-5.38427,-4.02072,-5.28444,-6.48821
96.00570508,-5.41839,-5.41839,-4.06101,-5.31886,-6.47149
96.00703639,-5.49657,-5.49657,-4.15519,-5.39778,-6.43241
96.00907127,-5.61324,-5.61324,-4.29719,-5.51561,-6.37076
96.01148627,-5.74735,-5.74735,-4.46283,-5.65117,-6.29506
96.0153967,-5.95486,-5.95486,-4.72353,-5.86114,-6.16673
96.01886078,-6.12899,-6.12899,-4.94594,-6.03752,-6.0472
96.02171203,-6.26564,-6.26564,-5.12239,-6.17607,-5.94474
96.02374678,-6.35954,-6.35954,-5.24445,-6.27133,-5.8694
96.02581974,-6.45214,-6.45214,-5.36534,-6.36533,-5.79077
96.02701734,-6.50426,-6.50426,-5.4336,-6.41824,-5.74399
96.02892727,-6.58528,-6.58528,-5.54011,-6.50054,-5.66939
96.03147909,-6.68955,-6.68955,-5.67801,-6.60652,-5.56663
96.03422973,-6.79689,-6.79689,-5.82118,-6.7157,-5.4528
96.03973102,-6.99594,-6.99594,-6.09102,-6.91849,-5.21578
96.05073359,-7.33236,-7.33236,-6.56732,-7.26275,-4.70606
96.06150601,-7.58306,-7.58306,-6.95403,-7.52161,-4.16339
96.07791475,-7.81843,-7.81843,-7.39569,-7.77026,-3.26166
96.09707206,-7.87581,-7.87581,-7.69152,-7.84403,-2.10837
96.13003109,-7.46096,-7.46096,-7.67253,-7.4569,0.0674883
96.1464594,-7.02368,-7.02368,-7.42313,-7.03225,1.21708
96.15428789,-6.76395,-6.76395,-7.2502,-6.77807,1.77315
96.15708357,-6.66342,-6.66342,-7.18019,-6.67943,1.97215
96.15967565,-6.56668,-6.56668,-7.11151,-6.58439,2.15666
96.16485981,-6.36338,-6.36338,-6.96355,-6.38432,2.52353
96.17177094,-6.07257,-6.07257,-6.74483,-6.09749,3.0057
96.17747948,-5.8158,-5.8158,-6.5461,-5.84378,3.39542
96.18358336,-5.52526,-5.52526,-6.31605,-5.55638,3.80033
96.19579113,-4.89763,-4.89763,-5.80418,-4.93491,4.5562
96.20285883,-4.50715,-4.50715,-5.47742,-4.54807,4.95341
96.20616589,-4.31786,-4.31786,-5.31709,-4.36054,5.12784
96.20934107,-4.13235,-4.13235,-5.15886,-4.17677,5.28798
96.21208165,-3.96935,-3.96935,-5.01898,-4.01531,5.42039
96.21514387,-3.78416,-3.78416,-4.85915,-3.8319,5.56208
96.22126832,-3.40448,-3.40448,-4.52867,-3.45596,5.82627
96.23034638,-2.82032,-2.82032,-4.01357,-2.87772,6.1724
96.24329688,-1.9471,-1.9471,-3.23063,-2.01356,6.57519
96.25757998,-0.936833,-0.936833,-2.30822,-1.0139,6.8984
96.27827545,0.594607,0.594607,-0.880671,0.501838,7.14797
96.29041422,1.51932,1.51932,-0.000728349,1.41881,7.17648
96.29568135,1.92424,1.92424,0.389592,1.82101,7.1622
96.29739707,2.05638,2.05638,0.51774,1.95241,7.15354
96.29855319,2.14542,2.14542,0.604339,2.04095,7.14771
96.2996756,2.23187,2.23187,0.688588,2.1269,7.14006
96.30192042,2.4045,2.4045,0.857566,2.29882,7.12478
96.30641007,2.74827,2.74827,1.19722,2.64149,7.08441
96.3098586,3.01042,3.01042,1.45941,2.90319,7.04585
96.31310843,3.25546,3.25546,1.70735,3.14813,7.00357
96.31384496,3.3106,3.3106,1.76354,3.2033,6.993
96.31480421,3.38241,3.38241,1.83686,3.27515,6.97924
96.31699742,3.54544,3.54544,2.00449,3.43841,6.94548
96.31867761,3.66934,3.66934,2.1329,3.56258,6.91788
96.32170048,3.88977,3.88977,2.36366,3.78371,6.86446
96.32774622,4.31901,4.31901,2.8225,4.21506,6.74336
96.3398377,5.11329,5.11329,3.71463,5.01541,6.44573
96.34432291,5.38286,5.38286,4.03397,5.2877,6.31688
96.34696393,5.53451,5.53451,4.21817,5.44107,6.23643
96.34949037,5.67444,5.67444,4.39115,5.58271,6.15636
96.35181656,5.79882,5.79882,4.54728,5.70872,6.07998
96.3558405,6.00414,6.00414,4.8092,5.91694,5.94196
96.35896593,6.15519,6.15519,5.00482,6.0703,5.82966
96.36107533,6.25305,6.25305,5.13269,6.16973,5.75089
96.3621422,6.30098,6.30098,5.19566,6.21846,5.71105
96.36298341,6.33878,6.33878,5.24531,6.25688,5.67873
96.3638057,6.3746,6.3746,5.29255,6.29331,5.64714
96.3648875,6.42172,6.42172,5.35471,6.34124,5.60462
96.3662317,6.47872,6.47872,5.43017,6.39923,5.55178
96.36845142,6.57005,6.57005,5.55165,6.4922,5.46231
96.37090305,6.6669,6.6669,5.6814,6.59086,5.36105
96.3736573,6.77071,6.77071,5.82175,6.6967,5.24429
96.37916579,6.96262,6.96262,6.08589,6.89271,5.00146
96.39018277,7.28437,7.28437,6.55039,7.22293,4.48024
96.40116233,7.52378,7.52378,6.93097,7.4712,3.91626
96.41787508,7.73593,7.73593,7.35673,7.6975,2.98075
96.4374772,7.7577,7.7577,7.62581,7.73646,1.78041
96.47111922,7.262,7.262,7.53741,7.26872,-0.471475
96.48396584,6.9025,6.9025,7.32611,6.91882,-1.37784
96.49679529,6.45642,6.45642,7.02266,6.48122,-2.28736
96.50023559,6.3224,6.3224,6.9259,6.34927,-2.53054
96.50364733,6.18374,6.18374,6.82375,6.21258,-2.77031
96.50883502,5.96232,5.96232,6.65691,5.994,-3.13051
96.51441774,5.71019,5.71019,6.46223,5.74477,-3.51006
96.52558319,5.16505,5.16505,6.02768,5.20517,-4.23156
96.53410287,4.71413,4.71413,5.65712,4.75847,-4.73826
96.53857697,4.46568,4.46568,5.44944,4.51229,-4.98627
96.54094255,4.33119,4.33119,5.33609,4.37903,-5.11186
96.54310368,4.20649,4.20649,5.23044,4.25547,-5.22307
96.54546721,4.06815,4.06815,5.11267,4.11842,-5.34082
96.54804273,3.91513,3.91513,4.98171,3.96683,-5.46461
96.55319379,3.60221,3.60221,4.71183,3.65691,-5.69849
96.56243015,3.01945,3.01945,4.20254,3.07989,-6.07393
96.57391825,2.25899,2.25899,3.52656,2.32714,-6.4648
96.58772455,1.29907,1.29907,2.65766,1.37708,-6.826
96.60528244,0.0187738,0.0187738,1.47565,0.109829,-7.11844
96.61879318,-1.00227,-1.00227,0.515759,-0.901355,-7.21894
96.62563786,-1.5284,-1.5284,0.0148104,-1.42303,-7.22919
96.62916469,-1.80119,-1.80119,-0.246726,-1.69375,-7.22395
96.63002614,-1.86783,-1.86783,-0.310942,-1.75988,-7.22139
96.63082281,-1.92945,-1.92945,-0.370436,-1.82121,-7.21903
96.63174547,-2.00091,-2.00091,-0.439459,-1.89224,-7.21528
96.63305955,-2.10269,-2.10269,-0.537983,-1.99341,-7.20994
96.63485191,-2.24151,-2.24151,-0.672762,-2.1314,-7.20062
96.63796556,-2.48221,-2.48221,-0.907908,-2.37096,-7.1802
96.64347799,-2.90581,-2.90581,-1.32691,-2.79323,-7.13094
96.64620953,-3.11411,-3.11411,-1.53562,-3.0012,-7.10037
96.64966959,-3.37583,-3.37583,-1.80079,-3.26283,-7.05587
96.65052351,-3.4399,-3.4399,-1.86624,-3.32694,-7.04368
96.65147419,-3.51122,-3.51122,-1.9392,-3.39831,-7.0301
96.65282606,-3.61204,-3.61204,-2.04294,-3.49926,-7.00967
96.6549379,-3.76836,-3.76836,-2.20501,-3.65591,-6.97581
96.65897496,-4.06261,-4.06261,-2.51416,-3.95112,-6.9046
96.66704908,-4.628,-4.628,-3.1259,-4.51962,-6.73708
96.67323326,-5.03566,-5.03566,-3.58477,-4.93046,-6.58657
96.67840667,-5.3563,-5.3563,-3.95919,-5.25405,-6.4462
96.68065618,-5.48944,-5.48944,-4.11879,-5.38856,-6.3811
96.68273114,-5.60869,-5.60869,-4.26395,-5.50912,-6.31892
96.68461802,-5.71413,-5.71413,-4.39405,-5.6158,-6.2606
96.68667894,-5.82608,-5.82608,-4.53386,-5.72914,-6.195
96.69080078,-6.04019,-6.04019,-4.80543,-5.94612,-6.05794
96.69391626,-6.19354,-6.19354,-5.00292,-6.10171,-5.94922
96.69653119,-6.31675,-6.31675,-5.16302,-6.22682,-5.85461
96.69874708,-6.41728,-6.41728,-5.29446,-6.32896,-5.77207
96.69988827,-6.4672,-6.4672,-5.3606,-6.37971,-5.72842
96.70110363,-6.52036,-6.52036,-5.42988,-6.43375,-5.68193
96.70306396,-6.60312,-6.60312,-5.53917,-6.51793,-5.60513
96.70555871,-6.70456,-6.70456,-5.67396,-6.62117,-5.50502
96.70827609,-6.81013,-6.81013,-5.81545,-6.72872,-5.39301
96.71371086,-7.00604,-7.00604,-6.08232,-6.92862,-5.15992
96.7245804,-7.33763,-7.33763,-6.55418,-7.26853,-4.659
96.73534576,-7.58791,-7.58791,-6.94243,-7.5275,-4.11971
96.75164823,-7.82192,-7.82192,-7.38449,-7.7755,-3.22887
96.77071462,-7.88033,-7.88033,-7.68386,-7.85109,-2.08763
96.8032787,-7.47674,-7.47674,-7.67773,-7.47627,0.0497628
96.82142455,-6.9912,-6.9912,-7.40271,-7.00528,1.31096
96.82997499,-6.70097,-6.70097,-7.20831,-6.72129,1.91358
96.83303591,-6.58783,-6.58783,-7.12889,-6.61026,2.12959
96.83587316,-6.47877,-6.47877,-7.05078,-6.50309,2.32934
96.8402333,-6.30358,-6.30358,-6.92255,-6.33068,2.6344
96.84472877,-6.11355,-6.11355,-6.78012,-6.14336,2.94548
96.85023006,-5.86836,-5.86836,-6.59201,-5.90131,3.31951
96.85820243,-5.48929,-5.48929,-6.29329,-5.52659,3.84337
96.87414716,-4.65296,-4.65296,-5.60853,-4.69886,4.79101
96.87939449,-4.35576,-4.35576,-5.35848,-4.40458,5.06928
96.88387928,-4.09366,-4.09366,-5.13554,-4.14505,5.29227
96.88713125,-3.89911,-3.89911,-4.96874,-3.95244,5.44521
96.89057303,-3.68927,-3.68927,-4.78763,-3.74471,5.59911
96.89745659,-3.25804,-3.25804,-4.4119,-3.31789,5.88309
96.90993623,-2.44023,-2.44023,-3.68779,-2.50866,6.31979
96.92150501,-1.64472,-1.64472,-2.97088,-1.72162,6.63698
96.93937089,-0.357995,-0.357995,-1.78916,-0.448513,6.96585
96.95751681,1.00391,1.00391,-0.511526,0.899857,7.10513
96.96546789,1.61328,1.61328,0.0697386,1.50419,7.1054
96.96952673,1.92622,1.92622,0.370823,1.81491,7.0915
96.9708516,2.02836,2.02836,0.469688,1.91634,7.08446
96.97210542,2.12503,2.12503,0.563489,2.01249,7.0778
96.97326019,2.21407,2.21407,0.650072,2.10104,7.07045
96.97556974,2.39199,2.39199,0.823752,2.27814,7.05353
96.98018883,2.74631,2.74631,1.17293,2.6312,7.01084
96.9838315,3.02367,3.02367,1.44976,2.90801,6.96893
96.98714972,3.27421,3.27421,1.70285,3.15842,6.92448
96.9878666,3.32795,3.32795,1.75753,3.21218,6.91391
96.98883317,3.4004,3.4004,1.83139,3.28466,6.89966
96.99100335,3.56193,3.56193,1.99723,3.4464,6.86544
96.99262028,3.68134,3.68134,2.12079,3.56607,6.83832
96.99549509,3.89141,3.89141,2.34024,3.77679,6.78672
97.00124471,4.30114,4.30114,2.77687,4.18851,6.67066
97.01274396,5.06381,5.06381,3.62844,4.95711,6.38864
97.01717116,5.33413,5.33413,3.9459,5.23018,6.26264
97.01986981,5.4917,5.4917,4.13568,5.38954,6.18117
97.02230887,5.62915,5.62915,4.30426,5.52868,6.10456
97.02451147,5.74921,5.74921,4.45379,5.65031,6.03298
97.02691393,5.8758,5.8758,4.61364,5.77867,5.95234
97.03171884,6.1158,6.1158,4.92172,6.02229,5.78319
97.03276152,6.16517,6.16517,4.98606,6.07247,5.74448
97.03484688,6.26142,6.26142,5.11268,6.17033,5.66705
97.03571274,6.30139,6.30139,5.16412,6.21097,5.63403
97.03631633,6.32825,6.32825,5.19998,6.23846,5.61102
97.03686736,6.35277,6.35277,5.2321,6.26356,5.59
97.03763324,6.38686,6.38686,5.27675,6.2977,5.5602
97.03844313,6.4217,6.4217,5.32277,6.33381,5.52869
97.0398716,6.48316,6.48316,5.40396,6.39595,5.47219
97.04255061,6.59375,6.59375,5.55096,6.5086,5.36388
97.04497905,6.68964,6.68964,5.67941,6.60635,5.26308
97.04770742,6.79246,6.79246,5.81842,6.71126,5.14691
97.05316417,6.98266,6.98266,6.08018,6.9057,4.90551
97.06407768,7.30209,7.30209,6.5411,7.23386,4.38814
97.07505576,7.54246,7.54246,6.9228,7.48345,3.8238
97.09170269,7.75541,7.75541,7.349,7.71111,2.89224
97.11128614,7.77929,7.77929,7.6208,7.75292,1.69466
97.14470076,7.29191,7.29191,7.54019,7.29477,-0.535839
97.15704095,6.95039,6.95039,7.34222,6.96309,-1.40292
97.16916731,6.53587,6.53587,7.06407,6.55727,-2.25912
97.17246196,6.41008,6.41008,6.97447,6.43366,-2.49117
97.17569979,6.2812,6.2812,6.88076,6.30686,-2.71805
97.17968583,6.11561,6.11561,6.75788,6.1437,-2.99481
97.18426127,5.91633,5.91633,6.60681,5.94711,-3.30784
97.19341214,5.48945,5.48945,6.2736,5.52536,-3.91233
97.20480766,4.90787,4.90787,5.80321,4.95007,-4.60843
97.21021663,4.61316,4.61316,5.55908,4.6584,-4.91237
97.21302919,4.45534,4.45534,5.42699,4.50219,-5.06274
97.21571261,4.30195,4.30195,5.29777,4.35037,-5.20095
97.21789575,4.17519,4.17519,5.19039,4.22492,-5.30956
97.22013065,4.04362,4.04362,5.07841,4.09472,-5.41723
97.22460045,3.77521,3.77521,4.84836,3.82913,-5.62219
97.23354006,3.21836,3.21836,4.36495,3.27828,-5.99225
97.24385569,2.54502,2.54502,3.77068,2.61234,-6.35546
97.25769188,1.59596,1.59596,2.91777,1.67381,-6.73846
97.27330945,0.471133,0.471133,1.8872,0.561365,-7.03078
97.28943992,-0.737678,-0.737678,0.758661,-0.634659,-7.18055
97.29866966,-1.44547,-1.44547,0.0874911,-1.33593,-7.198
97.30301531,-1.78146,-1.78146,-0.234189,-1.66926,-7.18927
97.30452281,-1.89832,-1.89832,-0.346561,-1.78534,-7.18345
97.30516378,-1.948,-1.948,-0.394455,-1.8347,-7.18098
97.30607845,-2.01891,-2.01891,-0.462908,-1.90513,-7.17633
97.3073679,-2.11886,-2.11886,-0.559619,-2.00442,-7.16978
97.30939787,-2.27621,-2.27621,-0.712342,-2.1607,-7.15708
97.31296952,-2.55237,-2.55237,-0.982351,-2.43568,-7.1292
97.31747207,-2.89853,-2.89853,-1.32478,-2.78074,-7.08412
97.32003011,-3.09388,-3.09388,-1.52019,-2.97574,-7.0536
97.32318776,-3.33326,-3.33326,-1.76211,-3.21497,-7.01108
97.3240617,-3.39902,-3.39902,-1.82907,-3.28075,-6.99816
97.324989,-3.46879,-3.46879,-1.90023,-3.35055,-6.98444
97.32781283,-3.6794,-3.6794,-2.11693,-3.56146,-6.93923
97.33060992,-3.88541,-3.88541,-2.3314,-3.768,-6.89033
97.3362041,-4.28781,-4.28781,-2.75842,-4.17214,-6.78043
97.34739247,-5.04017,-5.04017,-3.59309,-4.92989,-6.51357
97.35188366,-5.31936,-5.31936,-3.91818,-5.21173,-6.3891
97.35436642,-5.46732,-5.46732,-4.0947,-5.36126,-6.3161
97.35644336,-5.58736,-5.58736,-4.24026,-5.48267,-6.25279
97.35843067,-5.69899,-5.69899,-4.37751,-5.59566,-6.19031
97.36027109,-5.79957,-5.79957,-4.50267,-5.69753,-6.13082
97.36395192,-5.99287,-5.99287,-4.74671,-5.89349,-6.00718
97.36718102,-6.15403,-6.15403,-4.95325,-6.05703,-5.89368
97.36984471,-6.28117,-6.28117,-5.11783,-6.18617,-5.79656
97.37175373,-6.36911,-6.36911,-5.23238,-6.27555,-5.72503
97.37345171,-6.44513,-6.44513,-5.33178,-6.35285,-5.66007
97.37450832,-6.4914,-6.4914,-5.39245,-6.39991,-5.61858
97.37647165,-6.57529,-6.57529,-5.50282,-6.48528,-5.54149
97.3784889,-6.65867,-6.65867,-5.61309,-6.57016,-5.46013
97.38079058,-6.75034,-6.75034,-5.73512,-6.66356,-5.36521
97.38539392,-6.9227,-6.9227,-5.96746,-6.8394,-5.16888
97.39460062,-7.22401,-7.22401,-6.38716,-7.14787,-4.75112
97.40502247,-7.4961,-7.4961,-6.79211,-7.42846,-4.23989
97.41953555,-7.75507,-7.75507,-7.23538,-7.7,-3.46558
97.43696821,-7.88607,-7.88607,-7.58638,-7.84694,-2.45002
97.46406014,-7.71795,-7.71795,-7.75275,-7.70405,-0.722035
97.4832807,-7.33788,-7.33788,-7.60128,-7.34111,0.590959
97.49276454,-7.07398,-7.07398,-7.44677,-7.08517,1.25805
97.50216995,-6.76519,-6.76519,-7.24369,-6.78372,1.92429
97.50473554,-6.67298,-6.67298,-7.17981,-6.69341,2.10603
97.507257,-6.57913,-6.57913,-7.11358,-6.60138,2.28449
97.51229991,-6.38212,-6.38212,-6.97106,-6.40784,2.63927
97.5178512,-6.15124,-6.15124,-6.799,-6.18054,3.02477
97.5227525,-5.9355,-5.9355,-6.63413,-5.96781,3.35909
97.52898602,-5.64555,-5.64555,-6.40739,-5.68152,3.77307
97.54145305,-5.01637,-5.01637,-5.89923,-5.0595,4.54577
97.54960923,-4.57089,-4.57089,-5.52889,-4.6188,5.00112
97.55347204,-4.35093,-4.35093,-5.34336,-4.40118,5.20134
97.55703103,-4.14341,-4.14341,-5.16689,-4.19587,5.3765
97.56174232,-3.86183,-3.86183,-4.92538,-3.91733,5.59468
97.56602305,-3.59945,-3.59945,-4.69836,-3.65781,5.7797
97.57458452,-3.05715,-3.05715,-4.22376,-3.12155,6.11337
97.58355009,-2.46594,-2.46594,-3.69896,-2.53701,6.41219
97.60008112,-1.32163,-1.32163,-2.66456,-1.40568,6.8314
97.61905493,0.062413,0.062413,-1.3855,-0.0370364,7.10731
97.63279538,1.10108,1.10108,-0.407281,0.990883,7.17338
97.63930772,1.60102,1.60102,0.0696349,1.48634,7.16614
97.64273042,1.86514,1.86514,0.323294,1.74832,7.15255
97.64376155,1.94471,1.94471,0.400091,1.82725,7.14689
97.64463618,2.01221,2.01221,0.465357,1.89433,7.14208
97.64556096,2.08357,2.08357,0.534485,1.96526,7.13582
97.64727808,2.21608,2.21608,0.663148,2.09696,7.1242
97.6502033,2.44149,2.44149,0.883194,2.32116,7.09985
97.65605374,2.88955,2.88955,1.32604,2.76754,7.03703
97.65887685,3.10397,3.10397,1.54085,2.98153,7.00002
97.6624468,3.3728,3.3728,1.81324,3.25018,6.94706
97.66328727,3.43555,3.43555,1.87737,3.31296,6.93338
97.6642477,3.50726,3.50726,1.95072,3.3847,6.91775
97.66566124,3.61213,3.61213,2.05867,3.4897,6.89353
97.66789531,3.77656,3.77656,2.2293,3.65445,6.85312
97.67225572,4.09203,4.09203,2.56133,3.97099,6.76675
97.68097655,4.69491,4.69491,3.21667,4.57746,6.56491
97.68315676,4.83787,4.83787,3.3777,4.72165,6.50725
97.68751718,5.11575,5.11575,3.69599,5.00211,6.38636
97.68860728,5.18296,5.18296,3.77447,5.07001,6.35417
97.69078749,5.31513,5.31513,3.9299,5.20356,6.28981
97.69164478,5.36596,5.36596,3.99102,5.25494,6.26354
97.692238,5.40114,5.40114,4.03273,5.29049,6.24536
97.69278281,5.43286,5.43286,4.07104,5.32257,6.22867
97.69340924,5.46933,5.46933,4.11508,5.35945,6.20896
97.69427237,5.51848,5.51848,4.17499,5.40918,6.18181
97.69532212,5.57826,5.57826,4.24786,5.46965,6.14769
97.69725747,5.68541,5.68541,4.38024,5.57814,6.08478
97.70083218,5.87553,5.87553,4.61894,5.7708,5.96315
97.70798161,6.22667,6.22667,5.06976,6.12724,5.7026
97.71035694,6.33491,6.33491,5.21115,6.23727,5.611
97.71224761,6.41813,6.41813,5.32052,6.32192,5.53632
97.7139849,6.49235,6.49235,5.4185,6.39745,5.46633
97.71562725,6.56054,6.56054,5.50891,6.46688,5.39899
97.71795547,6.65396,6.65396,5.63349,6.56206,5.30158
97.72043946,6.74946,6.74946,5.76186,6.65943,5.19516
97.72540743,6.92764,6.92764,6.00499,6.84139,4.97478
97.73534337,7.23333,7.23333,6.43889,7.15488,4.50514
97.74598082,7.48665,7.48665,6.82832,7.41696,3.96191
97.76153973,7.7221,7.7221,7.26191,7.66596,3.09879
97.77971699,7.79941,7.79941,7.56866,7.75987,1.99958
97.80947879,7.49144,7.49144,7.6255,7.47886,0.0356539
97.82652125,7.08396,7.08396,7.41819,7.08577,-1.15578
97.83404969,6.85261,6.85261,7.27275,6.86035,-1.69152
97.83679264,6.76072,6.76072,7.21175,6.77054,-1.88741
97.83934764,6.67161,6.67161,7.15117,6.68333,-2.06987
97.84445763,6.48351,6.48351,7.01942,6.49884,-2.43329
97.84937615,6.29028,6.29028,6.8795,6.30891,-2.77998
97.85433323,6.08375,6.08375,6.72572,6.10554,-3.12475
97.85994118,5.83626,5.83626,6.53668,5.86146,-3.50695
97.87115707,5.29938,5.29938,6.1125,5.33118,-4.23375
97.87971832,4.85369,4.85369,5.74891,4.89053,-4.74449
97.88423056,4.60677,4.60677,5.54384,4.64633,-4.99539
97.88664393,4.47141,4.47141,5.43045,4.51245,-5.12386
97.88882568,4.34712,4.34712,5.32577,4.38954,-5.23637
97.89109848,4.21577,4.21577,5.21458,4.25963,-5.34992
97.8935868,4.06979,4.06979,5.09038,4.11529,-5.47
97.89856344,3.77128,3.77128,4.83441,3.82015,-5.69734
97.90789291,3.18942,3.18942,4.32866,3.24499,-6.07926
97.91918945,2.44905,2.44905,3.67385,2.51331,-6.46705
97.93302803,1.49481,1.49481,2.81415,1.57035,-6.83376
97.95014943,0.254376,0.254376,1.67422,0.344378,-7.12643
97.96496255,-0.86106,-0.86106,0.629874,-0.758631,-7.23919
97.97300561,-1.47896,-1.47896,0.043174,-1.37046,-7.24681
97.97701486,-1.78926,-1.78926,-0.25385,-1.67792,-7.23673
97.97816772,-1.87849,-1.87849,-0.339786,-1.76664,-7.2319
97.97887414,-1.93327,-1.93327,-0.392551,-1.82101,-7.22895
97.97979449,-2.00464,-2.00464,-0.461409,-1.89184,-7.22404
97.98109147,-2.10521,-2.10521,-0.558658,-1.99165,-7.21712
97.9829429,-2.24878,-2.24878,-0.697891,-2.13414,-7.20515
97.98614035,-2.49621,-2.49621,-0.939408,-2.38023,-7.18
97.99120254,-2.88574,-2.88574,-1.32414,-2.76812,-7.12873
97.99386846,-3.08943,-3.08943,-1.52775,-2.97125,-7.09612
97.99719654,-3.34177,-3.34177,-1.7827,-3.22321,-7.05005
97.99812437,-3.41157,-3.41157,-1.85378,-3.29297,-7.03592
97.99903325,-3.47995,-3.47995,-1.92351,-3.36132,-7.02208
98.00030524,-3.57509,-3.57509,-2.0211,-3.45615,-7.00105
98.00216151,-3.71305,-3.71305,-2.16351,-3.59455,-6.97036
98.00557048,-3.96324,-3.96324,-2.42469,-3.84522,-6.90816
98.01238841,-4.44837,-4.44837,-2.94329,-4.33224,-6.76589
98.0238514,-5.20131,-5.20131,-3.78977,-5.09015,-6.47452
98.0277664,-5.43799,-5.43799,-4.06934,-5.32896,-6.36027
98.03029192,-5.58451,-5.58451,-4.24631,-5.47696,-6.28267
98.03270867,-5.72003,-5.72003,-4.4127,-5.61396,-6.20561
98.034945,-5.84133,-5.84133,-4.56376,-5.73669,-6.13189
98.03906141,-6.0546,-6.0546,-4.83349,-5.95266,-5.99022
98.04222617,-6.20992,-6.20992,-5.03281,-6.11012,-5.87573
98.04272077,-6.23321,-6.23321,-5.06306,-6.13375,-5.85783
98.04370997,-6.27978,-6.27978,-5.12357,-6.181,-5.82073
98.04422409,-6.30398,-6.30398,-5.1545,-6.20556,-5.80145
98.04500221,-6.3398,-6.3398,-5.20132,-6.24191,-5.77227
98.04536208,-6.35637,-6.35637,-5.22262,-6.25872,-5.75846
98.04608181,-6.38884,-6.38884,-5.26522,-6.29168,-5.73084
98.04681322,-6.42183,-6.42183,-5.30769,-6.32518,-5.70277
98.04775528,-6.46289,-6.46289,-5.36238,-6.36689,-5.66568
98.04963938,-6.54502,-6.54502,-5.46908,-6.45031,-5.5915
98.05160315,-6.62731,-6.62731,-5.57732,-6.53394,-5.51219
98.05482631,-6.75654,-6.75654,-5.74859,-6.66537,-5.37851
98.05806426,-6.87912,-6.87912,-5.91288,-6.79018,-5.23991
98.06454015,-7.1027,-7.1027,-6.21898,-7.01832,-4.95013
98.07561786,-7.41931,-7.41931,-6.67546,-7.34315,-4.41743
98.08768998,-7.67105,-7.67105,-7.07892,-7.60445,-3.78711
98.10510013,-7.86664,-7.86664,-7.49239,-7.81481,-2.79618
98.12725551,-7.83969,-7.83969,-7.7389,-7.80759,-1.41651
98.15694208,-7.35012,-7.35012,-7.60171,-7.3436,0.586144
98.16845788,-7.02617,-7.02617,-7.40889,-7.02887,1.39692
98.17967289,-6.64348,-6.64348,-7.14997,-6.6544,2.18991
98.18270713,-6.52882,-6.52882,-7.06808,-6.54182,2.40403
98.18571003,-6.41086,-6.41086,-6.98222,-6.42585,2.61502
98.19171582,-6.16205,-6.16205,-6.79656,-6.18083,3.0321
98.19726095,-5.91747,-5.91747,-6.60898,-5.93956,3.40924
98.20380311,-5.61121,-5.61121,-6.36828,-5.63707,3.84083
98.21688743,-4.94476,-4.94476,-5.82706,-4.97808,4.63993
98.22225861,-4.65108,-4.65108,-5.58246,-4.68754,4.93875
98.22521426,-4.48469,-4.48469,-5.44247,-4.52291,5.09491
98.22803036,-4.32311,-4.32311,-5.30564,-4.36305,5.23786
98.23035662,-4.18745,-4.18745,-5.19012,-4.22885,5.35161
98.23291164,-4.03623,-4.03623,-5.0607,-4.07928,5.4721
98.23802166,-3.72707,-3.72707,-4.79409,-3.77352,5.69953
98.24606827,-3.223,-3.223,-4.35415,-3.27511,6.02233
98.25931613,-2.35126,-2.35126,-3.58007,-2.41339,6.46308
98.27170817,-1.49379,-1.49379,-2.80467,-1.56589,6.77573
98.29115761,-0.0821192,-0.0821192,-1.50265,-0.170434,7.07787
98.30564862,1.01062,1.01062,-0.475015,0.910427,7.15663
98.31287017,1.5646,1.5646,0.0530236,1.45914,7.15007
98.31651693,1.84598,1.84598,0.323207,1.73813,7.13536
98.31758345,1.92828,1.92828,0.402642,1.81973,7.12937
98.3184076,1.99187,1.99187,0.464143,1.88291,7.12475
98.31932275,2.06254,2.06254,0.532549,1.95307,7.11847
98.3209445,2.18778,2.18778,0.654051,2.07739,7.10735
98.3236651,2.39757,2.39757,0.858635,2.28596,7.08471
98.3291063,2.81495,2.81495,1.27025,2.7014,7.02721
98.33212382,3.04467,3.04467,1.49972,2.93042,6.98835
98.3358633,3.32691,3.32691,1.78498,3.21219,6.93336
98.33672292,3.39126,3.39126,1.85056,3.27649,6.91946
98.33762654,3.45889,3.45889,1.91959,3.34409,6.90484
98.34069195,3.6862,3.6862,2.15376,3.57148,6.85133
98.34390287,3.92085,3.92085,2.39868,3.80653,6.79
98.3503247,4.37683,4.37683,2.88526,4.26414,6.65141
98.36316836,5.21416,5.21416,3.82731,5.10676,6.31267
98.36558071,5.35927,5.35927,3.99887,5.25314,6.23936
98.36619852,5.39562,5.39562,4.04229,5.28981,6.22058
98.36679143,5.43051,5.43051,4.08396,5.32501,6.2019
98.36735826,5.46323,5.46323,4.1238,5.35804,6.18403
98.36829181,5.51712,5.51712,4.18859,5.41243,6.15462
98.36920932,5.56915,5.56915,4.25227,5.46498,6.12468
98.3709505,5.66601,5.66601,4.37147,5.56284,6.06787
98.37443285,5.85249,5.85249,4.60456,5.7514,5.94932
98.38075232,6.16722,6.16722,5.00654,6.07012,5.72019
98.38332657,6.28685,6.28685,5.16189,6.19143,5.62176
98.38481286,6.35371,6.35371,5.24923,6.25926,5.56315
98.3862022,6.41477,6.41477,5.32926,6.32123,5.50836
98.38770032,6.47907,6.47907,5.41381,6.3865,5.44736
98.38930295,6.54608,6.54608,5.50227,6.45457,5.38211
98.39170506,6.64315,6.64315,5.63111,6.5532,5.28151
98.39397967,6.73134,6.73134,5.74905,6.64287,5.18404
98.39852889,6.89695,6.89695,5.97347,6.81149,4.98279
98.40762733,7.18558,7.18558,6.3782,7.10632,4.55596
98.41824192,7.45143,7.45143,6.77831,7.37982,4.01914
98.43300224,7.69651,7.69651,7.20923,7.63629,3.20888
98.45082759,7.8042,7.8042,7.53967,7.75861,2.14286
98.4783798,7.58548,7.58548,7.65689,7.56284,0.344956
98.49579305,7.21736,7.21736,7.49323,7.20856,-0.864466
98.50347756,7.00048,7.00048,7.36418,6.99745,-1.41092
98.50587841,6.92606,6.92606,7.31685,6.92477,-1.58287
98.50739143,6.877,6.877,7.28474,6.87679,-1.69123
98.50884637,6.82982,6.82982,7.25386,6.83064,-1.79552
98.51175624,6.73102,6.73102,7.18737,6.73386,-2.00409
98.51757599,6.52055,6.52055,7.04062,6.52722,-2.41952
98.52252561,6.32833,6.32833,6.90159,6.33805,-2.76976
98.52800054,6.10191,6.10191,6.7329,6.11484,-3.15188
98.53532247,5.77728,5.77728,6.48353,5.79426,-3.64993
98.54381946,5.37051,5.37051,6.16119,5.39206,-4.20173
98.55092288,5.00674,5.00674,5.86548,5.03211,-4.63517
98.55681809,4.68916,4.68916,5.60256,4.7178,-4.97125
98.55930154,4.55123,4.55123,5.48715,4.58128,-5.10579
98.56132865,4.43687,4.43687,5.39095,4.4681,-5.2123
98.56324054,4.32759,4.32759,5.29861,4.35995,-5.30999
98.56504173,4.2234,4.2234,5.2102,4.25685,-5.39959
98.56864411,4.01148,4.01148,5.02935,4.04717,-5.57189
98.57584889,3.57412,3.57412,4.65205,3.61456,-5.88995
98.58666272,2.88609,2.88609,4.04884,2.93424,-6.30356
98.59833288,2.1049,2.1049,3.35171,2.162,-6.66667
98.61318989,1.06013,1.06013,2.40224,1.12932,-7.00717
98.63887899,-0.844947,-0.844947,0.627816,-0.75459,-7.28462
98.65007987,-1.70293,-1.70293,-0.191161,-1.60489,-7.28458
98.65561537,-2.12999,-2.12999,-0.604451,-2.02877,-7.25799
98.65755549,-2.27967,-2.27967,-0.750496,-2.17759,-7.24456
98.6593502,-2.41813,-2.41813,-0.886068,-2.31525,-7.23027
98.66293962,-2.69415,-2.69415,-1.15838,-2.58994,-7.19636
98.66612659,-2.93784,-2.93784,-1.40128,-2.83273,-7.16034
98.66854928,-3.12169,-3.12169,-1.58667,-3.01613,-7.12927
98.66973238,-3.21147,-3.21147,-1.67721,-3.10569,-7.11274
98.67040364,-3.26204,-3.26204,-1.72858,-3.15618,-7.10335
98.67141524,-3.33824,-3.33824,-1.80618,-3.23228,-7.08818
98.67235939,-3.40892,-3.40892,-1.8786,-3.3029,-7.07403
98.67347334,-3.4923,-3.4923,-1.96406,-3.38621,-7.056
98.67486012,-3.59541,-3.59541,-2.07044,-3.48932,-7.03356
98.67721646,-3.7692,-3.7692,-2.2512,-3.66321,-6.99243
98.68192915,-4.11039,-4.11039,-2.6116,-4.00504,-6.90149
98.69135452,-4.75923,-4.75923,-3.32156,-4.65651,-6.68578
98.69805567,-5.1871,-5.1871,-3.81222,-5.08694,-6.50557
98.70104659,-5.36785,-5.36785,-4.02633,-5.26897,-6.41806
98.70270103,-5.46489,-5.46489,-4.1432,-5.36676,-6.36719
98.70426628,-5.55468,-5.55468,-4.2526,-5.45729,-6.31906
98.70603854,-5.65397,-5.65397,-4.37494,-5.55745,-6.26248
98.70815461,-5.76926,-5.76926,-4.51872,-5.67382,-6.19302
98.71238674,-5.9895,-5.9895,-4.79782,-5.89635,-6.04794
98.71563599,-6.14947,-6.14947,-5.00373,-6.05816,-5.93056
98.71623547,-6.17778,-6.17778,-5.04054,-6.08682,-5.9089
98.71743442,-6.23441,-6.23441,-5.11417,-6.14414,-5.86385
98.71886534,-6.30031,-6.30031,-5.20037,-6.21087,-5.81008
98.71924607,-6.31784,-6.31784,-5.2229,-6.22862,-5.79541
98.72000751,-6.35202,-6.35202,-5.26797,-6.26324,-5.76607
98.72073624,-6.38473,-6.38473,-5.31026,-6.29637,-5.73799
98.7217024,-6.42725,-6.42725,-5.36632,-6.33945,-5.69977
98.72363474,-6.51032,-6.51032,-5.47563,-6.42364,-5.62333
98.72555964,-6.59048,-6.59048,-5.58161,-6.50491,-5.54521
98.72846742,-6.70667,-6.70667,-5.73633,-6.62279,-5.42424
98.73198866,-6.83956,-6.83956,-5.91531,-6.75774,-5.27309
98.73903114,-7.07992,-7.07992,-6.2467,-7.00234,-4.9559
98.7498278,-7.38342,-7.38342,-6.68831,-7.31273,-4.43296
98.76242852,-7.6396,-7.6396,-7.1047,-7.5776,-3.77026
98.7797079,-7.82312,-7.82312,-7.50648,-7.774,-2.77938
98.80266419,-7.77796,-7.77796,-7.7462,-7.74687,-1.33923
98.82959749,-7.32962,-7.32962,-7.61872,-7.31907,0.486386
98.84123125,-7.00955,-7.00955,-7.43158,-7.00723,1.30775
98.85291393,-6.61641,-6.61641,-7.1675,-6.62159,2.13716
98.85604744,-6.49903,-6.49903,-7.08394,-6.50607,2.35935
98.85915828,-6.3777,-6.3777,-6.99581,-6.38652,2.57903
98.86537998,-6.12124,-6.12124,-6.80456,-6.1334,3.01331
98.87074609,-5.88563,-5.88563,-6.62389,-5.90052,3.38042
98.87684673,-5.60212,-5.60212,-6.40129,-5.61997,3.78636
98.88904801,-4.98799,-4.98799,-5.90374,-5.01172,4.54487
98.89707387,-4.5514,-4.5514,-5.53988,-4.57917,4.99517
98.90087081,-4.33619,-4.33619,-5.35794,-4.36595,5.19323
98.90436689,-4.13333,-4.13333,-5.18505,-4.16499,5.36659
98.90855821,-3.88444,-3.88444,-4.97123,-3.91848,5.56307
98.91278659,-3.62727,-3.62727,-4.74848,-3.66383,5.749
98.92124336,-3.09572,-3.09572,-4.28277,-3.13767,6.08523
98.93069044,-2.47669,-2.47669,-3.73244,-2.52512,6.40621
98.94549983,-1.45923,-1.45923,-2.81196,-1.51856,6.79663
98.96644916,0.0590403,0.0590403,-1.40722,-0.0166017,7.12024
98.98130476,1.17845,1.17845,-0.349505,1.09162,7.19125
98.98786855,1.68095,1.68095,0.131987,1.58978,7.18149
98.9894314,1.80121,1.80121,0.247812,1.70908,7.17519
98.9900982,1.85252,1.85252,0.297356,1.75998,7.1725
98.99095118,1.91816,1.91816,0.360832,1.82509,7.16802
98.99213166,2.00899,2.00899,0.448855,1.91531,7.16183
98.99348031,2.11277,2.11277,0.549657,2.01838,7.15347
98.99558006,2.27425,2.27425,0.707085,2.17886,7.13842
98.9995183,2.57627,2.57627,1.00381,2.47929,7.10358
99.00356346,2.88467,2.88467,1.31031,2.78648,7.0589
99.00646782,3.10453,3.10453,1.53126,3.00574,7.0213
99.00985187,3.35852,3.35852,1.78943,3.25934,6.97173
99.01075715,3.4259,3.4259,1.85849,3.32669,6.9572
99.01167764,3.49442,3.49442,1.92879,3.39516,6.94243
99.01295778,3.58913,3.58913,2.02656,3.48987,6.92017
99.014896,3.73153,3.73153,2.17459,3.63236,6.88648
99.01849327,3.99218,3.99218,2.44879,3.89344,6.8175
99.0256878,4.49578,4.49578,2.99247,4.3988,6.65956
99.03167299,4.89295,4.89295,3.43684,4.79813,6.50825
99.03316929,4.98821,4.98821,3.5463,4.89402,6.46706
99.03616188,5.17473,5.17473,3.7633,5.08185,6.38206
99.0384207,5.3113,5.3113,3.92494,5.21941,6.31473
99.03945332,5.37216,5.37216,3.99802,5.28074,6.28395
99.04008043,5.40913,5.40913,4.0424,5.31798,6.26447
99.04151709,5.49198,5.49198,4.14307,5.4015,6.21985
99.04237141,5.54043,5.54043,4.2021,5.45036,6.1924
99.0439689,5.62943,5.62943,4.31248,5.54014,6.14108
99.04694678,5.78987,5.78987,4.51373,5.70213,6.04165
99.05203618,6.04822,6.04822,4.84454,5.96331,5.86232
99.05608099,6.23967,6.23967,5.09426,6.1571,5.7112
99.05637799,6.25311,6.25311,5.11202,6.17071,5.70011
99.05731487,6.29551,6.29551,5.16802,6.21367,5.66386
99.05761547,6.30912,6.30912,5.18566,6.22745,5.65223
99.0580152,6.32673,6.32673,5.20913,6.2453,5.63676
99.05869454,6.35667,6.35667,5.249,6.27564,5.61003
99.05941158,6.38827,6.38827,5.29018,6.30767,5.58181
99.06038809,6.43034,6.43034,5.34626,6.35031,5.54249
99.06227745,6.50982,6.50982,5.45202,6.4309,5.4664
99.06438081,6.59535,6.59535,5.56644,6.51766,5.37948
99.0674527,6.71469,6.71469,5.72746,6.6388,5.24919
99.07067281,6.83276,6.83276,5.88867,6.75877,5.10844
99.07711303,7.0475,7.0475,6.18872,6.9774,4.81448
99.08817468,7.35059,7.35059,6.63682,7.28752,4.2727
99.10023898,7.58777,7.58777,7.03111,7.53289,3.63207
99.11787328,7.76331,7.76331,7.4347,7.72125,2.61228
99.1398464,7.708,7.708,7.65865,7.68256,1.2242
99.16383888,7.31925,7.31925,7.56404,7.31136,-0.40672
99.17520259,7.02046,7.02046,7.39952,7.02027,-1.21048
99.18168011,6.81855,6.81855,7.27242,6.82249,-1.67385
99.18388481,6.74472,6.74472,7.22374,6.75,-1.83205
99.18591568,6.67448,6.67448,7.17651,6.68097,-1.97778
99.18997743,6.52773,6.52773,7.07533,6.53654,-2.26861
99.19488658,6.33944,6.33944,6.94125,6.35089,-2.61793
99.20068863,6.10188,6.10188,6.76649,6.11624,-3.02572
99.2059699,5.87187,5.87187,6.5924,5.88871,-3.39012
99.2125956,5.56539,5.56539,6.35433,5.58521,-3.83448
99.22584701,4.89623,4.89623,5.81572,4.92198,-4.65905
99.23135635,4.59676,4.59676,5.56799,4.62506,-4.97189
99.23437453,4.42761,4.42761,5.42654,4.45736,-5.1347
99.23725222,4.26311,4.26311,5.288,4.29429,-5.28386
99.23959772,4.12676,4.12676,5.17249,4.15914,-5.40102
99.24213693,3.97691,3.97691,5.04486,4.01063,-5.52344
99.24721534,3.67046,3.67046,4.7818,3.70699,-5.75494
99.25445199,3.21895,3.21895,4.3896,3.25978,-6.05511
99.265995,2.46553,2.46553,3.72452,2.51384,-6.46416
99.2785915,1.60158,1.60158,2.9478,1.65871,-6.81522
99.29635963,0.32139,0.32139,1.77359,0.391762,-7.14557
99.31238796,-0.882032,-0.882032,0.647239,-0.799586,-7.28191
99.32057291,-1.50978,-1.50978,0.0506524,-1.42179,-7.29345
99.3245844,-1.8197,-1.8197,-0.246399,-1.72917,-7.28497
99.32571558,-1.90709,-1.90709,-0.330682,-1.81613,-7.28067
99.3264758,-1.96594,-1.96594,-0.387441,-1.87457,-7.27778
99.32738078,-2.03599,-2.03599,-0.455125,-1.94414,-7.27321
99.32901353,-2.16237,-2.16237,-0.577541,-2.06965,-7.26496
99.33176893,-2.37539,-2.37539,-0.784964,-2.28147,-7.24696
99.33727972,-2.7994,-2.7994,-1.20256,-2.70363,-7.19837
99.34100058,-3.08336,-3.08336,-1.48627,-2.98681,-7.15615
99.34437299,-3.3385,-3.3385,-1.74441,-3.24157,-7.11139
99.34517651,-3.39883,-3.39883,-1.80591,-3.30186,-7.09963
99.34610398,-3.46847,-3.46847,-1.87702,-3.37146,-7.08604
99.34879518,-3.66884,-3.66884,-2.08335,-3.57187,-7.04347
99.35130531,-3.85359,-3.85359,-2.2758,-3.75684,-7.00031
99.35632557,-4.21556,-4.21556,-2.65925,-4.11969,-6.90415
99.36636609,-4.89936,-4.89936,-3.41265,-4.80661,-6.67345
99.37266905,-5.29546,-5.29546,-3.87143,-5.20516,-6.50303
99.37552042,-5.4652,-5.4652,-4.07437,-5.37614,-6.41956
99.37787974,-5.60084,-5.60084,-4.23959,-5.51289,-6.34755
99.38011994,-5.72555,-5.72555,-4.39386,-5.63871,-6.27674
99.3821381,-5.83452,-5.83452,-4.53045,-5.74872,-6.21094
99.38617442,-6.04308,-6.04308,-4.79591,-5.95948,-6.07373
99.38928455,-6.19546,-6.19546,-4.99279,-6.11363,-5.96297
99.39188748,-6.31754,-6.31754,-5.15195,-6.2372,-5.86695
99.39409695,-6.41732,-6.41732,-5.28286,-6.33826,-5.78309
99.39523139,-6.46672,-6.46672,-5.34853,-6.38832,-5.73891
99.39643661,-6.51919,-6.51919,-5.41717,-6.44149,-5.69198
99.39833894,-6.59918,-6.59918,-5.52316,-6.52258,-5.61616
99.40088946,-6.70246,-6.70246,-5.66089,-6.62734,-5.5121
99.40362375,-6.80817,-6.80817,-5.80311,-6.73464,-5.39753
99.40909233,-7.00417,-7.00417,-6.07126,-6.93387,-5.15921
99.42002948,-7.33528,-7.33528,-6.54495,-7.27179,-4.64759
99.43077056,-7.58242,-7.58242,-6.93115,-7.5261,-4.10219
99.44716606,-7.81364,-7.81364,-7.37375,-7.76912,-3.19541
99.46618405,-7.86715,-7.86715,-7.67,-7.83721,-2.04521
99.4989634,-7.45216,-7.45216,-7.65887,-7.44697,0.124408
99.51465991,-7.03703,-7.03703,-7.42818,-7.04268,1.22395
99.52235598,-6.78475,-6.78475,-7.2637,-6.79529,1.77078
99.52508374,-6.68786,-6.68786,-7.19748,-6.70005,1.96501
99.52760925,-6.5948,-6.5948,-7.13257,-6.60847,2.14483
99.53266026,-6.39931,-6.39931,-6.99264,-6.41578,2.5025
99.53841276,-6.16182,-6.16182,-6.81718,-6.18125,2.90512
99.54394622,-5.91887,-5.91887,-6.63258,-5.94096,3.28549
99.549365,-5.6676,-5.6676,-6.43715,-5.69215,3.64911
99.56020257,-5.12751,-5.12751,-6.00464,-5.15686,4.33795
99.56844625,-4.68473,-4.68473,-5.63987,-4.71779,4.81827
99.57221856,-4.47323,-4.47323,-5.46293,-4.50805,5.02352
99.57433242,-4.35235,-4.35235,-5.36111,-4.38818,5.13418
99.57631948,-4.23723,-4.23723,-5.26368,-4.27403,5.23523
99.57868503,-4.09833,-4.09833,-5.14558,-4.13633,5.35175
99.58165714,-3.92105,-3.92105,-4.99398,-3.96059,5.49249
99.58760135,-3.55754,-3.55754,-4.68041,-3.60035,5.75565
99.59777189,-2.90974,-2.90974,-4.1134,-2.95863,6.15161
99.60893935,-2.16407,-2.16407,-3.44949,-2.22025,6.50992
99.62393641,-1.11376,-1.11376,-2.49699,-1.18045,6.86871
99.64180679,0.196945,0.196945,-1.28391,0.117154,7.11767
99.65485705,1.18524,1.18524,-0.352375,1.09623,7.1795
99.66069062,1.63313,1.63313,0.074999,1.54047,7.17491
99.66242914,1.76725,1.76725,0.20357,1.67357,7.16937
99.66313742,1.82189,1.82189,0.256097,1.72779,7.16712
99.66394705,1.88435,1.88435,0.316236,1.78977,7.16354
99.6650044,1.96591,1.96591,0.394921,1.87084,7.15887
99.66618844,2.05726,2.05726,0.483225,1.96161,7.15213
99.66766996,2.17155,2.17155,0.59399,2.07519,7.14369
99.67011498,2.35997,2.35997,0.77742,2.26264,7.12625
99.67500503,2.7352,2.7352,1.14636,2.63633,7.08143
99.67885009,3.02801,3.02801,1.43812,2.92837,7.03694
99.68226516,3.28583,3.28583,1.69827,3.18587,6.99067
99.68296275,3.33811,3.33811,1.7514,3.23813,6.98026
99.68393683,3.4111,3.4111,1.82575,3.3111,6.96572
99.6860953,3.57172,3.57172,1.99049,3.47179,6.9313
99.68768006,3.68875,3.68875,2.11145,3.58895,6.90444
99.69048129,3.89346,3.89346,2.32504,3.79407,6.85374
99.69608374,4.29305,4.29305,2.75015,4.19506,6.7401
99.70728866,5.0389,5.0389,3.58045,4.94525,6.4652
99.71170087,5.31004,5.31004,3.89753,5.21847,6.33984
99.71414542,5.45405,5.45405,4.0701,5.36371,6.26629
99.71616164,5.56925,5.56925,4.21042,5.47998,6.20348
99.7181011,5.67697,5.67697,4.34346,5.58877,6.14124
99.71990973,5.77471,5.77471,4.46566,5.68756,6.08161
99.72352697,5.96255,5.96255,4.70403,5.87757,5.95782
99.7278839,6.17565,6.17565,4.9792,6.09338,5.80084
99.7296618,6.25828,6.25828,5.08733,6.17715,5.73394
99.73033206,6.28863,6.28863,5.12729,6.20793,5.70872
99.73116966,6.32655,6.32655,5.17723,6.24638,5.67647
99.73154235,6.34342,6.34342,5.19907,6.26349,5.66212
99.73214376,6.36995,6.36995,5.23432,6.29041,5.63897
99.73292805,6.40454,6.40454,5.27944,6.3255,5.60818
99.73379451,6.44158,6.44158,5.32928,6.3631,5.57416
99.73534448,6.50785,6.50785,5.41642,6.43035,5.51224
99.73766357,6.6031,6.6031,5.54325,6.52708,5.41768
99.74016083,6.70146,6.70146,5.67517,6.62702,5.31331
99.74298748,6.80753,6.80753,5.81882,6.7349,5.19204
99.74864079,7.00312,7.00312,6.08872,6.93415,4.93976
99.75963025,7.32094,7.32094,6.54939,7.25939,4.41395
99.77074073,7.55961,7.55961,6.93154,7.50601,3.83751
99.78755933,7.76628,7.76628,7.35439,7.72549,2.88768
99.807403,7.77814,7.77814,7.61832,7.75315,1.66333
99.84142878,7.25401,7.25401,7.50944,7.2548,-0.626144
99.8533984,6.9127,6.9127,7.30768,6.92165,-1.47248
99.86080186,6.66292,6.66292,7.14205,6.67652,-2.00017
99.86343105,6.5673,6.5673,7.07588,6.58247,-2.18757
99.86603044,6.46933,6.46933,7.00678,6.48599,-2.3725
99.87024933,6.30324,6.30324,6.887,6.32221,-2.67093
99.87450827,6.12687,6.12687,6.75666,6.14804,-2.96914
99.8793675,5.91524,5.91524,6.59661,5.93879,-3.30424
99.88869508,5.47916,5.47916,6.25667,5.50707,-3.925
99.89885613,4.96169,4.96169,5.83934,4.99426,-4.55467
99.90685226,4.52495,4.52495,5.47789,4.56134,-5.00639
99.91036182,4.32535,4.32535,5.31032,4.36349,-5.19124
99.91362539,4.1356,4.1356,5.14978,4.17541,-5.35535
99.91809713,3.86937,3.86937,4.92267,3.9116,-5.56809
99.92214266,3.62253,3.62253,4.71028,3.66705,-5.74874
99.9302337,3.11274,3.11274,4.26668,3.16215,-6.07762
99.93899047,2.53839,2.53839,3.75974,2.59348,-6.38619
99.95487226,1.44416,1.44416,2.77608,1.51035,-6.82387
99.9735874,0.0829103,0.0829103,1.52474,0.162945,-7.14274
99.98846143,-1.04199,-1.04199,0.469896,-0.951082,-7.24781
99.99570484,-1.59978,-1.59978,-0.0606496,-1.5042,-7.25224
99.9993678,-1.88345,-1.88345,-0.332641,-1.78582,-7.24233
100,-1.93241,-1.93241,-0.379825,-1.83442,-7.24062
