"TIME","SIN1","SIN2","SIN3","SIN4","SIN5"
90,-7.81369,-7.81369,-7.6727,-7.78432,-1.65094
90.00188905,-7.79746,-7.79746,-7.68108,-7.76984,-1.52827
90.00566716,-7.75987,-7.75987,-7.69256,-7.73574,-1.28105
90.01322338,-7.66047,-7.66047,-7.69051,-7.64321,-0.778122
90.02833581,-7.36474,-7.36474,-7.58549,-7.36063,0.257699
90.03876109,-7.0875,-7.0875,-7.43616,-7.09179,0.99112
90.04333644,-6.94739,-6.94739,-7.35115,-6.95517,1.31672
90.0459343,-6.86293,-6.86293,-7.29768,-6.87261,1.5024
90.04703278,-6.82556,-6.82556,-7.27329,-6.83603,1.58091
90.04922974,-6.75081,-6.75081,-7.22452,-6.76285,1.73802
90.05362366,-6.59285,-6.59285,-7.1179,-6.60791,2.05222
90.05813681,-6.42074,-6.42074,-6.99775,-6.43876,2.37365
90.06657454,-6.07303,-6.07303,-6.74495,-6.09631,2.96681
90.08344999,-5.28278,-5.28278,-6.13501,-5.31603,4.08671
90.09619708,-4.60759,-4.60759,-5.58696,-4.64844,4.84144
90.10170623,-4.29599,-4.29599,-5.32778,-4.34025,5.13759
90.10549239,-4.0753,-4.0753,-5.1422,-4.12199,5.3292
90.10853877,-3.89404,-3.89404,-4.98862,-3.94274,5.47605
90.1117064,-3.70219,-3.70219,-4.825,-3.75304,5.62184
90.11804164,-3.30867,-3.30867,-4.48625,-3.36401,5.89291
90.12878092,-2.61383,-2.61383,-3.87889,-2.67729,6.29216
90.14025169,-1.83667,-1.83667,-3.18743,-1.90938,6.63727
90.1558044,-0.733808,-0.733808,-2.18743,-0.819649,6.9746
90.17800476,0.91362,0.91362,-0.657507,0.809145,7.20352
90.18702805,1.60115,1.60115,-0.0054943,1.49022,7.21314
90.19163784,1.95474,1.95474,0.333384,1.84083,7.19979
90.19318896,2.07372,2.07372,0.448213,1.95908,7.1919
90.1946415,2.18514,2.18514,0.556067,2.06981,7.18452
90.19622934,2.30693,2.30693,0.674299,2.19085,7.17439
90.19940502,2.54992,2.54992,0.911711,2.43257,7.14988
90.20438301,2.92829,2.92829,1.28605,2.80954,7.10021
90.20705016,3.12937,3.12937,1.48754,3.01019,7.06798
90.21036991,3.37752,3.37752,1.73905,3.25812,7.02246
90.2113288,3.44857,3.44857,1.8117,3.32919,7.00797
90.21223642,3.51583,3.51583,1.88056,3.39647,6.99425
90.2135132,3.60985,3.60985,1.97741,3.49023,6.97325
90.21533585,3.74314,3.74314,2.11568,3.62407,6.94328
90.21866118,3.98314,3.98314,2.36756,3.86474,6.88295
90.22531184,4.44807,4.44807,2.86778,4.33196,6.74503
90.23672146,5.18264,5.18264,3.70144,5.07253,6.45644
90.24058374,5.41098,5.41098,3.97453,5.30341,6.34411
90.24353174,5.57761,5.57761,4.17884,5.47212,6.2535
90.24587315,5.70509,5.70509,4.33809,5.60133,6.17858
90.24827532,5.83143,5.83143,4.49834,5.72951,6.09904
90.25307966,6.07094,6.07094,4.80781,5.97282,5.93199
90.2567214,6.24107,6.24107,5.03156,6.14591,5.79838
90.25864974,6.32723,6.32723,5.14597,6.23367,5.72478
90.25968774,6.37214,6.37214,5.20592,6.27943,5.68517
90.26067666,6.41492,6.41492,5.26304,6.32303,5.64627
90.26201786,6.47133,6.47133,5.33867,6.38056,5.59352
90.26343615,6.52961,6.52961,5.41709,6.44001,5.53659
90.26627275,6.64195,6.64195,5.56922,6.5547,5.42014
90.2707295,6.80718,6.80718,5.796,6.7236,5.23037
90.27545537,6.96746,6.96746,6.02067,6.88777,5.02024
90.2812033,7.14188,7.14188,6.27269,7.06694,4.75269
90.28748856,7.30705,7.30705,6.52226,7.23737,4.4456
90.30005909,7.55843,7.55843,6.94192,7.49955,3.78885
90.31599074,7.72874,7.72874,7.32456,7.68394,2.88214
90.33994343,7.68471,7.68471,7.59507,7.66115,1.38679
90.37398905,7.04681,7.04681,7.3839,7.05026,-0.928442
90.38498053,6.70263,6.70263,7.17109,6.71368,-1.7076
90.38926177,6.55108,6.55108,7.06971,6.56492,-2.01294
90.39335114,6.39764,6.39764,6.96356,6.41404,-2.30405
90.39980483,6.1389,6.1389,6.77812,6.15917,-2.75947
90.41271222,5.56374,5.56374,6.34417,5.59135,-3.63915
90.42319868,5.04274,5.04274,5.93225,5.0762,-4.30689
90.43197526,4.5719,4.5719,5.54855,4.61038,-4.82042
90.4357589,4.35951,4.35951,5.37251,4.40023,-5.02692
90.43800607,4.23077,4.23077,5.26502,4.27286,-5.14488
90.44013462,4.10712,4.10712,5.16123,4.15052,-5.25326
90.44233809,3.97739,3.97739,5.05181,4.02219,-5.36202
90.44605377,3.75478,3.75478,4.86284,3.802,-5.53768
90.45348513,3.29568,3.29568,4.46868,3.34802,-5.86102
90.46519683,2.53748,2.53748,3.80624,2.5985,-6.29783
90.47673802,1.75274,1.75274,3.10771,1.82292,-6.64374
90.49272313,0.613719,0.613719,2.07404,0.697205,-6.98793
90.51824473,-1.29107,-1.29107,0.296076,-1.18898,-7.22335
90.52635101,-1.91114,-1.91114,-0.297627,-1.80472,-7.21858
90.52948222,-2.15158,-2.15158,-0.530206,-2.04389,-7.20664
90.53066395,-2.24233,-2.24233,-0.618405,-2.13415,-7.20026
90.53195524,-2.34148,-2.34148,-0.715012,-2.23278,-7.19328
90.53453781,-2.53936,-2.53936,-0.908883,-2.42988,-7.1757
90.53970295,-2.93258,-2.93258,-1.29887,-2.82216,-7.12953
90.54227467,-3.12677,-3.12677,-1.49401,-3.01617,-7.10111
90.54550523,-3.36871,-3.36871,-1.73986,-3.25819,-7.06033
90.54642779,-3.43722,-3.43722,-1.81007,-3.3268,-7.04742
90.5473677,-3.50702,-3.50702,-1.88171,-3.3967,-7.03427
90.54864991,-3.60164,-3.60164,-1.97944,-3.49152,-7.0146
90.5505796,-3.74304,-3.74304,-2.12652,-3.63331,-6.985
90.55415754,-4.00155,-4.00155,-2.39882,-3.89285,-6.92373
90.56131341,-4.50081,-4.50081,-2.93917,-4.39521,-6.78137
90.56711045,-4.8844,-4.8844,-3.36988,-4.78216,-6.64701
90.56855971,-4.97649,-4.97649,-3.47613,-4.87522,-6.61025
90.57145823,-5.15695,-5.15695,-3.68689,-5.05766,-6.53427
90.57364628,-5.28922,-5.28922,-3.8441,-5.19147,-6.47392
90.5746419,-5.3479,-5.3479,-3.91488,-5.25088,-6.44646
90.57538027,-5.39142,-5.39142,-3.96737,-5.29493,-6.42529
90.57607372,-5.43133,-5.43133,-4.01616,-5.33535,-6.40541
90.57707485,-5.48893,-5.48893,-4.08659,-5.3937,-6.37588
90.57813682,-5.54885,-5.54885,-4.16061,-5.45442,-6.34455
90.58026075,-5.66597,-5.66597,-4.30691,-5.57319,-6.27979
90.5845086,-5.88972,-5.88972,-4.59179,-5.80038,-6.14397
90.59054763,-6.18463,-6.18463,-4.97617,-6.10037,-5.93671
90.59316034,-6.30396,-6.30396,-5.13431,-6.22195,-5.84194
90.59463342,-6.36908,-6.36908,-5.22115,-6.28835,-5.78673
90.59600794,-6.42846,-6.42846,-5.30063,-6.34892,-5.73522
90.59749929,-6.49139,-6.49139,-5.38515,-6.41315,-5.67739
90.5991139,-6.55778,-6.55778,-5.47469,-6.48094,-5.61479
90.60234314,-6.68516,-6.68516,-5.64777,-6.61111,-5.48523
90.60651368,-6.83909,-6.83909,-5.85986,-6.76862,-5.31146
90.61047807,-6.97444,-6.97444,-6.04985,-6.90737,-5.13968
90.61545383,-7.1293,-7.1293,-6.27274,-7.06651,-4.91524
90.62540533,-7.38938,-7.38938,-6.66806,-7.33527,-4.43814
90.63876578,-7.63597,-7.63597,-7.09535,-7.59382,-3.74239
90.65719021,-7.7878,-7.7878,-7.49448,-7.76249,-2.6902
90.68182188,-7.66426,-7.66426,-7.69462,-7.66111,-1.14378
90.70430057,-7.24341,-7.24341,-7.55776,-7.25875,0.376376
90.71585064,-6.91807,-6.91807,-7.37294,-6.9419,1.18705
90.72201684,-6.71535,-6.71535,-7.24346,-6.74334,1.62473
90.72414903,-6.64066,-6.64066,-7.19379,-6.67003,1.77653
90.72612163,-6.56952,-6.56952,-7.14565,-6.60014,1.91697
90.73006684,-6.42152,-6.42152,-7.04316,-6.45454,2.19733
90.73795727,-6.10326,-6.10326,-6.81396,-6.1408,2.75269
90.75373811,-5.38297,-5.38297,-6.26326,-5.42886,3.81409
90.76587251,-4.75781,-4.75781,-5.76022,-4.80994,4.55896
90.77246885,-4.39339,-4.39339,-5.459,-4.44898,4.92946
90.77571243,-4.20812,-4.20812,-5.30396,-4.26547,5.10127
90.77879838,-4.02832,-4.02832,-5.15237,-4.08738,5.25778
90.78124037,-3.88366,-3.88366,-5.02967,-3.94411,5.37678
90.78385231,-3.72667,-3.72667,-4.89578,-3.78866,5.49935
90.78907618,-3.40596,-3.40596,-4.6201,-3.47114,5.73035
90.79572172,-2.98559,-2.98559,-4.25466,-3.05505,5.99782
90.80745902,-2.21214,-2.21214,-3.57164,-2.28967,6.4006
90.81976988,-1.36286,-1.36286,-2.80784,-1.4494,6.72988
90.83789169,-0.0549316,-0.0549316,-1.60734,-0.155214,7.04566
90.85170125,0.97826,0.97826,-0.64009,0.867707,7.15411
90.85872374,1.51257,1.51257,-0.132972,1.39739,7.16614
90.86233179,1.78874,1.78874,0.131126,1.67145,7.16118
90.86319943,1.85516,1.85516,0.194975,1.73735,7.15867
90.86399833,1.91631,1.91631,0.253872,1.7982,7.15635
90.86493271,1.98791,1.98791,0.322879,1.86936,7.1526
90.86625823,2.08947,2.08947,0.420994,1.97032,7.14728
90.86805843,2.22741,2.22741,0.55464,2.10743,7.13798
90.87117457,2.46565,2.46565,0.78699,2.34457,7.11759
90.87740685,2.93873,2.93873,1.25494,2.81634,7.06064
90.88046558,3.16868,3.16868,1.48595,3.0461,7.02486
90.88432412,3.45584,3.45584,1.77828,3.33344,6.97247
90.88514916,3.51664,3.51664,1.84078,3.39436,6.96001
90.88610743,3.58726,3.58726,1.91346,3.46512,6.94554
90.88760237,3.69667,3.69667,2.02684,3.57482,6.92165
90.89000363,3.87077,3.87077,2.20896,3.74955,6.88081
90.89480616,4.21188,4.21188,2.57191,4.09245,6.79004
90.90441122,4.85711,4.85711,3.28623,4.74308,6.57308
90.91084738,5.25608,5.25608,3.75138,5.14665,6.40182
90.91372563,5.42478,5.42478,3.95491,5.31762,6.31863
90.91594844,5.55062,5.55062,4.10972,5.44529,6.25163
90.91796166,5.6612,5.6612,4.24791,5.55758,6.18892
90.91991005,5.76515,5.76515,4.37962,5.66323,6.12641
90.92380681,5.96427,5.96427,4.63625,5.86584,5.99608
90.92887927,6.20643,6.20643,4.95492,6.11266,5.81605
90.93124619,6.31295,6.31295,5.09719,6.2214,5.72808
90.93247621,6.36618,6.36618,5.1694,6.27579,5.68105
90.93366697,6.41771,6.41771,5.23763,6.32844,5.63552
90.93474819,6.46272,6.46272,5.29958,6.37447,5.59309
90.93589298,6.51038,6.51038,5.36359,6.4232,5.54816
90.93818255,6.60206,6.60206,5.48851,6.51703,5.45607
90.94242291,6.76224,6.76224,5.7093,6.68118,5.27967
90.94953731,7.00322,7.00322,6.05021,6.92878,4.96713
90.95594139,7.19066,7.19066,6.32651,7.1222,4.66858
90.96179129,7.3377,7.3377,6.55426,7.27475,4.38215
90.97349108,7.5635,7.5635,6.94104,7.51177,3.77252
90.98941696,7.72744,7.72744,7.32312,7.69127,2.87079
91.01388552,7.66964,7.66964,7.59511,7.65716,1.34903
91.04374685,7.12385,7.12385,7.43488,7.13744,-0.674405
91.05495703,6.78983,6.78983,7.2395,6.812,-1.46749
91.05971007,6.62781,6.62781,7.13507,6.65338,-1.807
91.06152412,6.56286,6.56286,7.0919,6.58969,-1.93657
91.06368998,6.48314,6.48314,7.03801,6.51144,-2.09128
91.06802169,6.31677,6.31677,6.92274,6.34792,-2.39977
91.07668511,5.95718,5.95718,6.66296,5.99374,-3.00818
91.09401196,5.1377,5.1377,6.03263,5.18447,-4.15192
91.10623099,4.48455,4.48455,5.50388,4.53858,-4.86956
91.11157998,4.18005,4.18005,5.25139,4.23737,-5.15552
91.11671434,3.87783,3.87783,4.99761,3.93841,-5.41182
91.12035723,3.65774,3.65774,4.81099,3.72073,-5.58268
91.1243807,3.40945,3.40945,4.59876,3.47518,-5.76091
91.13242765,2.89742,2.89742,4.15598,2.96891,-6.08539
91.14155312,2.29357,2.29357,3.62587,2.37195,-6.40312
91.15702596,1.2205,1.2205,2.66564,1.31116,-6.82331
91.17673386,-0.218877,-0.218877,1.34649,-0.112134,-7.14815
91.18951678,-1.18632,-1.18632,0.441256,-1.06975,-7.23547
91.19535936,-1.63488,-1.63488,0.0160587,-1.51438,-7.24358
91.19683225,-1.74855,-1.74855,-0.092188,-1.62712,-7.24216
91.19763431,-1.81045,-1.81045,-0.151296,-1.68852,-7.24139
91.19844674,-1.87315,-1.87315,-0.211279,-1.75071,-7.23964
91.1995171,-1.95576,-1.95576,-0.290465,-1.83279,-7.23734
91.20067627,-2.04522,-2.04522,-0.376422,-1.92168,-7.23338
91.20211228,-2.15605,-2.15605,-0.483189,-2.03181,-7.22847
91.20445306,-2.33657,-2.33657,-0.657858,-2.21131,-7.21723
91.20913463,-2.6963,-2.6963,-1.00933,-2.56952,-7.1856
91.21315207,-3.00281,-3.00281,-1.31291,-2.87526,-7.14881
91.21595531,-3.21504,-3.21504,-1.52563,-3.08727,-7.11792
91.21914451,-3.45438,-3.45438,-1.76835,-3.32668,-7.07759
91.220041,-3.52107,-3.52107,-1.83657,-3.39347,-7.06503
91.22103198,-3.5948,-3.5948,-1.91209,-3.4673,-7.05114
91.22249665,-3.70301,-3.70301,-2.02369,-3.57575,-7.02931
91.22481388,-3.8727,-3.8727,-2.20026,-3.74596,-6.99246
91.22944833,-4.20559,-4.20559,-2.55238,-4.08042,-6.91031
91.23871722,-4.83766,-4.83766,-3.24663,-4.71739,-6.71302
91.24521586,-5.24824,-5.24824,-3.72062,-5.13245,-6.54901
91.24810756,-5.42121,-5.42121,-3.92717,-5.30764,-6.46932
91.24987591,-5.52379,-5.52379,-4.05187,-5.41164,-6.41859
91.25155817,-5.61906,-5.61906,-4.16918,-5.5083,-6.36894
91.25332056,-5.71645,-5.71645,-4.29058,-5.60717,-6.31548
91.25656445,-5.88936,-5.88936,-4.50952,-5.78289,-6.21327
91.26305224,-6.21147,-6.21147,-4.92686,-6.11083,-5.99437
91.26536118,-6.31818,-6.31818,-5.06805,-6.21967,-5.91159
91.26699922,-6.39182,-6.39182,-5.16592,-6.29483,-5.85144
91.26740268,-6.40947,-6.40947,-5.18958,-6.31285,-5.83662
91.26810697,-6.44027,-6.44027,-5.23088,-6.34431,-5.81023
91.2688463,-6.47261,-6.47261,-5.27338,-6.37733,-5.78252
91.2698691,-6.51631,-6.51631,-5.33216,-6.42199,-5.74319
91.27187439,-6.59987,-6.59987,-5.44441,-6.50741,-5.66608
91.27520376,-6.73245,-6.73245,-5.62391,-6.64306,-5.53353
91.27944215,-6.89017,-6.89017,-5.84048,-6.80469,-5.35806
91.28348404,-7.02914,-7.02914,-6.03492,-6.94739,-5.18384
91.28849934,-7.18617,-7.18617,-6.26027,-7.10907,-4.95858
91.2984706,-7.44825,-7.44825,-6.65752,-7.38055,-4.48221
91.31171312,-7.69468,-7.69468,-7.08294,-7.6398,-3.79474
91.33002645,-7.84897,-7.84897,-7.4836,-7.81233,-2.75186
91.35444791,-7.73197,-7.73197,-7.6895,-7.71946,-1.22219
91.37796866,-7.29032,-7.29032,-7.5478,-7.29936,0.367577
91.38979494,-6.95198,-6.95198,-7.35488,-6.9708,1.19847
91.39614644,-6.73955,-6.73955,-7.21878,-6.76324,1.64978
91.39834067,-6.66131,-6.66131,-7.16659,-6.68661,1.80615
91.4003689,-6.58682,-6.58682,-7.11603,-6.61359,1.95068
91.40442536,-6.43182,-6.43182,-7.00839,-6.46142,2.23909
91.41253828,-6.09835,-6.09835,-6.76764,-6.13333,2.80982
91.42876412,-5.34338,-5.34338,-6.18924,-5.38838,3.89619
91.44118901,-4.69097,-4.69097,-5.66345,-4.74348,4.64951
91.44762613,-4.32903,-4.32903,-5.36404,-4.38551,5.00476
91.45104938,-4.13021,-4.13021,-5.19758,-4.18887,5.18251
91.45416241,-3.94576,-3.94576,-5.04201,-4.00645,5.33695
91.45810443,-3.70743,-3.70743,-4.83947,-3.77076,5.52266
91.4619429,-3.47041,-3.47041,-4.63644,-3.5364,5.69313
91.46961985,-2.98251,-2.98251,-4.21395,-3.05406,6.00451
91.47875517,-2.37954,-2.37954,-3.6842,-2.45807,6.3252
91.49263642,-1.42214,-1.42214,-2.82806,-1.51181,6.71181
91.51363757,0.102179,0.102179,-1.43263,-0.00485026,7.07238
91.52853329,1.2252,1.2252,-0.380847,1.10676,7.16821
91.53487182,1.71034,1.71034,0.080378,1.58782,7.16941
91.53678252,1.85722,1.85722,0.220869,1.73362,7.1648
91.53749886,1.91229,1.91229,0.2737,1.78829,7.16307
91.53839348,1.98106,1.98106,0.339792,1.85656,7.15969
91.53961078,2.07464,2.07464,0.429911,1.94955,7.1551
91.54143007,2.21449,2.21449,0.564983,2.08854,7.14621
91.54456879,2.45527,2.45527,0.799039,2.3281,7.1265
91.55084623,2.93338,2.93338,1.27043,2.80471,7.07065
91.55382069,3.15778,3.15778,1.49508,3.02884,7.0366
91.55757868,3.43853,3.43853,1.77977,3.30969,6.98668
91.55840801,3.4999,3.4999,1.84259,3.37116,6.97441
91.55937793,3.57167,3.57167,1.91615,3.44305,6.96007
91.56087741,3.68187,3.68187,2.02986,3.55351,6.93657
91.56328814,3.85739,3.85739,2.21267,3.72962,6.89629
91.56810962,4.20133,4.20133,2.57701,4.0753,6.80657
91.57775257,4.85208,4.85208,3.29396,4.73143,6.59132
91.5842525,5.25683,5.25683,3.76344,5.1409,6.41987
91.58715714,5.4278,5.4278,3.96862,5.31421,6.33651
91.58939267,5.55489,5.55489,4.12414,5.44317,6.26956
91.59141074,5.6662,5.6662,4.26247,5.55622,6.20707
91.5933683,5.77108,5.77108,4.39459,5.66283,6.14462
91.59728341,5.97195,5.97195,4.65195,5.86725,6.01434
91.60151332,6.17602,6.17602,4.91846,6.07526,5.8657
91.60448339,6.31145,6.31145,5.09773,6.2135,5.7565
91.60578894,6.36836,6.36836,5.17437,6.27165,5.70688
91.60705531,6.42357,6.42357,5.2474,6.32806,5.65875
91.6082244,6.47247,6.47247,5.31367,6.37807,5.61305
91.6094487,6.52367,6.52367,5.38189,6.43044,5.56519
91.61189729,6.62193,6.62193,5.51479,6.53102,5.46691
91.61679447,6.80594,6.80594,5.76697,6.71966,5.26276
91.62193269,6.98124,6.98124,6.01268,6.89981,5.03791
91.62734227,7.14632,7.14632,6.25117,7.07,4.78975
91.63345973,7.30914,7.30914,6.49657,7.23865,4.49547
91.64569464,7.55985,7.55985,6.91196,7.50126,3.86614
91.66169432,7.73987,7.73987,7.30652,7.69718,2.96824
91.68331868,7.72604,7.72604,7.57917,7.70489,1.63869
91.71762667,7.14052,7.14052,7.42954,7.15038,-0.669561
91.72957933,6.78099,6.78099,7.21499,6.80029,-1.51429
91.73462553,6.60615,6.60615,7.10006,6.62917,-1.8743
91.73659519,6.5343,6.5343,7.05137,6.55873,-2.01482
91.73910066,6.4401,6.4401,6.9864,6.46628,-2.19357
91.74411161,6.24249,6.24249,6.84654,6.27206,-2.54917
91.75413351,5.81186,5.81186,6.52823,5.84786,-3.24613
91.7741773,4.82005,4.82005,5.74704,4.8685,-4.52061
91.78207915,4.38357,4.38357,5.38819,4.43702,-4.9654
91.78642846,4.13298,4.13298,5.17896,4.18926,-5.19342
91.79059743,3.88628,3.88628,4.97095,3.94536,-5.39979
91.79498355,3.62018,3.62018,4.7445,3.6823,-5.60396
91.7994427,3.34303,3.34303,4.50656,3.40836,-5.79818
91.808361,2.77004,2.77004,4.00849,2.84211,-6.14764
91.81814,2.11529,2.11529,3.43038,2.19514,-6.47266
91.83385465,1.01292,1.01292,2.43855,1.10585,-6.87095
91.85507565,-0.552856,-0.552856,0.995493,-0.44206,-7.17273
91.86656893,-1.4285,-1.4285,0.170977,-1.30932,-7.22518
91.87182603,-1.83319,-1.83319,-0.214944,-1.71083,-7.2236
91.8732634,-1.94417,-1.94417,-0.321347,-1.82107,-7.22008
91.87403476,-2.00372,-2.00372,-0.378591,-1.88024,-7.2182
91.87480632,-2.06329,-2.06329,-0.435942,-1.93941,-7.21532
91.87634943,-2.18244,-2.18244,-0.550907,-2.05777,-7.20957
91.87943567,-2.42035,-2.42035,-0.781826,-2.29448,-7.19341
91.88560813,-2.89317,-2.89317,-1.24706,-2.76575,-7.14526
91.8886825,-3.1266,-3.1266,-1.48023,-2.99887,-7.11347
91.89255462,-3.41783,-3.41783,-1.77493,-3.29015,-7.06613
91.89338967,-3.48005,-3.48005,-1.83848,-3.35247,-7.05465
91.89433629,-3.55059,-3.55059,-1.91063,-3.42311,-7.04164
91.89580199,-3.6591,-3.6591,-2.02236,-3.53186,-7.02022
91.89814333,-3.83094,-3.83094,-2.20082,-3.70424,-6.98364
91.90277718,-4.16465,-4.16465,-2.55304,-4.03955,-6.90278
91.91204486,-4.79893,-4.79893,-3.24752,-4.67881,-6.70804
91.91870013,-5.22111,-5.22111,-3.73301,-5.10567,-6.54162
91.92166421,-5.39899,-5.39899,-3.94462,-5.28588,-6.46046
91.92339382,-5.49966,-5.49966,-4.06652,-5.38796,-6.41112
91.92503355,-5.59289,-5.59289,-4.18082,-5.48257,-6.36303
91.92681171,-5.69156,-5.69156,-4.30326,-5.58277,-6.30943
91.92951204,-5.83667,-5.83667,-4.48588,-5.73024,-6.2252
91.93491269,-6.1103,-6.1103,-4.83726,-6.00877,-6.04663
91.93899336,-6.30277,-6.30277,-5.0891,-6.20503,-5.90293
91.94075777,-6.38226,-6.38226,-5.1941,-6.28617,-5.83793
91.94217206,-6.44436,-6.44436,-5.27649,-6.3496,-5.78583
91.94349402,-6.50051,-6.50051,-5.35205,-6.407,-5.73543
91.94484362,-6.55784,-6.55784,-5.42776,-6.46559,-5.68398
91.94754282,-6.66744,-6.66744,-5.57494,-6.57772,-5.57797
91.95165246,-6.82465,-6.82465,-5.78852,-6.73877,-5.41064
91.955962,-6.97709,-6.97709,-5.99927,-6.89522,-5.22768
91.96152998,-7.15537,-7.15537,-6.25219,-7.07871,-4.98022
91.96754389,-7.32446,-7.32446,-6.50145,-7.2535,-4.69937
91.97957172,-7.59052,-7.59052,-6.92736,-7.53118,-4.09792
91.99489535,-7.79261,-7.79261,-7.33251,-7.74851,-3.2611
92.01770231,-7.8191,-7.8191,-7.65786,-7.79792,-1.88982
92.04931928,-7.34743,-7.34743,-7.58534,-7.35587,0.200488
92.06414466,-6.93286,-6.93286,-7.34961,-6.95358,1.23532
92.07172332,-6.67562,-6.67562,-7.18125,-6.70209,1.77148
92.07437981,-6.57842,-6.57842,-7.11475,-6.60681,1.95981
92.07683519,-6.48544,-6.48544,-7.04992,-6.51557,2.13389
92.08174595,-6.29076,-6.29076,-6.91081,-6.32424,2.48024
92.09156747,-5.86779,-5.86779,-6.59596,-5.9076,3.15988
92.1112105,-4.89785,-4.89785,-5.82882,-4.94973,4.40922
92.11945325,-4.4441,-4.4441,-5.45457,-4.50108,4.87517
92.12394753,-4.18573,-4.18573,-5.23808,-4.24556,5.11131
92.12822981,-3.93276,-3.93276,-5.024,-3.99539,5.32331
92.13142694,-3.73974,-3.73974,-4.85937,-3.80453,5.47321
92.13496053,-3.52243,-3.52243,-4.67277,-3.58967,5.63066
92.14202772,-3.07597,-3.07597,-4.28557,-3.14831,5.92045
92.15060839,-2.51401,-2.51401,-3.7916,-2.59285,6.22863
92.16432707,-1.57524,-1.57524,-2.95216,-1.66503,6.6248
92.18426874,-0.1382,-0.1382,-1.63778,-0.244467,6.99479
92.20382864,1.32993,1.32993,-0.259661,1.20984,7.12753
92.21092037,1.87163,1.87163,0.259018,1.74779,7.12031
92.21356511,2.07431,2.07431,0.454732,1.9494,7.11019
92.21456844,2.1512,2.1512,0.529273,2.02588,7.10503
92.21551098,2.22343,2.22343,0.59943,2.09773,7.10019
92.21739608,2.36774,2.36774,0.740097,2.24143,7.08848
92.22116626,2.65537,2.65537,1.02271,2.52819,7.05912
92.22486195,2.93548,2.93548,1.30118,2.80791,7.02272
92.22757289,3.13946,3.13946,1.50621,3.01188,6.99126
92.23068724,3.3718,3.3718,1.74239,3.24454,6.95019
92.23165946,3.44372,3.44372,1.81611,3.31664,6.93606
92.23258377,3.51209,3.51209,1.88629,3.38519,6.92262
92.23385933,3.60584,3.60584,1.98314,3.47925,6.90236
92.23572116,3.74171,3.74171,2.12449,3.61568,6.87279
92.23915485,3.98891,3.98891,2.38476,3.86421,6.8123
92.24602223,4.46702,4.46702,2.90135,4.3461,6.67298
92.25378687,4.97488,4.97488,3.47371,4.85968,6.48664
92.2595328,5.32391,5.32391,3.88544,5.21364,6.32948
92.26210636,5.47221,5.47221,4.06586,5.36431,6.25386
92.26449971,5.60545,5.60545,4.23093,5.49982,6.18069
92.26709513,5.74482,5.74482,4.40658,5.64171,6.09827
92.26988173,5.88863,5.88863,4.59081,5.7883,6.00628
92.27545492,6.15877,6.15877,4.94361,6.0641,5.81166
92.27792872,6.27135,6.27135,5.093,6.17922,5.72078
92.27926286,6.32973,6.32973,5.1716,6.23898,5.67033
92.28028027,6.37425,6.37425,5.2302,6.28456,5.63186
92.28122419,6.41406,6.41406,5.28456,6.32535,5.59525
92.28237427,6.46257,6.46257,5.34934,6.37505,5.55065
92.28426979,6.53986,6.53986,5.45381,6.45429,5.47549
92.28796665,6.6834,6.6834,5.64958,6.60163,5.32452
92.29256641,6.84881,6.84881,5.87893,6.77173,5.12873
92.29698529,6.99406,6.99406,6.08487,6.92147,4.93251
92.30271325,7.16258,7.16258,6.33146,7.09584,4.66668
92.31238783,7.39717,7.39717,6.69719,7.34038,4.18967
92.32684122,7.63241,7.63241,7.12746,7.59071,3.41627
92.34559617,7.73721,7.73721,7.48317,7.71524,2.31632
92.3722509,7.51553,7.51553,7.60913,7.52049,0.601125
92.39076163,7.11843,7.11843,7.44419,7.14035,-0.672734
92.39956422,6.86262,6.86262,7.29545,6.89187,-1.29579
92.40497807,6.68474,6.68474,7.18217,6.71822,-1.68211
92.40665329,6.62658,6.62658,7.1438,6.66133,-1.80195
92.40831332,6.56754,6.56754,7.10426,6.60352,-1.92071
92.41163339,6.44533,6.44533,7.02074,6.48371,-2.15792
92.41827352,6.18478,6.18478,6.83622,6.22775,-2.62921
92.43155378,5.60227,5.60227,6.39997,5.65378,-3.54302
92.44312564,5.03157,5.03157,5.94996,5.09015,-4.28755
92.45271469,4.51691,4.51691,5.53023,4.58139,-4.85154
92.45683634,4.28454,4.28454,5.33721,4.35162,-5.07646
92.45930988,4.142,4.142,5.21784,4.21066,-5.20584
92.46165494,4.0048,4.0048,5.1023,4.07499,-5.32444
92.46397218,3.8673,3.8673,4.98591,3.93904,-5.43775
92.46832158,3.60423,3.60423,4.76162,3.67894,-5.64031
92.47702038,3.05956,3.05956,4.29122,3.14053,-6.00736
92.48803211,2.33738,2.33738,3.65654,2.42674,-6.40184
92.50106957,1.44035,1.44035,2.8533,1.54016,-6.77056
92.51686603,0.302233,0.302233,1.81389,0.41504,-7.07799
92.53168835,-0.806297,-0.806297,0.781985,-0.681485,-7.2307
92.53991836,-1.43464,-1.43464,0.188289,-1.3039,-7.25969
92.54399834,-1.74844,-1.74844,-0.110924,-1.61515,-7.25949
92.54539219,-1.85593,-1.85593,-0.213836,-1.72187,-7.25694
92.54609102,-1.90982,-1.90982,-0.265556,-1.77537,-7.25567
92.54701814,-1.98132,-1.98132,-0.334292,-1.84636,-7.25286
92.5482258,-2.07445,-2.07445,-0.424025,-1.93891,-7.24921
92.54983982,-2.19892,-2.19892,-0.544288,-2.0626,-7.24262
92.55249117,-2.40311,-2.40311,-0.742633,-2.26579,-7.22862
92.55779386,-2.80948,-2.80948,-1.14193,-2.67077,-7.18891
92.56162659,-3.10074,-3.10074,-1.43237,-2.96161,-7.15057
92.56496073,-3.35183,-3.35183,-1.68607,-3.21276,-7.1107
92.56571764,-3.4084,-3.4084,-1.74366,-3.26941,-7.10062
92.56666919,-3.47951,-3.47951,-1.81622,-3.34062,-7.08794
92.56905542,-3.65645,-3.65645,-1.99819,-3.51798,-7.05353
92.57104489,-3.80255,-3.80255,-2.14989,-3.66459,-7.02253
92.57486523,-4.07891,-4.07891,-2.44073,-3.94231,-6.95717
92.5825059,-4.61076,-4.61076,-3.01708,-4.47826,-6.80381
92.58842088,-4.99946,-4.99946,-3.4552,-4.8712,-6.66474
92.59337145,-5.30634,-5.30634,-3.81396,-5.18216,-6.53498
92.59543916,-5.42911,-5.42911,-3.96126,-5.30675,-6.47723
92.59706755,-5.52341,-5.52341,-4.07601,-5.40252,-6.4297
92.59857066,-5.60855,-5.60855,-4.18086,-5.48906,-6.38582
92.60011051,-5.6939,-5.6939,-4.28709,-5.57585,-6.33916
92.60319023,-5.85902,-5.85902,-4.49564,-5.74393,-6.2425
92.60934966,-6.16778,-6.16778,-4.89446,-6.05877,-6.03606
92.61282133,-6.32948,-6.32948,-5.1074,-6.22397,-5.91212
92.61447908,-6.40361,-6.40361,-5.20585,-6.29979,-5.85045
92.61607631,-6.4732,-6.4732,-5.29864,-6.37099,-5.79103
92.61762054,-6.53876,-6.53876,-5.38643,-6.43813,-5.73147
92.61906572,-6.59861,-6.59861,-5.46687,-6.49944,-5.67573
92.62195609,-6.71396,-6.71396,-5.62294,-6.61772,-5.56061
92.62584516,-6.86009,-6.86009,-5.82309,-6.76778,-5.40017
92.62965255,-6.99313,-6.99313,-6.0084,-6.90465,-5.23704
92.63484103,-7.15858,-7.15858,-6.24451,-7.07535,-5.00537
92.64253376,-7.37058,-7.37058,-6.56065,-7.29522,-4.64269
92.65693475,-7.66202,-7.66202,-7.04638,-7.60177,-3.90636
92.67255792,-7.82584,-7.82584,-7.42003,-7.78239,-3.03038
92.69744958,-7.7725,-7.7725,-7.69595,-7.7558,-1.49583
92.7314039,-7.1223,-7.1223,-7.47396,-7.1385,0.793563
92.7429938,-6.75456,-6.75456,-7.24537,-6.78059,1.61005
92.74679094,-6.61856,-6.61856,-7.15407,-6.64764,1.87967
92.74951866,-6.51636,-6.51636,-7.08365,-6.54756,2.07336
92.75248211,-6.40118,-6.40118,-7.00267,-6.43462,2.28329
92.75840902,-6.15829,-6.15829,-6.82711,-6.19606,2.69993
92.77026283,-5.62469,-5.62469,-6.42348,-5.67061,3.5084
92.79397045,-4.38471,-4.38471,-5.42273,-4.44682,4.91953
92.80236014,-3.89389,-3.89389,-5.00963,-3.96196,5.34179
92.80995076,-3.42863,-3.42863,-4.61132,-3.5023,5.68477
92.81870601,-2.86921,-2.86921,-4.12498,-2.94966,6.03355
92.82750913,-2.28423,-2.28423,-3.60883,-2.37181,6.33451
92.84083305,-1.36125,-1.36125,-2.78077,-1.46004,6.69749
92.85556664,-0.29602,-0.29602,-1.80693,-0.407493,6.97191
92.87013479,0.793618,0.793618,-0.792639,0.669814,7.11504
92.87841867,1.42533,1.42533,-0.195934,1.29525,7.14054
92.88246104,1.73591,1.73591,0.0999244,1.60298,7.13847
92.88383502,1.84148,1.84148,0.201135,1.70795,7.13534
92.88455252,1.89671,1.89671,0.25411,1.76277,7.1337
92.8854911,1.96896,1.96896,0.323525,1.83448,7.13044
92.88663224,2.0568,2.0568,0.408097,1.92166,7.12648
92.88803166,2.16453,2.16453,0.512063,2.02864,7.12024
92.8902377,2.33413,2.33413,0.676493,2.19729,7.10817
92.89452854,2.66285,2.66285,0.998026,2.52456,7.07689
92.89851155,2.9659,2.9659,1.29825,2.82681,7.03872
92.90136476,3.18132,3.18132,1.51418,3.04199,7.00603
92.90466835,3.4285,3.4285,1.76487,3.28926,6.96263
92.90556585,3.49506,3.49506,1.83298,3.35593,6.94959
92.90652305,3.56604,3.56604,1.9057,3.42703,6.93569
92.90786553,3.66495,3.66495,2.00768,3.52618,6.91504
92.90994871,3.81721,3.81721,2.16593,3.67894,6.88109
92.91391903,4.10273,4.10273,2.46684,3.96585,6.81006
92.92185967,4.65057,4.65057,3.06232,4.51796,6.64357
92.92794916,5.04542,5.04542,3.50973,4.91723,6.49423
92.93304374,5.35562,5.35562,3.87509,5.23168,6.35516
92.9352857,5.48588,5.48588,4.03279,5.36394,6.28993
92.93733596,5.60149,5.60149,4.17504,5.48143,6.22816
92.93942299,5.71571,5.71571,4.31769,5.59762,6.16322
92.941703,5.83657,5.83657,4.47077,5.72066,6.08994
92.94626302,6.06634,6.06634,4.76718,5.95492,5.93617
92.94974519,6.23133,6.23133,4.98385,6.1234,5.81235
92.95177325,6.32333,6.32333,5.10588,6.21744,5.73727
92.95275571,6.36655,6.36655,5.16354,6.26166,5.7009
92.95352204,6.40027,6.40027,5.20851,6.29615,5.67177
92.95424799,6.43128,6.43128,5.25006,6.32791,5.64417
92.95532407,6.47726,6.47726,5.31166,6.37498,5.60238
92.9565041,6.52644,6.52644,5.37777,6.42535,5.55655
92.95886415,6.62185,6.62185,5.50671,6.52315,5.46254
92.96358426,6.80104,6.80104,5.75184,6.7071,5.26745
92.9692938,6.99725,6.99725,6.02652,6.90905,5.01917
92.97467296,7.16171,7.16171,6.26414,7.07894,4.77329
92.98063069,7.32098,7.32098,6.504,7.24426,4.48789
92.99254616,7.56833,7.56833,6.91211,7.50396,3.87835
93.00850678,7.7538,7.7538,7.31215,7.70633,2.98789
93.0299447,7.74892,7.74892,7.59213,7.72423,1.67688
93.0640681,7.18236,7.18236,7.46083,7.1909,-0.609076
93.07630208,6.81922,6.81922,7.24672,6.83825,-1.47117
93.08446641,6.53265,6.53265,7.05697,6.55817,-2.05085
93.08730837,6.42484,6.42484,6.98232,6.45251,-2.25264
93.09003481,6.31764,6.31764,6.90664,6.34734,-2.44568
93.09548767,6.09253,6.09253,6.74367,6.12615,-2.82861
93.10639339,5.60136,5.60136,6.37288,5.64247,-3.57213
93.12820484,4.46971,4.46971,5.46473,4.52579,-4.88568
93.13522872,4.06496,4.06496,5.12683,4.12603,-5.25093
93.14203702,3.65548,3.65548,4.77961,3.72159,-5.57435
93.14747071,3.31731,3.31731,4.48925,3.3876,-5.81044
93.15352589,2.92931,2.92931,4.15252,3.00443,-6.05077
93.16563625,2.12141,2.12141,3.44053,2.20663,-6.4615
93.17964713,1.1399,1.1399,2.55847,1.23731,-6.82307
93.19481351,0.0302492,0.0302492,1.54187,0.141093,-7.08017
93.20764118,-0.93868,-0.93868,0.638804,-0.816753,-7.19092
93.21445786,-1.46218,-1.46218,0.144654,-1.33492,-7.2106
93.21810563,-1.74411,-1.74411,-0.123411,-1.61417,-7.21011
93.21933077,-1.8388,-1.8388,-0.213978,-1.70825,-7.20797
93.22009623,-1.89808,-1.89808,-0.27069,-1.76704,-7.20663
93.22101247,-1.96904,-1.96904,-0.338695,-1.8374,-7.20397
93.22218357,-2.05973,-2.05973,-0.425804,-1.92743,-7.20057
93.22361223,-2.17037,-2.17037,-0.532344,-2.03727,-7.195
93.22589458,-2.34693,-2.34693,-0.703145,-2.21273,-7.18374
93.23041156,-2.69513,-2.69513,-1.04313,-2.55921,-7.15292
93.23427188,-2.9907,-2.9907,-1.33549,-2.85385,-7.11768
93.23697491,-3.19617,-3.19617,-1.54101,-3.05897,-7.08816
93.23941282,-3.38018,-3.38018,-1.72688,-3.24287,-7.05814
93.24044205,-3.45731,-3.45731,-1.80535,-3.32004,-7.04425
93.24138689,-3.52811,-3.52811,-1.87748,-3.39087,-7.03149
93.24426792,-3.74191,-3.74191,-2.09743,-3.60502,-6.98887
93.24730059,-3.96383,-3.96383,-2.32875,-3.82763,-6.93928
93.25336592,-4.39571,-4.39571,-2.78892,-4.26178,-6.82575
93.2654966,-5.19358,-5.19358,-3.68457,-5.06686,-6.54309
93.26995296,-5.46153,-5.46153,-4.00245,-5.3382,-6.42093
93.27319146,-5.64685,-5.64685,-4.22836,-5.52617,-6.32613
93.27575986,-5.78804,-5.78804,-4.40387,-5.66955,-6.2474
93.27840404,-5.92807,-5.92807,-4.58069,-5.8119,-6.16312
93.2836924,-6.19237,-6.19237,-4.92055,-6.08096,-5.98495
93.28683439,-6.33964,-6.33964,-5.11293,-6.23112,-5.87311
93.28830648,-6.40618,-6.40618,-5.20047,-6.29902,-5.81873
93.28972908,-6.46901,-6.46901,-5.28343,-6.36318,-5.76618
93.29101473,-6.52397,-6.52397,-5.357,-6.41933,-5.71715
93.29232812,-6.58011,-6.58011,-5.4308,-6.47669,-5.66706
93.2949549,-6.68759,-6.68759,-5.57438,-6.58661,-5.56392
93.29908694,-6.847,-6.847,-5.78973,-6.74984,-5.39579
93.30345212,-7.00265,-7.00265,-6.00371,-6.90954,-5.21052
93.30884418,-7.17701,-7.17701,-6.24946,-7.08891,-4.97108
93.31472703,-7.34483,-7.34483,-6.49477,-7.26228,-4.69693
93.32649274,-7.61122,-7.61122,-6.9158,-7.54005,-4.11055
93.34221875,-7.82568,-7.82568,-7.33659,-7.77028,-3.25399
93.36253235,-7.87024,-7.87024,-7.64553,-7.83563,-2.04012
93.39500046,-7.43166,-7.43166,-7.61592,-7.42866,0.0914169
93.41107937,-6.99392,-6.99392,-7.37186,-7.00493,1.20986
93.41881003,-6.73398,-6.73398,-7.20243,-6.75119,1.75575
93.42156492,-6.63382,-6.63382,-7.13407,-6.65316,1.95074
93.42411852,-6.53759,-6.53759,-7.06707,-6.55885,2.13148
93.42922571,-6.33563,-6.33563,-6.92283,-6.36061,2.49101
93.43944009,-5.89527,-5.89527,-6.59469,-5.9273,3.19556
93.45986885,-4.88047,-4.88047,-5.79013,-4.92613,4.48141
93.46796116,-4.43157,-4.43157,-5.419,-4.48271,4.93066
93.47242591,-4.17319,-4.17319,-5.2021,-4.22743,5.16082
93.47669277,-3.91955,-3.91955,-4.98713,-3.97685,5.36795
93.48070296,-3.67545,-3.67545,-4.77848,-3.73572,5.55109
93.48501472,-3.40709,-3.40709,-4.54723,-3.47065,5.73579
93.49363824,-2.85316,-2.85316,-4.06434,-2.92359,6.06846
93.50414581,-2.14968,-2.14968,-3.44149,-2.22891,6.40951
93.51858852,-1.13812,-1.13812,-2.52966,-1.22997,6.76603
93.54230273,0.608346,0.608346,-0.916806,0.495638,7.07836
93.55371317,1.47664,1.47664,-0.0965025,1.35541,7.11011
93.55915943,1.89487,1.89487,0.303736,1.77029,7.09862
93.56076488,2.01843,2.01843,0.422698,1.89302,7.09154
93.56173703,2.09325,2.09325,0.494927,1.96734,7.08725
93.56267633,2.16554,2.16554,0.564844,2.03914,7.08168
93.56455492,2.30999,2.30999,0.705031,2.18275,7.07053
93.56831211,2.59803,2.59803,0.986699,2.46946,7.04136
93.57225085,2.89814,2.89814,1.2836,2.76866,7.00242
93.57510255,3.11384,3.11384,1.49942,2.98403,6.96893
93.57841517,3.36224,3.36224,1.75084,3.23241,6.92449
93.57936002,3.4325,3.4325,1.82255,3.30274,6.9105
93.58027669,3.50065,3.50065,1.89221,3.37097,6.89693
93.58155552,3.59514,3.59514,1.98939,3.46529,6.87629
93.58342482,3.73231,3.73231,2.13144,3.60316,6.84612
93.58685786,3.98087,3.98087,2.3919,3.8527,6.78476
93.59372396,4.46191,4.46191,2.90887,4.3368,6.64376
93.60323619,5.08225,5.08225,3.60758,4.9633,6.40918
93.60727758,5.32722,5.32722,3.89624,5.21141,6.29596
93.60941819,5.45199,5.45199,4.04666,5.33794,6.23276
93.61148355,5.56891,5.56891,4.18983,5.45661,6.16971
93.61338038,5.67327,5.67327,4.31944,5.56263,6.11002
93.61547671,5.7853,5.7853,4.46039,5.67652,6.0421
93.61966937,5.99921,5.99921,4.73412,5.89426,5.90017
93.62291404,6.15567,6.15567,4.93777,6.05375,5.78485
93.62563516,6.28092,6.28092,5.10254,6.18157,5.68449
93.62767659,6.37136,6.37136,5.22235,6.27395,5.60705
93.62961658,6.45454,6.45454,5.33306,6.35898,5.53177
93.63106218,6.5148,6.5148,5.41359,6.4206,5.47461
93.63395337,6.63091,6.63091,5.56973,6.53946,5.35763
93.6387201,6.80966,6.80966,5.81337,6.72271,5.15713
93.64384807,6.98449,6.98449,6.05698,6.90236,4.93107
93.64953385,7.15734,7.15734,6.30539,7.08058,4.66825
93.65587091,7.32422,7.32422,6.55606,7.25351,4.36077
93.66854505,7.57765,7.57765,6.97659,7.51928,3.70279
93.68491473,7.74965,7.74965,7.36345,7.70759,2.77575
93.70767576,7.7085,7.7085,7.61682,7.68908,1.36391
93.73790207,7.18258,7.18258,7.46652,7.19067,-0.674426
93.74901539,6.85957,6.85957,7.27595,6.87664,-1.45743
93.75383036,6.69886,6.69886,7.1715,6.7196,-1.79998
93.75566373,6.63446,6.63446,7.12832,6.65655,-1.93041
93.75781711,6.55664,6.55664,7.07527,6.58029,-2.08361
93.76212387,6.39408,6.39408,6.96172,6.42077,-2.38913
93.77073739,6.04219,6.04219,6.70562,6.07465,-2.99184
93.78796443,5.23819,5.23819,6.08341,5.28165,-4.12593
93.8002722,4.58717,4.58717,5.55366,4.63855,-4.84736
93.80564587,4.28391,4.28391,5.301,4.33886,-5.13398
93.81080752,3.98244,3.98244,5.0467,4.04094,-5.39094
93.81442583,3.76541,3.76541,4.86189,3.8265,-5.56016
93.81838317,3.52291,3.52291,4.65379,3.58689,-5.73506
93.82629786,3.02271,3.02271,4.21973,3.09276,-6.05392
93.83486938,2.45964,2.45964,3.72416,2.53659,-6.35394
93.85109785,1.34045,1.34045,2.72047,1.43114,-6.79678
93.86923609,0.021462,0.021462,1.51047,0.127957,-7.10256
93.88318566,-1.03115,-1.03115,0.525825,-0.912867,-7.20498
93.88991598,-1.54778,-1.54778,0.0359948,-1.42445,-7.2138
93.8934218,-1.81851,-1.81851,-0.222529,-1.6928,-7.20809
93.8944028,-1.89426,-1.89426,-0.295257,-1.76789,-7.205
93.89523696,-1.95867,-1.95867,-0.357223,-1.83192,-7.20237
93.89616293,-2.03024,-2.03024,-0.426134,-1.90299,-7.19837
93.89760089,-2.14137,-2.14137,-0.533398,-2.01336,-7.19215
93.89989903,-2.31898,-2.31898,-0.705434,-2.18975,-7.17922
93.90426225,-2.65495,-2.65495,-1.03391,-2.52401,-7.14662
93.90811039,-2.94938,-2.94938,-1.32538,-2.81744,-7.1092
93.91084018,-3.1568,-3.1568,-1.53297,-3.02444,-7.07776
93.91394478,-3.3908,-3.3908,-1.76974,-3.25828,-7.03713
93.91487374,-3.46025,-3.46025,-1.84059,-3.32776,-7.02372
93.91585602,-3.53368,-3.53368,-1.9156,-3.40122,-7.00955
93.91720755,-3.63408,-3.63408,-2.01881,-3.50174,-6.98887
93.91936594,-3.79317,-3.79317,-2.18363,-3.66115,-6.95386
93.9235681,-4.09785,-4.09785,-2.50379,-3.96689,-6.87871
93.93197243,-4.6814,-4.6814,-3.13687,-4.55413,-6.70132
93.93407351,-4.82016,-4.82016,-3.29279,-4.69418,-6.65026
93.93827568,-5.09037,-5.09037,-3.60137,-4.96714,-6.54294
93.94145533,-5.28682,-5.28682,-3.8311,-5.16585,-6.45646
93.94376205,-5.42459,-5.42459,-3.9954,-5.30533,-6.39078
93.94552379,-5.5269,-5.5269,-4.11935,-5.40899,-6.33892
93.94656508,-5.58618,-5.58618,-4.19191,-5.46909,-6.30714
93.94836933,-5.68681,-5.68681,-4.31633,-5.57116,-6.25207
93.95197783,-5.88042,-5.88042,-4.55963,-5.76775,-6.1365
93.95919483,-6.23829,-6.23829,-5.02009,-6.13183,-5.8876
93.9619708,-6.36573,-6.36573,-5.18716,-6.26172,-5.78565
93.96367605,-6.44126,-6.44126,-5.28683,-6.33877,-5.72133
93.96531583,-6.51196,-6.51196,-5.38051,-6.41092,-5.65829
93.96706559,-6.58531,-6.58531,-5.47813,-6.48584,-5.58975
93.96983134,-6.69692,-6.69692,-5.62763,-6.59991,-5.47876
93.97382468,-6.84876,-6.84876,-5.83339,-6.75529,-5.31287
93.97784736,-6.99068,-6.99068,-6.02898,-6.90078,-5.13917
93.9837169,-7.17804,-7.17804,-6.29397,-7.09339,-4.87419
93.99056969,-7.36745,-7.36745,-6.5735,-7.28902,-4.54813
94.00427526,-7.65278,-7.65278,-7.03857,-7.58719,-3.84568
94.01995921,-7.82928,-7.82928,-7.42002,-7.7789,-2.96671
94.04457271,-7.79601,-7.79601,-7.7039,-7.76977,-1.45159
94.07862169,-7.17007,-7.17007,-7.49706,-7.17432,0.837591
94.08999581,-6.81739,-6.81739,-7.2779,-6.83064,1.63592
94.09407282,-6.67417,-6.67417,-7.18161,-6.69047,1.92402
94.09753886,-6.54578,-6.54578,-7.09266,-6.56459,2.16894
94.10111964,-6.40693,-6.40693,-6.99409,-6.42826,2.4209
94.10828118,-6.11098,-6.11098,-6.77713,-6.13715,2.91889
94.12260426,-5.45009,-5.45009,-6.26753,-5.4855,3.86938
94.13362282,-4.8826,-4.8826,-5.80993,-4.92505,4.53917
94.13978789,-4.54381,-4.54381,-5.53003,-4.59028,4.88393
94.14280126,-4.37288,-4.37288,-5.38719,-4.42137,5.0434
94.14516354,-4.23653,-4.23653,-5.27253,-4.28662,5.16389
94.14735314,-4.10835,-4.10835,-5.16419,-4.15996,5.27196
94.14941731,-3.98597,-3.98597,-5.06027,-4.03904,5.37068
94.15354565,-3.73683,-3.73683,-4.84736,-3.7929,5.55914
94.16180232,-3.22196,-3.22196,-4.40207,-3.28432,5.9016
94.1722247,-2.54271,-2.54271,-3.80503,-2.61351,6.27062
94.18519915,-1.65637,-1.65637,-3.01187,-1.73826,6.63434
94.20040939,-0.568408,-0.568408,-2.01963,-0.663784,6.92901
94.21811524,0.749573,0.749573,-0.793241,0.638573,7.09758
94.22754391,1.46812,1.46812,-0.11297,1.34978,7.1122
94.23209577,1.8178,1.8178,0.221375,1.69624,7.10085
94.23327417,1.90832,1.90832,0.308518,1.78624,7.09574
94.23398427,1.96297,1.96297,0.361137,1.84048,7.09266
94.23488204,2.03206,2.03206,0.427769,1.90904,7.08768
94.23640462,2.14924,2.14924,0.541034,2.02533,7.07922
94.23892098,2.34264,2.34264,0.728904,2.21752,7.06177
94.24376398,2.71327,2.71327,1.0926,2.58636,7.01833
94.24765379,3.00869,3.00869,1.38643,2.88088,6.97412
94.2502767,3.2061,3.2061,1.5854,3.07802,6.93966
94.25129644,3.28285,3.28285,1.66275,3.15466,6.92508
94.25196844,3.33303,3.33303,1.71373,3.20483,6.91547
94.25297205,3.40797,3.40797,1.79003,3.27976,6.90012
94.2539655,3.48164,3.48164,1.86556,3.35348,6.88493
94.25510403,3.56606,3.56606,1.95211,3.43795,6.86612
94.25661139,3.67698,3.67698,2.06671,3.54905,6.84122
94.25922993,3.8678,3.8678,2.26565,3.74036,6.79433
94.264467,4.24096,4.24096,2.66193,4.11515,6.68988
94.27494115,4.94207,4.94207,3.43889,4.82171,6.43939
94.28126143,5.32994,5.32994,3.89253,5.21389,6.26201
94.28442602,5.51307,5.51307,4.1141,5.39943,6.16592
94.28728676,5.67189,5.67189,4.31039,5.56053,6.07496
94.29005028,5.81921,5.81921,4.49584,5.71013,5.98347
94.29306719,5.97332,5.97332,4.69302,5.86681,5.87958
94.29910102,6.26118,6.26118,5.06809,6.15993,5.65954
94.30111832,6.35145,6.35145,5.1874,6.252,5.58237
94.30270886,6.42055,6.42055,5.27921,6.32252,5.51977
94.30416744,6.48234,6.48234,5.36161,6.38561,5.46236
94.30563748,6.54309,6.54309,5.44295,6.44767,5.40307
94.30857758,6.66005,6.66005,5.60058,6.56725,5.28176
94.31312814,6.82923,6.82923,5.83174,6.74047,5.08695
94.31795939,6.99325,6.99325,6.06066,6.90877,4.87094
94.32383908,7.17136,7.17136,6.31708,7.09213,4.59571
94.33026363,7.33924,7.33924,6.57008,7.26581,4.28004
94.34311271,7.59246,7.59246,6.99306,7.53092,3.60503
94.35937667,7.75833,7.75833,7.37286,7.71225,2.6748
94.38386982,7.69498,7.69498,7.62667,7.67219,1.13999
94.40861401,7.27009,7.27009,7.5109,7.26922,-0.53657
94.41949961,6.97307,6.97307,7.34518,6.98097,-1.30346
94.43028328,6.61657,6.61657,7.11511,6.63248,-2.06854
94.43319487,6.50992,6.50992,7.04193,6.52788,-2.27511
94.43607826,6.40012,6.40012,6.96496,6.42005,-2.47913
94.44184504,6.1684,6.1684,6.79792,6.19217,-2.88349
94.45337861,5.65869,5.65869,6.41335,5.68982,-3.66604
94.46527613,5.07178,5.07178,5.94916,5.11038,-4.41645
94.47488097,4.55539,4.55539,5.52686,4.60024,-4.96389
94.4788375,4.33205,4.33205,5.34092,4.37956,-5.17224
94.48264517,4.11156,4.11156,5.15566,4.16171,-5.36248
94.48609069,3.90751,3.90751,4.98282,3.96013,-5.52591
94.48991022,3.67647,3.67647,4.78562,3.73192,-5.69756
94.49754928,3.19992,3.19992,4.37427,3.26127,-6.01184
94.50744098,2.55615,2.55615,3.80989,2.62559,-6.36307
94.52180427,1.57375,1.57375,2.93224,1.65559,-6.76431
94.53752265,0.443834,0.443834,1.90193,0.539772,-7.05917
94.5533041,-0.736163,-0.736163,0.804964,-0.62612,-7.20717
94.5623341,-1.42677,-1.42677,0.152756,-1.30945,-7.22637
94.56661768,-1.75705,-1.75705,-0.162177,-1.63667,-7.21905
94.5680989,-1.87155,-1.87155,-0.271846,-1.75023,-7.2138
94.56875939,-1.92261,-1.92261,-0.320867,-1.80087,-7.21146
94.56968245,-1.99397,-1.99397,-0.38949,-1.87164,-7.20707
94.57095921,-2.09268,-2.09268,-0.48462,-1.96963,-7.20098
94.57288438,-2.24151,-2.24151,-0.628506,-2.11738,-7.18959
94.57621198,-2.4982,-2.4982,-0.878381,-2.37253,-7.16506
94.58162242,-2.91297,-2.91297,-1.28738,-2.78552,-7.11221
94.58438831,-3.12333,-3.12333,-1.49759,-2.99533,-7.07903
94.58786554,-3.38559,-3.38559,-1.76269,-3.25726,-7.03149
94.58875239,-3.45192,-3.45192,-1.8303,-3.32358,-7.0181
94.58969288,-3.52225,-3.52225,-1.90211,-3.39391,-7.00391
94.59101458,-3.62049,-3.62049,-2.00303,-3.49222,-6.98287
94.59305728,-3.77122,-3.77122,-2.159,-3.64315,-6.94853
94.5969039,-4.05084,-4.05084,-2.45219,-3.92355,-6.87798
94.60459715,-4.58923,-4.58923,-3.03312,-4.4648,-6.71419
94.61056293,-4.98359,-4.98359,-3.47534,-4.86239,-6.56673
94.61205437,-5.07804,-5.07804,-3.58426,-4.95779,-6.52656
94.61534027,-5.28131,-5.28131,-3.82188,-5.16324,-6.43498
94.61671792,-5.36429,-5.36429,-3.92031,-5.24717,-6.39499
94.61706675,-5.38495,-5.38495,-3.94523,-5.26808,-6.38486
94.6173975,-5.40454,-5.40454,-3.96864,-5.2879,-6.37526
94.61781446,-5.42925,-5.42925,-3.99815,-5.3129,-6.36277
94.61854098,-5.4715,-5.4715,-4.04956,-5.35567,-6.341
94.61930547,-5.51597,-5.51597,-4.10308,-5.40069,-6.3181
94.62034029,-5.57508,-5.57508,-4.17553,-5.46056,-6.2859
94.62233384,-5.68652,-5.68652,-4.31319,-5.57349,-6.22385
94.62566247,-5.86561,-5.86561,-4.53808,-5.75516,-6.11536
94.63231971,-6.19873,-6.19873,-4.96601,-6.09368,-5.8833
94.63503793,-6.32533,-6.32533,-5.13164,-6.22255,-5.78285
94.63666888,-6.39872,-6.39872,-5.2283,-6.29732,-5.7205
94.6381443,-6.46349,-6.46349,-5.31392,-6.36333,-5.66409
94.6395949,-6.52567,-6.52567,-5.3964,-6.42674,-5.60671
94.64117761,-6.59183,-6.59183,-5.4845,-6.49424,-5.54411
94.64434303,-6.71894,-6.71894,-5.65492,-6.62403,-5.41476
94.64845913,-6.87389,-6.87389,-5.86538,-6.78245,-5.24038
94.65244297,-7.01283,-7.01283,-6.05741,-6.92475,-5.06507
94.65770541,-7.17984,-7.17984,-6.29403,-7.09625,-4.82392
94.66629218,-7.41239,-7.41239,-6.63955,-7.33625,-4.40801
94.6805031,-7.68997,-7.68997,-7.10357,-7.62662,-3.66293
94.69744933,-7.84991,-7.84991,-7.48484,-7.80239,-2.69108
94.72267303,-7.75781,-7.75781,-7.71672,-7.734,-1.10563
94.74577879,-7.34559,-7.34559,-7.59092,-7.3422,0.459873
94.75688496,-7.04079,-7.04079,-7.41916,-7.0464,1.24036
94.76335597,-6.83266,-6.83266,-7.28688,-6.8432,1.69968
94.76556073,-6.75674,-6.75674,-7.23649,-6.76889,1.85655
94.76757862,-6.68509,-6.68509,-7.18805,-6.69868,2.00012
94.7716144,-6.53571,-6.53571,-7.08466,-6.55213,2.2865
94.77968597,-6.21343,-6.21343,-6.85243,-6.23523,2.85281
94.79582909,-5.48036,-5.48036,-6.29105,-5.51237,3.92925
94.80817697,-4.8449,-4.8449,-5.77877,-4.8847,4.67351
94.81452447,-4.49438,-4.49438,-5.48867,-4.53831,5.0215
94.81784027,-4.30512,-4.30512,-5.33017,-4.35127,5.19263
94.82092636,-4.12535,-4.12535,-5.17851,-4.17364,5.34493
94.82428674,-3.92579,-3.92579,-5.00896,-3.97645,5.50308
94.82859859,-3.66408,-3.66408,-4.78487,-3.7179,5.69455
94.8372223,-3.12274,-3.12274,-4.31561,-3.18322,6.04029
94.84816321,-2.40425,-2.40425,-3.68231,-2.47371,6.40984
94.86207716,-1.44533,-1.44533,-2.82124,-1.52685,6.77131
94.87901368,-0.221532,-0.221532,-1.69983,-0.318229,7.05149
94.89354004,0.867033,0.867033,-0.683298,0.75745,7.15523
94.90138314,1.46584,1.46584,-0.116154,1.34996,7.15977
94.90534508,1.77044,1.77044,0.174654,1.65153,7.14854
94.90652584,1.86123,1.86123,0.261845,1.74171,7.1432
94.90724901,1.91683,1.91683,0.315356,1.79695,7.13994
94.90817585,1.98818,1.98818,0.384053,1.86773,7.13468
94.90945791,2.08687,2.08687,0.47928,1.96565,7.1274
94.91123494,2.22367,2.22367,0.611649,2.10138,7.11532
94.91425662,2.45579,2.45579,0.837664,2.33203,7.09074
94.92029997,2.9169,2.9169,1.29268,2.79105,7.0265
94.92315376,3.13272,3.13272,1.50872,3.00628,6.98922
94.92677477,3.40409,3.40409,1.78363,3.27729,6.9356
94.92761376,3.4664,3.4664,1.84733,3.3396,6.92195
94.92858702,3.53868,3.53868,1.92129,3.41187,6.90612
94.930041,3.64595,3.64595,2.03179,3.51922,6.88121
94.9323583,3.81544,3.81544,2.2079,3.68897,6.83921
94.93693532,4.14401,4.14401,2.55465,4.01856,6.74805
94.94608936,4.76902,4.76902,3.23819,4.64736,6.53374
94.95291104,5.20063,5.20063,3.73369,5.08295,6.34694
94.9559796,5.38398,5.38398,3.95159,5.26835,6.25549
94.95768844,5.48293,5.48293,4.07132,5.36849,6.2026
94.95929968,5.57407,5.57407,4.18299,5.4608,6.15146
94.96120939,5.67938,5.67938,4.31364,5.56754,6.08926
94.96346543,5.80006,5.80006,4.46539,5.68994,6.01361
94.96797751,6.02966,6.02966,4.75938,5.92312,5.85532
94.97143391,6.1952,6.1952,4.97514,6.09148,5.72787
94.97367091,6.29765,6.29765,5.11004,6.19578,5.64204
94.97470913,6.34366,6.34366,5.17098,6.24266,5.60221
94.97551864,6.37953,6.37953,5.2185,6.27921,5.57029
94.97627913,6.41223,6.41223,5.262,6.31254,5.54031
94.97735532,6.45851,6.45851,5.32355,6.35972,5.49697
94.97860815,6.51101,6.51101,5.39364,6.41327,5.44652
94.9811138,6.6127,6.6127,5.53012,6.51706,5.34306
94.98612512,6.80296,6.80296,5.78876,6.71151,5.1283
94.99186157,6.99949,6.99949,6.06231,6.91283,4.86999
94.99736663,7.16695,7.16695,6.30293,7.08491,4.60995
95.00357869,7.33126,7.33126,6.54939,7.25453,4.30277
95.01600279,7.58261,7.58261,6.96463,7.51677,3.64751
95.03220702,7.75864,7.75864,7.3536,7.70749,2.71842
95.05482925,7.72738,7.72738,7.61569,7.69694,1.30176
95.08310204,7.26204,7.26204,7.50379,7.25576,-0.615737
95.09411846,6.95764,6.95764,7.33199,6.95987,-1.39489
95.10284851,6.67015,6.67015,7.14697,6.67867,-2.01685
95.10534024,6.58077,6.58077,7.08637,6.591,-2.19437
95.10785173,6.48749,6.48749,7.02189,6.49941,-2.37302
95.11287471,6.29163,6.29163,6.88289,6.30685,-2.72796
95.12292067,5.86414,5.86414,6.56598,5.88568,-3.42098
95.14301259,4.87712,4.87712,5.78637,4.91134,-4.67498
95.14439821,4.80222,4.80222,5.72505,4.83733,-4.75409
95.14716946,4.65063,4.65063,5.60037,4.68752,-4.90906
95.14921386,4.53707,4.53707,5.50617,4.5753,-5.02014
95.14983305,4.5023,4.5023,5.47764,4.54094,-5.05304
95.15044242,4.46808,4.46808,5.449,4.50713,-5.08543
95.15146115,4.41025,4.41025,5.40114,4.44998,-5.13831
95.15248188,4.3523,4.3523,5.35221,4.39273,-5.19129
95.15428672,4.24855,4.24855,5.26569,4.29022,-5.28241
95.1578964,4.03751,4.03751,5.08781,4.08173,-5.45762
95.16480294,3.62105,3.62105,4.73282,3.67038,-5.76787
95.1748251,2.98897,2.98897,4.18515,3.04625,-6.16223
95.18656565,2.21041,2.21041,3.49799,2.27763,-6.54298
95.20012286,1.26647,1.26647,2.64909,1.34578,-6.87653
95.21933893,-0.137823,-0.137823,1.35902,-0.0409157,-7.15953
95.23245,-1.13095,-1.13095,0.428514,-1.02247,-7.22759
95.2385581,-1.60066,-1.60066,-0.0172391,-1.48736,-7.22523
95.24101401,-1.7905,-1.7905,-0.198451,-1.67538,-7.21773
95.24176059,-1.8482,-1.8482,-0.25375,-1.73253,-7.21545
95.24260862,-1.91376,-1.91376,-0.316673,-1.79761,-7.21165
95.2436269,-1.99253,-1.99253,-0.392376,-1.87575,-7.20708
95.24492956,-2.0933,-2.0933,-0.489448,-1.97571,-7.1994
95.24680608,-2.23846,-2.23846,-0.629711,-2.11971,-7.18833
95.25014683,-2.49633,-2.49633,-0.880589,-2.37588,-7.16259
95.25552251,-2.90873,-2.90873,-1.28698,-2.78624,-7.10834
95.25828696,-3.11916,-3.11916,-1.49708,-2.99597,-7.07433
95.26175784,-3.38117,-3.38117,-1.7617,-3.25745,-7.02581
95.26265073,-3.448,-3.448,-1.82978,-3.32423,-7.01207
95.26358734,-3.51811,-3.51811,-1.9013,-3.39428,-6.99765
95.26489839,-3.61566,-3.61566,-2.00141,-3.4918,-6.97569
95.26691935,-3.76494,-3.76494,-2.15573,-3.64117,-6.94184
95.27071038,-4.04091,-4.04091,-2.44471,-3.91764,-6.8713
95.27829243,-4.57276,-4.57276,-3.01749,-4.45172,-6.70822
95.28421334,-4.96558,-4.96558,-3.4568,-4.84725,-6.56084
95.28569357,-5.05975,-5.05975,-3.56503,-4.94223,-6.52074
95.28865403,-5.24412,-5.24412,-3.7796,-5.12829,-6.43799
95.29090455,-5.38011,-5.38011,-3.94066,-5.26563,-6.37226
95.29144989,-5.41235,-5.41235,-3.97933,-5.29821,-6.35633
95.29195389,-5.44215,-5.44215,-4.01506,-5.32832,-6.34102
95.29362989,-5.53935,-5.53935,-4.13285,-5.42657,-6.29012
95.29481243,-5.60654,-5.60654,-4.21514,-5.49453,-6.25327
95.29717749,-5.73756,-5.73756,-4.37752,-5.62714,-6.17762
95.30096738,-5.93842,-5.93842,-4.63094,-5.83067,-6.05103
95.30854716,-6.30801,-6.30801,-5.10789,-6.20588,-5.77855
95.31099944,-6.41858,-6.41858,-5.25313,-6.31832,-5.68496
95.31337855,-6.52176,-6.52176,-5.38958,-6.42332,-5.59167
95.31540044,-6.60631,-6.60631,-5.50206,-6.50944,-5.51048
95.31760408,-6.69522,-6.69522,-5.62107,-6.60005,-5.42004
95.32155133,-6.84611,-6.84611,-5.82517,-6.75398,-5.25303
95.32556944,-6.98874,-6.98874,-6.0213,-6.89971,-5.07653
95.3320729,-7.19637,-7.19637,-6.31473,-7.11241,-4.77745
95.33808921,-7.36307,-7.36307,-6.56034,-7.2839,-4.48648
95.35012182,-7.62426,-7.62426,-6.97893,-7.55499,-3.86594
95.36595034,-7.8239,-7.8239,-7.38504,-7.76827,-2.9781
95.3892425,-7.83072,-7.83072,-7.69211,-7.7957,-1.54599
95.42256296,-7.28677,-7.28677,-7.56054,-7.2793,0.691147
95.4343735,-6.94407,-6.94407,-7.35771,-6.94535,1.5211
95.43882199,-6.79546,-6.79546,-7.26076,-6.79986,1.83648
95.44078927,-6.72644,-6.72644,-7.21439,-6.73218,1.97595
95.44318533,-6.63974,-6.63974,-7.15508,-6.64708,2.14582
95.44797745,-6.45787,-6.45787,-7.02734,-6.46832,2.48384
95.45756169,-6.06142,-6.06142,-6.73642,-6.07782,3.1475
95.47673016,-5.14725,-5.14725,-6.02107,-5.17527,4.37178
95.48541355,-4.68263,-4.68263,-5.64084,-4.71606,4.86521
95.49000208,-4.42507,-4.42507,-5.42639,-4.46148,5.10699
95.49437406,-4.17238,-4.17238,-5.21374,-4.21172,5.32382
95.49759487,-3.98183,-3.98183,-5.05205,-4.02341,5.47498
95.50111009,-3.76977,-3.76977,-4.87084,-3.81387,5.63177
95.50814053,-3.33348,-3.33348,-4.4942,-3.38287,5.9205
95.51629614,-2.80823,-2.80823,-4.0346,-2.86412,6.21509
95.53074872,-1.8325,-1.8325,-3.16546,-1.90061,6.63402
95.54750187,-0.640284,-0.640284,-2.08048,-0.723326,6.95872
95.56531555,0.683533,0.683533,-0.849982,0.584471,7.11949
95.57528856,1.44324,1.44324,-0.131313,1.33613,7.12817
95.57994661,1.80119,1.80119,0.210771,1.69061,7.11255
95.58124393,1.90088,1.90088,0.30672,1.78969,7.10573
95.58195328,1.9555,1.9555,0.359297,1.84387,7.102
95.58283626,2.02348,2.02348,0.424848,1.91131,7.09626
95.58437072,2.14163,2.14163,0.539024,2.0285,7.08628
95.58695886,2.34064,2.34064,0.732314,2.22616,7.06584
95.5919879,2.72563,2.72563,1.11016,2.60908,7.01556
95.59592937,3.02497,3.02497,1.40807,2.90733,6.9665
95.59939405,3.28575,3.28575,1.671,3.16756,6.91644
95.60009618,3.3382,3.3382,1.72428,3.21995,6.90533
95.60107771,3.41151,3.41151,1.79892,3.29319,6.88979
95.60326129,3.57345,3.57345,1.96498,3.4551,6.85299
95.6048804,3.69257,3.69257,2.0881,3.5743,6.82408
95.60775371,3.90168,3.90168,2.3064,3.78376,6.7694
95.61350032,4.30938,4.30938,2.7408,4.19291,6.6473
95.62499354,5.06765,5.06765,3.58842,4.95633,6.35357
95.62940685,5.33549,5.33549,3.90377,5.22675,6.22354
95.63206286,5.48965,5.48965,4.09,5.3826,6.14077
95.63448824,5.62555,5.62555,4.25722,5.52012,6.06228
95.63692763,5.75753,5.75753,4.4223,5.65381,5.98058
95.63953548,5.89349,5.89349,4.59496,5.79166,5.89021
95.64475117,6.14999,6.14999,4.92663,6.05208,5.70031
95.64784929,6.29282,6.29282,5.11424,6.1973,5.5818
95.64944861,6.36381,6.36381,5.20818,6.26954,5.51848
95.65088839,6.42616,6.42616,5.29099,6.33302,5.46148
95.65227171,6.48467,6.48467,5.36899,6.39261,5.40497
95.65373682,6.54517,6.54517,5.44993,6.45426,5.34512
95.65659901,6.65901,6.65901,5.60324,6.57036,5.22477
95.66119768,6.83002,6.83002,5.83667,6.74496,5.02436
95.66607382,6.99543,6.99543,6.06739,6.91418,4.8026
95.67193663,7.17283,7.17283,6.32263,7.09621,4.52376
95.67836309,7.34057,7.34057,6.57527,7.2691,4.20335
95.69121601,7.59347,7.59347,6.9975,7.5326,3.51936
95.70757721,7.75932,7.75932,7.37794,7.71242,2.57325
95.73211808,7.69331,7.69331,7.62876,7.66749,1.02202
95.75447691,7.32118,7.32118,7.53586,7.31344,-0.499349
95.76503686,7.04623,7.04623,7.38869,7.04633,-1.24433
95.77231043,6.82153,6.82153,7.25012,6.82669,-1.76252
95.77468823,6.74196,6.74196,7.19835,6.7487,-1.93233
95.77684694,6.66719,6.66719,7.14864,6.67534,-2.0865
95.78116436,6.51059,6.51059,7.04166,6.52148,-2.39379
95.7897992,6.17005,6.17005,6.79818,6.18619,-3.00007
95.80706888,5.38649,5.38649,6.19913,5.41274,-4.14106
95.81938931,4.74918,4.74918,5.685,4.78286,-4.86591
95.82476996,4.45139,4.45139,5.43869,4.48848,-5.154
95.82993817,4.15492,4.15492,5.19027,4.19543,-5.41228
95.83356254,3.94117,3.94117,5.00937,3.98417,-5.58245
95.83752907,3.70193,3.70193,4.80526,3.74777,-5.75844
95.84546213,3.20779,3.20779,4.37875,3.2596,-6.07928
95.85408741,2.64832,2.64832,3.88868,2.70701,-6.38225
95.87025444,1.54496,1.54496,2.9033,1.61739,-6.82521
95.88853033,0.226067,0.226067,1.69772,0.314776,-7.13456
95.9044928,-0.973974,-0.973974,0.577546,-0.871222,-7.24277
95.91202039,-1.55134,-1.55134,0.0302732,-1.44268,-7.24232
95.91583499,-1.84587,-1.84587,-0.25115,-1.7345,-7.2297
95.91701606,-1.93706,-1.93706,-0.338804,-1.82485,-7.22382
95.91791929,-2.0068,-2.0068,-0.405988,-1.89413,-7.21932
95.91881153,-2.07576,-2.07576,-0.472479,-1.96257,-7.21369
95.92059602,-2.21369,-2.21369,-0.605804,-2.09944,-7.20242
95.92416501,-2.48899,-2.48899,-0.873741,-2.37296,-7.17372
95.92951561,-2.89916,-2.89916,-1.2782,-2.78115,-7.11763
95.93232369,-3.11275,-3.11275,-1.4916,-2.99405,-7.08198
95.9358387,-3.37787,-3.37787,-1.75959,-3.25865,-7.03139
95.93673641,-3.44501,-3.44501,-1.82803,-3.32573,-7.01719
95.93766568,-3.51451,-3.51451,-1.89899,-3.39517,-7.00249
95.93897214,-3.61163,-3.61163,-1.99876,-3.49227,-6.98006
95.94098392,-3.7601,-3.7601,-2.15238,-3.64083,-6.94552
95.9447503,-4.03406,-4.03406,-2.4395,-3.91527,-6.87392
95.95228307,-4.5622,-4.5622,-3.00867,-4.44556,-6.70902
95.95817968,-4.95339,-4.95339,-3.44637,-4.83936,-6.56015
95.95965384,-5.0472,-5.0472,-3.55422,-4.93395,-6.5197
95.96260215,-5.23089,-5.23089,-3.76807,-5.11927,-6.43629
95.96490908,-5.37033,-5.37033,-3.93328,-5.26003,-6.3681
95.96545711,-5.40272,-5.40272,-3.97207,-5.29276,-6.3519
95.96595881,-5.43238,-5.43238,-4.00758,-5.32271,-6.33649
95.96669238,-5.47496,-5.47496,-4.0595,-5.36573,-6.31397
95.96752335,-5.52319,-5.52319,-4.11759,-5.41446,-6.28845
95.96863074,-5.58624,-5.58624,-4.19501,-5.47821,-6.25306
95.97084551,-5.70938,-5.70938,-4.34749,-5.60278,-6.18226
95.97456245,-5.90742,-5.90742,-4.59707,-5.80335,-6.05743
95.98199631,-6.27251,-6.27251,-5.06796,-6.17377,-5.78921
95.98445268,-6.38423,-6.38423,-5.21469,-6.28731,-5.6952
95.98647904,-6.47313,-6.47313,-5.3322,-6.37774,-5.61569
95.98836659,-6.55335,-6.55335,-5.43875,-6.45938,-5.54004
95.99007754,-6.6239,-6.6239,-5.53293,-6.53122,-5.47016
95.99349942,-6.75893,-6.75893,-5.71462,-6.66882,-5.32677
95.99850079,-6.94183,-6.94183,-5.96469,-6.85548,-5.10862
96.00306279,-7.09379,-7.09379,-6.17723,-7.01089,-4.90097
96.00793441,-7.24052,-7.24052,-6.38824,-7.16135,-4.67036
96.01767764,-7.48634,-7.48634,-6.76213,-7.41483,-4.18305
96.03203271,-7.7345,-7.7345,-7.19849,-7.67479,-3.40636
96.05155857,-7.8597,-7.8597,-7.57801,-7.81669,-2.25087
96.07871031,-7.64669,-7.64669,-7.71045,-7.62674,-0.491849
96.09705804,-7.26045,-7.26045,-7.5492,-7.25501,0.774445
96.10537309,-7.02366,-7.02366,-7.41156,-7.02433,1.36289
96.10871912,-6.91779,-6.91779,-7.34502,-6.92081,1.60159
96.10982214,-6.88098,-6.88098,-7.32106,-6.88475,1.68027
96.11202817,-6.80737,-6.80737,-7.27314,-6.81263,1.83761
96.11644022,-6.65154,-6.65154,-7.16808,-6.6597,2.15228
96.12059955,-6.49581,-6.49581,-7.05955,-6.50659,2.44739
96.12891822,-6.1595,-6.1595,-6.81555,-6.17529,3.02936
96.14555556,-5.39362,-5.39362,-6.22528,-5.41908,4.12566
96.15786909,-4.75178,-4.75178,-5.70506,-4.78458,4.84914
96.16320797,-4.45462,-4.45462,-5.45832,-4.49075,5.1344
96.16752986,-4.2062,-4.2062,-5.24964,-4.24514,5.3511
96.17077126,-4.01544,-4.01544,-5.08805,-4.05657,5.50504
96.17416403,-3.81186,-3.81186,-4.91438,-3.85535,5.65834
96.18094958,-3.39328,-3.39328,-4.55369,-3.44171,5.94163
96.19346183,-2.5847,-2.5847,-3.84488,-2.64294,6.38545
96.20488453,-1.80883,-1.80883,-3.15192,-1.87666,6.70398
96.22270067,-0.539148,-0.539148,-1.99512,-0.622634,7.04042
96.24761137,1.3187,1.3187,-0.253608,1.21625,7.19428
96.25573406,1.93803,1.93803,0.34159,1.83104,7.16607
96.25866644,2.16232,2.16232,0.559333,2.05407,7.14657
96.25989963,2.25663,2.25663,0.651304,2.14786,7.13644
96.26127346,2.36171,2.36171,0.754009,2.25235,7.12516
96.26402114,2.57125,2.57125,0.96011,2.46101,7.09851
96.26852199,2.91232,2.91232,1.29942,2.80115,7.0459
96.27100808,3.09927,3.09927,1.48762,2.98785,7.01211
96.27407227,3.32788,3.32788,1.72019,3.21643,6.96587
96.27495448,3.39316,3.39316,1.78715,3.28177,6.9514
96.27590026,3.46315,3.46315,1.85903,3.35182,6.93589
96.27870631,3.66885,3.66885,2.0723,3.55792,6.88643
96.2814523,3.8675,3.8675,2.28082,3.7572,6.83402
96.28694427,4.25523,4.25523,2.69595,4.14686,6.7175
96.29792822,4.97943,4.97943,3.50791,4.87692,6.43896
96.30238072,5.25054,5.25054,3.82755,5.15098,6.30907
96.30483657,5.3938,5.3938,4.00083,5.29599,6.23332
96.30717828,5.52598,5.52598,4.16358,5.4299,6.15842
96.30928857,5.64134,5.64134,4.30793,5.54688,6.08871
96.31120763,5.7432,5.7432,4.43711,5.65026,6.02352
96.31504575,5.93844,5.93844,4.68872,5.84861,5.88809
96.31854061,6.1066,6.1066,4.90922,6.0197,5.759
96.3214058,6.23779,6.23779,5.08329,6.15331,5.64912
96.32345602,6.32801,6.32801,5.20392,6.24529,5.56829
96.32546945,6.4137,6.4137,5.31908,6.3327,5.48713
96.32673793,6.46622,6.46622,5.38994,6.38631,5.43512
96.32914867,6.56232,6.56232,5.52112,6.48447,5.33402
96.32975135,6.58635,6.58635,5.55285,6.50901,5.30875
96.33095672,6.63258,6.63258,5.6163,6.55627,5.2571
96.33336745,6.72214,6.72214,5.73963,6.64789,5.1521
96.33818893,6.88941,6.88941,5.9737,6.81922,4.9351
96.34269096,7.03131,7.03131,6.17737,6.96493,4.72422
96.3474087,7.16531,7.16531,6.37568,7.10293,4.4949
96.35684418,7.38858,7.38858,6.727,7.33431,4.01188
96.37208113,7.62533,7.62533,7.16944,7.58446,3.16863
96.39147323,7.71151,7.71151,7.51454,7.68791,1.99601
96.41961921,7.43051,7.43051,7.59805,7.43079,0.137842
96.43682203,7.03364,7.03364,7.41467,7.04697,-1.06544
96.44414656,6.81488,6.81488,7.28422,6.83328,-1.58795
96.4468219,6.72778,6.72778,7.22894,6.74794,-1.77971
96.4493287,6.64279,6.64279,7.17353,6.66457,-1.95939
96.45434231,6.46329,6.46329,7.05246,6.48817,-2.31779
96.46436953,6.06758,6.06758,6.77051,6.09832,-3.02377
96.48442397,5.14014,5.14014,6.05673,5.18208,-4.33184
96.49433927,4.61831,4.61831,5.63328,4.6659,-4.90542
96.49934401,4.33988,4.33988,5.40259,4.39044,-5.17217
96.50411987,4.06535,4.06535,5.17235,4.11887,-5.41083
96.50766464,3.85624,3.85624,4.99529,3.91203,-5.57779
96.51167434,3.61442,3.61442,4.78887,3.67289,-5.75633
96.51969373,3.11493,3.11493,4.35737,3.17904,-6.08158
96.52938263,2.48521,2.48521,3.80463,2.55658,-6.41952
96.54365369,1.51135,1.51135,2.93343,1.59406,-6.81059
96.5656545,-0.0768989,-0.0768989,1.4769,0.0239788,-7.17157
96.58084486,-1.22041,-1.22041,0.402949,-1.10786,-7.2536
96.58733449,-1.71709,-1.71709,-0.070748,-1.60031,-7.24773
96.58933901,-1.87126,-1.87126,-0.218703,-1.75333,-7.24059
96.59010799,-1.9304,-1.9304,-0.275652,-1.81203,-7.23785
96.59092073,-1.99291,-1.99291,-0.335944,-1.87407,-7.23383
96.59223676,-2.09412,-2.09412,-0.433788,-1.97466,-7.22731
96.59449111,-2.2675,-2.2675,-0.601979,-2.14697,-7.2134
96.59867123,-2.58803,-2.58803,-0.915646,-2.46596,-7.18014
96.6030581,-2.92227,-2.92227,-1.24703,-2.79917,-7.13494
96.60615926,-3.1567,-3.1567,-1.48243,-3.03323,-7.09667
96.60975162,-3.42572,-3.42572,-1.75604,-3.30222,-7.04588
96.61063995,-3.49164,-3.49164,-1.82369,-3.36821,-7.03204
96.61156734,-3.56046,-3.56046,-1.89444,-3.43711,-7.01759
96.6129067,-3.65922,-3.65922,-1.99661,-3.53605,-6.99561
96.6149923,-3.81182,-3.81182,-2.15571,-3.68903,-6.95949
96.61895215,-4.09693,-4.09693,-2.45719,-3.97528,-6.88471
96.62687184,-4.64429,-4.64429,-3.05416,-4.52621,-6.71115
96.63293141,-5.03822,-5.03822,-3.50203,-4.92386,-6.55718
96.63728988,-5.30589,-5.30589,-3.81741,-5.19456,-6.43531
96.63918653,-5.41792,-5.41792,-3.95256,-5.308,-6.3794
96.64077504,-5.50955,-5.50955,-4.0646,-5.40085,-6.33068
96.64231003,-5.59616,-5.59616,-4.17175,-5.48866,-6.2836
96.64381161,-5.67906,-5.67906,-4.27544,-5.57277,-6.23592
96.64681476,-5.83956,-5.83956,-4.47911,-5.73575,-6.13742
96.65282105,-6.14016,-6.14016,-4.8692,-6.0415,-5.92813
96.65699426,-6.33341,-6.33341,-5.12508,-6.23844,-5.77324
96.65893748,-6.41912,-6.41912,-5.23972,-6.32588,-5.69851
96.66072901,-6.49577,-6.49577,-5.34277,-6.40413,-5.62816
96.66251352,-6.56988,-6.56988,-5.4429,-6.47984,-5.55672
96.66446637,-6.64844,-6.64844,-5.54964,-6.56015,-5.477
96.66837206,-6.7977,-6.7977,-5.75449,-6.71288,-5.31281
96.67324584,-6.96932,-6.96932,-5.99451,-6.88883,-5.09923
96.67811056,-7.12456,-7.12456,-6.21732,-7.04841,-4.87667
96.6836717,-7.28251,-7.28251,-6.45204,-7.21136,-4.61113
96.69479399,-7.53672,-7.53672,-6.85918,-7.4758,-4.04646
96.71043186,-7.75744,-7.75744,-7.29398,-7.71133,-3.18306
96.72991725,-7.81531,-7.81531,-7.61585,-7.78798,-2.00784
96.76140685,-7.43018,-7.43018,-7.64299,-7.43164,0.0694475
96.77908633,-6.96841,-6.96841,-7.40174,-6.98418,1.30164
96.78741794,-6.69253,-6.69253,-7.22642,-6.71444,1.89039
96.79040076,-6.58497,-6.58497,-7.15429,-6.60898,2.10148
96.79316604,-6.48129,-6.48129,-7.08314,-6.50719,2.29676
96.79869661,-6.26284,-6.26284,-6.9288,-6.29241,2.68448
96.80975775,-5.78353,-5.78353,-6.57365,-5.82006,3.43873
96.83188004,-4.67012,-4.67012,-5.69052,-4.72054,4.77676
96.83907863,-4.26545,-4.26545,-5.35537,-4.32059,5.15302
96.84605203,-3.85529,-3.85529,-5.00983,-3.91521,5.48521
96.85076584,-3.56848,-3.56848,-4.76513,-3.63177,5.69133
96.85611711,-3.23408,-3.23408,-4.47697,-3.30135,5.90744
96.86681966,-2.53956,-2.53956,-3.86968,-2.6152,6.28422
96.87919129,-1.69822,-1.69822,-3.12017,-1.78405,6.62985
96.89262828,-0.743996,-0.743996,-2.25432,-0.841309,6.89846
96.91950226,1.25023,1.25023,-0.394375,1.13256,7.11403
96.9277106,1.87504,1.87504,0.203919,1.75284,7.09576
96.93080596,2.11158,2.11158,0.432727,1.98807,7.07882
96.93198134,2.20141,2.20141,0.520021,2.0774,7.07061
96.93308118,2.28546,2.28546,0.601885,2.16098,7.06292
96.93528084,2.45327,2.45327,0.766089,2.32815,7.0448
96.93968016,2.78729,2.78729,1.09619,2.66125,7.00058
96.94330797,3.06049,3.06049,1.36986,2.93417,6.95617
96.9458352,3.24899,3.24899,1.56127,3.1228,6.92102
96.9468795,3.32688,3.32688,1.64037,3.20074,6.90531
96.94755753,3.37703,3.37703,1.69172,3.25098,6.89511
96.94856354,3.45143,3.45143,1.76808,3.32552,6.87897
96.94954206,3.52326,3.52326,1.84236,3.39755,6.86328
96.95067069,3.60611,3.60611,1.92803,3.48063,6.84382
96.95212892,3.71231,3.71231,2.03872,3.58722,6.81867
96.9546382,3.89326,3.89326,2.22908,3.76901,6.77205
96.95965677,4.24714,4.24714,2.60841,4.1252,6.66905
96.9696939,4.91294,4.91294,3.3535,4.79762,6.42498
96.97583979,5.28754,5.28754,3.79618,5.17727,6.25102
96.97861692,5.4477,5.4477,3.99191,5.33991,6.16641
96.98130132,5.59678,5.59678,4.17788,5.49147,6.08115
96.98372524,5.72652,5.72652,4.34271,5.62352,6.00127
96.98641528,5.86517,5.86517,4.52176,5.7648,5.90945
96.99179538,6.12619,6.12619,4.86568,6.03117,5.71601
96.99533396,6.28627,6.28627,5.08052,6.19484,5.58177
96.99692808,6.35543,6.35543,5.17417,6.26563,5.51897
96.99846686,6.42047,6.42047,5.26264,6.33224,5.45836
96.99985935,6.47789,6.47789,5.34107,6.39108,5.40174
97.00121615,6.53253,6.53253,5.416,6.4471,5.34658
97.00392974,6.63797,6.63797,5.56155,6.55529,5.23269
97.00460814,6.66311,6.66311,5.5966,6.58112,5.20422
97.00596494,6.7134,6.7134,5.6667,6.63279,5.14589
97.00867853,6.80984,6.80984,5.80244,6.73195,5.02709
97.01170746,6.9116,6.9116,5.94774,6.83675,4.89104
97.01570361,7.03633,7.03633,6.12951,6.96549,4.70604
97.02214366,7.21467,7.21467,6.39919,7.1503,4.39509
97.03502376,7.48843,7.48843,6.85455,7.43716,3.72866
97.04989911,7.66948,7.66948,7.24399,7.63357,2.89121
97.0721589,7.67927,7.67927,7.5611,7.6662,1.52211
97.10132892,7.24638,7.24638,7.5157,7.2609,-0.432289
97.11368433,6.91705,6.91705,7.34376,6.94196,-1.30029
97.12242937,6.6343,6.6343,7.16936,6.66598,-1.92081
97.12525663,6.5343,6.5343,7.10382,6.56808,-2.12159
97.12782627,6.43991,6.43991,7.04046,6.47553,-2.30407
97.13296556,6.24141,6.24141,6.90319,6.2806,-2.66647
97.14324414,5.80702,5.80702,6.58773,5.85301,-3.37444
97.16380129,4.80062,4.80062,5.80349,4.8599,-4.65446
97.16522027,4.72403,4.72403,5.74141,4.78422,-4.73521
97.16805822,4.56897,4.56897,5.61509,4.631,-4.8933
97.17015841,4.45242,4.45242,5.51955,4.51582,-5.00689
97.17139475,4.38305,4.38305,5.46216,4.44727,-5.07225
97.17241639,4.3251,4.3251,5.41474,4.39001,-5.12501
97.17343986,4.26704,4.26704,5.36612,4.33264,-5.17786
97.17524931,4.16312,4.16312,5.28017,4.22995,-5.26871
97.17886821,3.95174,3.95174,5.10336,4.0211,-5.44337
97.18579616,3.53444,3.53444,4.75011,3.60886,-5.75267
97.19581978,2.90313,2.90313,4.20631,2.9853,-6.14434
97.20757804,2.12475,2.12475,3.52252,2.21654,-6.52257
97.22113419,1.1829,1.1829,2.67848,1.28623,-6.85266
97.24039441,-0.220928,-0.220928,1.39162,-0.101022,-7.13165
97.25318131,-1.18614,-1.18614,0.488167,-1.05597,-7.19624
97.25896857,-1.62929,-1.62929,0.0678696,-1.4951,-7.19433
97.26060809,-1.75549,-1.75549,-0.0523973,-1.62025,-7.1899
97.26145693,-1.82083,-1.82083,-0.114854,-1.68504,-7.18761
97.26228231,-1.88436,-1.88436,-0.175701,-1.74804,-7.18436
97.26332196,-1.96439,-1.96439,-0.252502,-1.82756,-7.18027
97.26448106,-2.05361,-2.05361,-0.338326,-1.91621,-7.17427
97.26589103,-2.16215,-2.16215,-0.443001,-2.02405,-7.16698
97.26817101,-2.33753,-2.33753,-0.612876,-2.19843,-7.15211
97.27272723,-2.68677,-2.68677,-0.954406,-2.5462,-7.11382
97.2769138,-3.00536,-3.00536,-1.27035,-2.86407,-7.06865
97.27988732,-3.22981,-3.22981,-1.49576,-3.08837,-7.03082
97.28335702,-3.4892,-3.4892,-1.75964,-3.348,-6.9807
97.28420816,-3.55223,-3.55223,-1.82437,-3.41118,-6.96721
97.2851755,-3.62388,-3.62388,-1.89804,-3.48298,-6.95188
97.28657942,-3.72715,-3.72715,-2.00496,-3.58656,-6.92844
97.2887995,-3.88904,-3.88904,-2.17403,-3.74911,-6.88927
97.29312491,-4.19875,-4.19875,-2.50264,-4.06058,-6.80565
97.30177575,-4.78915,-4.78915,-3.15186,-4.65624,-6.61005
97.30833081,-5.20521,-5.20521,-3.63212,-5.07754,-6.43717
97.31164071,-5.40362,-5.40362,-3.86955,-5.27891,-6.34194
97.3134453,-5.50825,-5.50825,-3.99727,-5.38523,-6.28781
97.31515893,-5.6052,-5.6052,-4.11724,-5.48381,-6.23499
97.31710523,-5.71247,-5.71247,-4.25176,-5.59298,-6.17333
97.31986839,-5.85968,-5.85968,-4.43924,-5.74293,-6.08279
97.32539472,-6.1368,-6.1368,-4.79993,-6.0257,-5.89133
97.32957328,-6.33144,-6.33144,-5.05849,-6.22468,-5.73754
97.3314056,-6.41281,-6.41281,-5.16775,-6.30797,-5.66721
97.33260426,-6.46425,-6.46425,-5.23779,-6.36068,-5.6212
97.33376214,-6.51395,-6.51395,-5.30436,-6.41159,-5.57538
97.33509909,-6.5696,-6.5696,-5.3799,-6.46865,-5.52247
97.33729541,-6.65833,-6.65833,-5.50094,-6.55968,-5.43339
97.34168805,-6.82581,-6.82581,-5.73208,-6.73175,-5.24923
97.34700262,-7.01081,-7.01081,-5.9929,-6.92229,-5.016
97.35209847,-7.17021,-7.17021,-6.22425,-7.08701,-4.78193
97.35787653,-7.32981,-7.32981,-6.46498,-7.2527,-4.50461
97.36943265,-7.58251,-7.58251,-6.87941,-7.5178,-3.91417
97.38517255,-7.7866,-7.7866,-7.30301,-7.73917,-3.03972
97.40541859,-7.81885,-7.81885,-7.61467,-7.79384,-1.81157
97.43822742,-7.35639,-7.35639,-7.58884,-7.36543,0.363046
97.45174201,-6.98891,-6.98891,-7.39346,-7.01053,1.30689
97.46012948,-6.71173,-6.71173,-7.2202,-6.74058,1.89879
97.46292719,-6.61115,-6.61115,-7.15373,-6.64231,2.09633
97.46548658,-6.51569,-6.51569,-7.08923,-6.54892,2.27705
97.47060538,-6.31525,-6.31525,-6.94989,-6.35249,2.63586
97.48084297,-5.87774,-5.87774,-6.63111,-5.92262,3.33673
97.50131816,-4.86795,-4.86795,-5.84351,-4.92772,4.60438
97.50913736,-4.43725,-4.43725,-5.49202,-4.5028,5.028
97.51381787,-4.16825,-4.16825,-5.26885,-4.23735,5.26273
97.51735499,-3.9597,-3.9597,-5.09412,-4.03153,5.43018
97.52112794,-3.73245,-3.73245,-4.90217,-3.80729,5.59931
97.52867383,-3.26402,-3.26402,-4.50178,-3.34508,5.90894
97.53918602,-2.5827,-2.5827,-3.90944,-2.67283,6.27874
97.55292421,-1.64741,-1.64741,-3.07982,-1.74991,6.65723
97.56826377,-0.552088,-0.552088,-2.0876,-0.668705,6.94297
97.58532949,0.715801,0.715801,-0.914623,0.58375,7.09557
97.59603447,1.52974,1.52974,-0.146975,1.38955,7.1043
97.60068478,1.8863,1.8863,0.193261,1.743,7.08752
97.60209943,1.99477,1.99477,0.297512,1.85086,7.07961
97.60300446,2.06417,2.06417,0.364374,1.91987,7.07455
97.60388562,2.13178,2.13178,0.42959,1.98705,7.06839
97.60564793,2.267,2.267,0.560347,2.12143,7.05608
97.60917255,2.53673,2.53673,0.823074,2.38987,7.02544
97.61517669,2.99253,2.99253,1.27378,2.8445,6.95758
97.61807252,3.21019,3.21019,1.49236,3.06208,6.91785
97.62174905,3.48377,3.48377,1.77068,3.336,6.86094
97.62257441,3.54458,3.54458,1.83316,3.39698,6.84697
97.62355124,3.61655,3.61655,1.90718,3.46914,6.83042
97.62503592,3.72516,3.72516,2.01969,3.57814,6.804
97.6274206,3.89795,3.89795,2.2004,3.75174,6.75914
97.6321859,4.2361,4.2361,2.56026,4.09214,6.66071
97.64171651,4.87545,4.87545,3.26867,4.73819,6.42954
97.64811353,5.27125,5.27125,3.73095,5.13979,6.24927
97.65097321,5.43852,5.43852,3.93321,5.30992,6.16228
97.65336495,5.57351,5.57351,4.09976,5.44738,6.08654
97.65539468,5.68449,5.68449,4.23897,5.56051,6.02016
97.65747373,5.79481,5.79481,4.37931,5.67306,5.95019
97.66163182,6.00549,6.00549,4.65222,5.88828,5.80435
97.6651382,6.17308,6.17308,4.87346,6.05975,5.67535
97.66804917,6.30536,6.30536,5.05033,6.1953,5.56413
97.67013662,6.39645,6.39645,5.17314,6.28873,5.48209
97.67188884,6.47052,6.47052,5.2735,6.36476,5.41178
97.6729615,6.51479,6.51479,5.3337,6.41024,5.36765
97.67495665,6.59499,6.59499,5.44326,6.49268,5.28556
97.67894694,6.74708,6.74708,5.65319,6.64922,5.11553
97.68380891,6.91755,6.91755,5.89301,6.82509,4.89963
97.68834243,7.06192,7.06192,6.10133,6.97449,4.68989
97.69382328,7.21783,7.21783,6.33404,7.1365,4.42581
97.70478497,7.46924,7.46924,6.73837,7.40026,3.86504
97.7189312,7.67657,7.67657,7.14232,7.62379,3.08201
97.73944575,7.74972,7.74972,7.49807,7.72057,1.84299
97.76666608,7.4526,7.4526,7.56571,7.45341,0.0492774
97.78376173,7.0477,7.0477,7.38115,7.06562,-1.14036
97.79108138,6.8249,6.8249,7.25016,6.84962,-1.65907
97.79377067,6.73582,6.73582,7.19437,6.76294,-1.85038
97.79628113,6.64927,6.64927,7.13868,6.67859,-2.02897
97.80130205,6.46664,6.46664,7.01704,6.50024,-2.38487
97.8113439,6.06468,6.06468,6.73393,6.10642,-3.08478
97.83142759,5.1248,5.1248,6.01781,5.18215,-4.37573
97.84005552,4.66816,4.66816,5.65124,4.7322,-4.86935
97.84471689,4.40895,4.40895,5.4391,4.47668,-5.11701
97.84915992,4.15418,4.15418,5.22811,4.22552,-5.33924
97.85242337,3.96245,3.96245,5.06782,4.03649,-5.49374
97.85599804,3.74811,3.74811,4.88723,3.82518,-5.6546
97.86314737,3.30657,3.30657,4.51097,3.3899,-5.95087
97.87149087,2.77089,2.77089,4.04757,2.8618,-6.25492
97.88592275,1.79803,1.79803,3.18943,1.90256,-6.67804
97.90284357,0.593804,0.593804,2.10224,0.714661,-7.01219
97.92088643,-0.749273,-0.749273,0.861542,-0.611391,-7.181
97.93026272,-1.46516,-1.46516,0.187885,-1.31961,-7.19377
97.93487104,-1.8199,-1.8199,-0.149575,-1.67114,-7.18157
97.93621291,-1.92347,-1.92347,-0.248571,-1.77392,-7.17549
97.93689683,-1.97625,-1.97625,-0.299145,-1.82631,-7.1724
97.93779201,-2.04534,-2.04534,-0.365453,-1.89488,-7.16725
97.93923073,-2.15637,-2.15637,-0.472275,-2.00509,-7.15897
97.94162955,-2.34132,-2.34132,-0.651045,-2.18884,-7.14203
97.94612657,-2.6868,-2.6868,-0.988209,-2.53268,-7.10176
97.95016603,-2.99495,-2.99495,-1.29304,-2.83999,-7.0562
97.95302569,-3.21141,-3.21141,-1.50977,-3.05623,-7.01864
97.95630917,-3.45772,-3.45772,-1.75938,-3.30266,-6.97012
97.95720092,-3.52402,-3.52402,-1.82717,-3.36909,-6.95573
97.95817125,-3.59616,-3.59616,-1.90104,-3.44137,-6.94007
97.95956696,-3.69924,-3.69924,-2.00728,-3.54473,-6.91635
97.96175222,-3.85927,-3.85927,-2.17364,-3.70536,-6.87718
97.96601058,-4.16568,-4.16568,-2.49705,-4.01347,-6.79378
97.9745273,-4.7509,-4.7509,-3.13631,-4.60395,-6.59953
97.98099487,-5.16544,-5.16544,-3.61065,-5.02387,-6.42808
97.98435128,-5.36893,-5.36893,-3.85179,-5.23053,-6.3311
97.98610597,-5.47189,-5.47189,-3.9762,-5.33522,-6.27826
97.98772527,-5.56471,-5.56471,-4.08985,-5.42968,-6.2282
97.98942556,-5.65991,-5.65991,-4.20784,-5.52663,-6.17433
97.99127751,-5.76099,-5.76099,-4.33467,-5.62963,-6.11412
97.99498142,-5.95521,-5.95521,-4.58243,-5.82777,-5.98901
98.00238922,-6.3131,-6.3131,-5.04986,-6.19369,-5.72048
98.00483612,-6.42253,-6.42253,-5.19546,-6.3058,-5.62648
98.00685563,-6.50963,-6.50963,-5.31214,-6.39512,-5.54695
98.00873735,-6.58821,-6.58821,-5.41796,-6.47576,-5.47129
98.01044796,-6.6575,-6.6575,-5.51176,-6.54693,-5.40122
98.01386919,-6.79002,-6.79002,-5.69271,-6.6832,-5.25745
98.01920019,-6.98054,-6.98054,-5.95759,-6.87954,-5.02401
98.02408225,-7.13807,-7.13807,-6.18244,-7.04242,-4.80042
98.02906896,-7.28237,-7.28237,-6.39509,-7.19222,-4.56264
98.03904236,-7.5212,-7.5212,-6.77016,-7.44222,-4.06009
98.05446797,-7.76203,-7.76203,-7.22116,-7.70077,-3.21758
98.07247753,-7.85063,-7.85063,-7.55349,-7.81045,-2.14514
98.10270092,-7.55887,-7.55887,-7.66011,-7.55293,-0.177935
98.12027513,-7.14792,-7.14792,-7.47164,-7.16026,1.03794
98.12787362,-6.91758,-6.91758,-7.33489,-6.93728,1.5742
98.13062795,-6.82647,-6.82647,-7.27727,-6.84875,1.76949
98.13321088,-6.73748,-6.73748,-7.21944,-6.76213,1.95263
98.13814933,-6.55805,-6.55805,-7.09889,-6.58708,2.30176
98.1454295,-6.27193,-6.27193,-6.89781,-6.30717,2.81084
98.15998984,-5.62676,-5.62676,-6.41578,-5.6738,3.7861
98.1712494,-5.06485,-5.06485,-5.97324,-5.1208,4.47984
98.17912876,-4.64086,-4.64086,-5.62904,-4.70313,4.92265
98.18261281,-4.44562,-4.44562,-5.46807,-4.51073,5.10562
98.18593415,-4.25528,-4.25528,-5.30978,-4.32315,5.27206
98.18859622,-4.09983,-4.09983,-5.17959,-4.16996,5.39978
98.19152883,-3.9257,-3.9257,-5.03283,-3.99835,5.5347
98.19739405,-3.56874,-3.56874,-4.72915,-3.64659,5.78692
98.20553591,-3.05502,-3.05502,-4.28605,-3.14035,6.09941
98.21953387,-2.12722,-2.12722,-3.47025,-2.22598,6.53789
98.23256792,-1.21853,-1.21853,-2.6547,-1.33018,6.83653
98.25393197,0.343451,0.343451,-1.22047,0.210729,7.10433
98.26657141,1.29983,1.29983,-0.322908,1.15591,7.13591
98.27220579,1.7314,1.7314,0.087479,1.58322,7.12013
98.27407524,1.8751,1.8751,0.224918,1.7257,7.11052
98.27473949,1.92616,1.92616,0.273894,1.77632,7.10711
98.27567408,1.998,1.998,0.342919,1.84755,7.10108
98.27685141,2.0885,2.0885,0.430053,1.93735,7.09348
98.27853679,2.21806,2.21806,0.555127,2.0659,7.08082
98.28135371,2.43417,2.43417,0.765014,2.28075,7.05614
98.28698756,2.86381,2.86381,1.18752,2.70858,6.99373
98.29029519,3.11382,3.11382,1.43703,2.95806,6.94905
98.29360545,3.36181,3.36181,1.68759,3.20595,6.89844
98.29438197,3.41951,3.41951,1.74637,3.26371,6.88553
98.2953343,3.49028,3.49028,1.81858,3.33454,6.86969
98.29773613,3.6673,3.6673,2.0007,3.51192,6.82712
98.29974616,3.81396,3.81396,2.15312,3.65906,6.78917
98.30361824,4.09206,4.09206,2.44609,3.93851,6.71018
98.31136238,4.6263,4.6263,3.02624,4.47708,6.52936
98.31734106,5.01469,5.01469,3.46553,4.87008,6.36933
98.32234478,5.32053,5.32053,3.82482,5.18046,6.22203
98.32440778,5.44113,5.44113,3.97033,5.30306,6.15779
98.32639148,5.55388,5.55388,4.10851,5.41779,6.09413
98.32809334,5.64809,5.64809,4.22557,5.51373,6.03805
98.32983713,5.74222,5.74222,4.34394,5.60965,5.97919
98.33332471,5.92337,5.92337,4.57539,5.79447,5.85731
98.34029987,6.25834,6.25834,5.01339,6.13691,5.5973
98.3427008,6.36535,6.36535,5.15593,6.24652,5.50284
98.34424426,6.43194,6.43194,5.24518,6.3148,5.44032
98.34572017,6.49404,6.49404,5.32875,6.3785,5.38053
98.3474021,6.56293,6.56293,5.42186,6.44923,5.31072
98.34962633,6.65048,6.65048,5.5416,6.53919,5.21628
98.35018239,6.67237,6.67237,5.57063,6.56168,5.19267
98.35129451,6.71459,6.71459,5.62869,6.60511,5.14404
98.35351874,6.79658,6.79658,5.74178,6.6895,5.0468
98.35714357,6.92296,6.92296,5.91841,6.81979,4.88332
98.36112696,7.05151,7.05151,6.10172,6.95263,4.69773
98.36561656,7.18347,7.18347,6.29504,7.08945,4.48128
98.37459576,7.40667,7.40667,6.64046,7.3225,4.02626
98.38934212,7.65728,7.65728,7.09109,7.58963,3.21976
98.40747416,7.77269,7.77269,7.45082,7.72575,2.1384
98.43378967,7.57989,7.57989,7.60506,7.56238,0.4271
98.45116692,7.22956,7.22956,7.47632,7.23023,-0.775326
98.45912167,7.01228,7.01228,7.35793,7.02076,-1.33964
98.46235757,6.91391,6.91391,7.29928,6.92546,-1.57103
98.46552174,6.81235,6.81235,7.23623,6.82684,-1.79768
98.46974063,6.66893,6.66893,7.14359,6.6872,-2.09957
98.47420542,6.50734,6.50734,7.03503,6.5295,-2.41781
98.48313501,6.15495,6.15495,6.7863,6.18456,-3.04528
98.50099419,5.34087,5.34087,6.16903,5.38483,-4.22107
98.51314267,4.70902,4.70902,5.66242,4.76282,-4.9296
98.51849765,4.41144,4.41144,5.4177,4.46969,-5.21357
98.52363417,4.11573,4.11573,5.17128,4.17837,-5.46774
98.52751332,3.88603,3.88603,4.97785,3.95208,-5.64771
98.53192855,3.61821,3.61821,4.75028,3.68824,-5.84016
98.54075902,3.06344,3.06344,4.27265,3.14173,-6.18675
98.55083103,2.40183,2.40183,3.69335,2.48994,-6.52136
98.56239133,1.60845,1.60845,2.98669,1.70818,-6.82748
98.58226968,0.174732,0.174732,1.68158,0.29472,-7.1642
98.60311791,-1.39402,-1.39402,0.212542,-1.25664,-7.26719
98.61042049,-1.95365,-1.95365,-0.323303,-1.81189,-7.24376
98.61244654,-2.10943,-2.10943,-0.473733,-1.96672,-7.23121
98.61358449,-2.19693,-2.19693,-0.558518,-2.05368,-7.22416
98.614668,-2.28025,-2.28025,-0.639425,-2.13648,-7.2155
98.61683502,-2.4466,-2.4466,-0.801718,-2.30209,-7.1982
98.62116906,-2.77783,-2.77783,-1.12802,-2.63224,-7.15457
98.62469943,-3.0456,-3.0456,-1.39527,-2.89964,-7.11148
98.6280313,-3.29613,-3.29613,-1.64852,-3.15026,-7.06466
98.62874703,-3.34954,-3.34954,-1.70292,-3.20375,-7.05364
98.62972983,-3.42287,-3.42287,-1.7778,-3.2772,-7.0385
98.6318821,-3.5823,-3.5823,-1.94179,-3.43705,-7.00317
98.63343213,-3.69622,-3.69622,-2.05989,-3.55139,-6.97621
98.6361463,-3.89366,-3.89366,-2.26661,-3.74977,-6.92599
98.64157465,-4.2792,-4.2792,-2.67836,-4.13802,-6.81419
98.65243135,-5.00037,-5.00037,-3.48485,-4.86721,-6.54633
98.6569679,-5.27889,-5.27889,-3.81252,-5.14993,-6.41723
98.65944217,-5.42442,-5.42442,-3.9882,-5.2979,-6.34263
98.6618015,-5.55871,-5.55871,-4.15328,-5.4346,-6.26879
98.66378656,-5.6683,-5.6683,-4.29008,-5.54624,-6.20465
98.66591202,-5.78221,-5.78221,-4.43423,-5.66239,-6.13396
98.67016293,-5.99974,-5.99974,-4.71429,-5.88448,-5.9864
98.67657305,-6.30266,-6.30266,-5.11243,-6.19439,-5.7487
98.67894776,-6.40735,-6.40735,-5.25213,-6.30168,-5.65607
98.68112718,-6.49992,-6.49992,-5.37648,-6.39664,-5.56892
98.68325112,-6.58694,-6.58694,-5.49409,-6.48599,-5.48206
98.68559465,-6.67934,-6.67934,-5.61984,-6.58095,-5.38402
98.68955212,-6.82681,-6.82681,-5.82291,-6.73273,-5.21336
98.69357035,-6.96562,-6.96562,-6.01751,-6.87591,-5.03363
98.69947752,-7.14989,-7.14989,-6.28304,-7.0666,-4.758
98.7060861,-7.32831,-7.32831,-6.5518,-7.25228,-4.43408
98.71930326,-7.59855,-7.59855,-7.00198,-7.53729,-3.74032
98.73505894,-7.77272,-7.77272,-7.38945,-7.72942,-2.8405
98.75942945,-7.73733,-7.73733,-7.67861,-7.72168,-1.31809
98.79325646,-7.1185,-7.1185,-7.4888,-7.13756,0.973834
98.80416772,-6.78344,-6.78344,-7.28553,-6.81244,1.74161
98.80847721,-6.63368,-6.63368,-7.18677,-6.6664,2.0463
98.81257188,-6.48269,-6.48269,-7.0836,-6.51884,2.33503
98.82076123,-6.15649,-6.15649,-6.85095,-6.19921,2.90521
98.83713992,-5.4133,-5.4133,-6.28574,-5.46849,3.98349
98.84958245,-4.77291,-4.77291,-5.77182,-4.83749,4.71775
98.85505578,-4.4715,-4.4715,-5.52353,-4.54027,5.01182
98.85830884,-4.28692,-4.28692,-5.36977,-4.35824,5.1771
98.86138351,-4.1089,-4.1089,-5.22034,-4.18267,5.32646
98.86417026,-3.94466,-3.94466,-5.08156,-4.02069,5.45609
98.86974377,-3.60826,-3.60826,-4.79474,-3.68894,5.69938
98.88067906,-2.91963,-2.91963,-4.19805,-3.00985,6.11734
98.89201458,-2.1692,-2.1692,-3.53521,-2.26976,6.47008
98.90758358,-1.08623,-1.08623,-2.55912,-1.20142,6.82482
98.92538231,0.211756,0.211756,-1.36325,0.0798066,7.05114
98.9384961,1.19919,1.19919,-0.435634,1.05582,7.09835
98.94420959,1.63533,1.63533,-0.0205692,1.48765,7.08772
98.94581806,1.75868,1.75868,0.0973851,1.6099,7.08095
98.94667347,1.82428,1.82428,0.160296,1.67492,7.07735
98.94750519,1.88807,1.88807,0.221577,1.73813,7.07283
98.9485318,1.9668,1.9668,0.297363,1.8163,7.06726
98.94966134,2.05342,2.05342,0.380927,1.9023,7.05977
98.95095493,2.15263,2.15263,0.476853,2.00079,7.0512
98.95298607,2.30826,2.30826,0.627936,2.15544,7.03522
98.9568261,2.60164,2.60164,0.914996,2.44734,6.99879
98.96165145,2.96766,2.96766,1.27799,2.81227,6.94161
98.96435499,3.17104,3.17104,1.4823,3.01543,6.90407
98.96770214,3.42063,3.42063,1.73599,3.26513,6.85217
98.96867317,3.49239,3.49239,1.80958,3.33702,6.83577
98.9695681,3.55853,3.55853,1.8775,3.40328,6.82065
98.97084121,3.65201,3.65201,1.97412,3.49667,6.7975
98.97262875,3.78235,3.78235,2.10978,3.62781,6.765
98.97587555,4.01603,4.01603,2.35583,3.86264,6.70064
98.98236915,4.46888,4.46888,2.84465,4.31897,6.5558
98.99535634,5.29443,5.29443,3.79064,5.15493,6.2038
98.99996254,5.55887,5.55887,4.1127,5.42391,6.05937
99.00412773,5.78418,5.78418,4.39549,5.65356,5.9202
99.00775687,5.96971,5.96971,4.63398,5.84299,5.79247
99.01181223,6.16536,6.16536,4.89029,6.04308,5.64276
99.01504619,6.31271,6.31271,5.08612,6.19401,5.51818
99.01642076,6.37249,6.37249,5.16692,6.25532,5.46352
99.01752897,6.42069,6.42069,5.23049,6.30475,5.41946
99.01857311,6.46436,6.46436,5.29039,6.34958,5.3769
99.01972847,6.51268,6.51268,5.35512,6.39919,5.3298
99.02199225,6.6038,6.6038,5.47889,6.49282,5.23541
99.02597344,6.75539,6.75539,5.68704,6.64882,5.06428
99.03092154,6.92854,6.92854,5.92942,6.82741,4.84268
99.03551507,7.07426,7.07426,6.13872,6.97819,4.62836
99.04088071,7.22633,7.22633,6.3646,7.1362,4.36786
99.05161199,7.47253,7.47253,6.75785,7.39445,3.81581
99.0659269,7.6827,7.6827,7.1635,7.62101,3.01999
99.08637404,7.75537,7.75537,7.51294,7.71736,1.78072
99.11397123,7.45137,7.45137,7.57217,7.44403,-0.0423561
99.13095082,7.04628,7.04628,7.38194,7.0562,-1.22458
99.13852018,6.81437,6.81437,7.24321,6.83146,-1.76024
99.14127417,6.72237,6.72237,7.18466,6.74199,-1.95564
99.14383635,6.63325,6.63325,7.12642,6.65517,-2.13744
99.14896073,6.44512,6.44512,6.99931,6.47152,-2.49919
99.15920948,6.03076,6.03076,6.70376,6.06575,-3.20838
99.17970698,5.06129,5.06129,5.9575,5.11302,-4.50319
99.18775625,4.63174,4.63174,5.61005,4.69011,-4.95199
99.192171,4.38509,4.38509,5.40703,4.44719,-5.18089
99.19641857,4.14081,4.14081,5.20374,4.20658,-5.38855
99.20133839,3.84971,3.84971,4.95888,3.91985,-5.61362
99.20586255,3.5746,3.5746,4.72509,3.64888,-5.80623
99.21491087,3.00444,3.00444,4.23396,3.08728,-6.15163
99.22497131,2.3416,2.3416,3.65319,2.43434,-6.47491
99.24178731,1.17498,1.17498,2.60943,1.28473,-6.87628
99.26296351,-0.377143,-0.377143,1.18479,-0.24598,-7.1411
99.27557022,-1.33432,-1.33432,0.286633,-1.19182,-7.17423
99.28114041,-1.76258,-1.76258,-0.12063,-1.61583,-7.15978
99.28306188,-1.91087,-1.91087,-0.262464,-1.76283,-7.15033
99.28376754,-1.96533,-1.96533,-0.314714,-1.81681,-7.14686
99.2846033,-2.02983,-2.02983,-0.376699,-1.88075,-7.14163
99.28592175,-2.13158,-2.13158,-0.474698,-1.98173,-7.13338
99.28818169,-2.30588,-2.30588,-0.643259,-2.15481,-7.11649
99.29232337,-2.62434,-2.62434,-0.95392,-2.4715,-7.07827
99.29646878,-2.94106,-2.94106,-1.26685,-2.78705,-7.0307
99.29943396,-3.16589,-3.16589,-1.4917,-3.01144,-6.99101
99.30289424,-3.4259,-3.4259,-1.75496,-3.27135,-6.93878
99.30378353,-3.49213,-3.49213,-1.82262,-3.33765,-6.92412
99.30472171,-3.562,-3.562,-1.89411,-3.4076,-6.90865
99.30603627,-3.65928,-3.65928,-1.99427,-3.50506,-6.88589
99.30807361,-3.80892,-3.80892,-2.14951,-3.65512,-6.84885
99.31190666,-4.08615,-4.08615,-2.44106,-3.93357,-6.77338
99.31957275,-4.61945,-4.61945,-3.0188,-4.47086,-6.60019
99.32550508,-5.00881,-5.00881,-3.45774,-4.86455,-6.44622
99.33047017,-5.31602,-5.31602,-3.81711,-5.17605,-6.30425
99.33253674,-5.43846,-5.43846,-3.96413,-5.3004,-6.24169
99.33424753,-5.53725,-5.53725,-4.08449,-5.40083,-6.18838
99.33587442,-5.62902,-5.62902,-4.19768,-5.49418,-6.13584
99.33741212,-5.71381,-5.71381,-4.30345,-5.58049,-6.08618
99.34048751,-5.87786,-5.87786,-4.51102,-5.74763,-5.98248
99.34663828,-6.18461,-6.18461,-4.9078,-6.06071,-5.76241
99.34968779,-6.32637,-6.32637,-5.09459,-6.20566,-5.64713
99.35125052,-6.39641,-6.39641,-5.18757,-6.27735,-5.58608
99.35246675,-6.44923,-6.44923,-5.25859,-6.33145,-5.53856
99.35360182,-6.49852,-6.49852,-5.3238,-6.38194,-5.49297
99.35486719,-6.55187,-6.55187,-5.39528,-6.43662,-5.44215
99.35728354,-6.65064,-6.65064,-5.52831,-6.53793,-5.34266
99.36211624,-6.83609,-6.83609,-5.78114,-6.72845,-5.13653
99.36736263,-7.01932,-7.01932,-6.03636,-6.91718,-4.90221
99.37269354,-7.18636,-7.18636,-6.27585,-7.08985,-4.65319
99.37876672,-7.35336,-7.35336,-6.52495,-7.26333,-4.35658
99.39091307,-7.61389,-7.61389,-6.94926,-7.5371,-3.72466
99.40690618,-7.81029,-7.81029,-7.36061,-7.75144,-2.82098
99.42839306,-7.82043,-7.82043,-7.65632,-7.78598,-1.4972
99.46252524,-7.27958,-7.27958,-7.55129,-7.28133,0.789422
99.47382433,-6.95587,-6.95587,-7.36568,-6.96847,1.58072
99.47748317,-6.83617,-6.83617,-7.28992,-6.85214,1.83907
99.48003111,-6.74869,-6.74869,-7.23278,-6.76695,2.01898
99.48282439,-6.649,-6.649,-7.16608,-6.66973,2.21589
99.48841094,-6.43811,-6.43811,-7.02026,-6.46363,2.60716
99.49958404,-5.97209,-5.97209,-6.68051,-6.00678,3.36979
99.52193024,-4.87826,-4.87826,-5.82183,-4.93108,4.72794
99.52926613,-4.47436,-4.47436,-5.48982,-4.53329,5.11391
99.53638707,-4.06288,-4.06288,-5.14541,-4.12793,5.45501
99.54093611,-3.79052,-3.79052,-4.91446,-3.85962,5.65513
99.54598536,-3.48003,-3.48003,-4.64856,-3.55374,5.86113
99.55464805,-2.92869,-2.92869,-4.17027,-3.0106,6.17597
99.56333586,-2.35377,-2.35377,-3.66407,-2.44417,6.44383
99.57866594,-1.29253,-1.29253,-2.71257,-1.39837,6.80247
99.59470785,-0.128556,-0.128556,-1.64686,-0.250695,7.02532
99.60855989,0.911018,0.911018,-0.677417,0.775228,7.09525
99.61588778,1.47059,1.47059,-0.148388,1.32831,7.08715
99.61975728,1.76803,1.76803,0.134972,1.62249,7.07048
99.62107097,1.869,1.869,0.231758,1.7227,7.06261
99.62180581,1.92549,1.92549,0.286019,1.77875,7.05822
99.6227296,1.99658,1.99658,0.354347,1.84922,7.05161
99.62393207,2.08913,2.08913,0.443475,1.94094,7.043
99.62548489,2.20864,2.20864,0.558869,2.05943,7.03031
99.6280151,2.40303,2.40303,0.747583,2.25249,7.00677
99.63307553,2.78993,2.78993,1.12726,2.63732,6.94921
99.63696517,3.08479,3.08479,1.42082,2.93122,6.89556
99.64034675,3.33877,3.33877,1.67704,3.18483,6.84233
99.64107498,3.39304,3.39304,1.73221,3.23908,6.82988
99.64204148,3.46506,3.46506,1.80559,3.31109,6.81337
99.64427276,3.63007,3.63007,1.97498,3.47625,6.77294
99.64602229,3.75833,3.75833,2.1078,3.60476,6.73943
99.64920379,3.98869,3.98869,2.34902,3.83587,6.67443
99.65556679,4.43576,4.43576,2.82839,4.28557,6.52903
99.6682928,5.25455,5.25455,3.7576,5.11298,6.17861
99.67034098,5.37619,5.37619,3.90296,5.23641,6.11439
99.67089396,5.4084,5.4084,3.94178,5.26911,6.09706
99.67142269,5.4392,5.4392,3.97889,5.30038,6.07994
99.67225339,5.48666,5.48666,4.0372,5.34859,6.05304
99.67302892,5.53097,5.53097,4.09093,5.39361,6.02793
99.67426983,5.60042,5.60042,4.17691,5.4642,5.98677
99.67675164,5.73559,5.73559,4.34596,5.60169,5.90235
99.68061796,5.93657,5.93657,4.6022,5.80639,5.76528
99.6883506,6.305,6.305,5.08348,6.18246,5.47137
99.69085657,6.41498,6.41498,5.22997,6.29496,5.37055
99.69328544,6.51728,6.51728,5.36728,6.39971,5.27028
99.69532937,6.60015,6.60015,5.47924,6.48463,5.18399
99.69755234,6.68696,6.68696,5.59733,6.57368,5.08819
99.70199829,6.85031,6.85031,5.82243,6.7415,4.8906
99.70669961,7.00827,7.00827,6.04482,6.90418,4.67319
99.71246652,7.18147,7.18147,6.29637,7.0832,4.39497
99.71877459,7.34518,7.34518,6.54533,7.25337,4.07664
99.73139071,7.59305,7.59305,6.96321,7.51444,3.39904
99.74802591,7.76105,7.76105,7.35439,7.70033,2.43022
99.7703641,7.7128,7.7128,7.60171,7.67624,1.01563
99.79170593,7.38774,7.38774,7.55099,7.37329,-0.431853
99.80231313,7.12873,7.12873,7.42447,7.12461,-1.17751
99.8083164,6.95456,6.95456,7.32389,6.95601,-1.60426
99.81036042,6.8908,6.8908,7.28495,6.8941,-1.75007
99.81224697,6.83,6.83,7.24692,6.83498,-1.88465
99.81602007,6.70288,6.70288,7.16497,6.71114,-2.15351
99.822031,6.4855,6.4855,7.01848,6.49885,-2.57924
99.83405285,5.99827,5.99827,6.66868,6.02136,-3.40898
99.85809654,4.83279,4.83279,5.75829,4.87545,-4.87104
99.8591803,4.77369,4.77369,5.70998,4.81724,-4.93015
99.86134781,4.65548,4.65548,5.61337,4.70083,-5.04625
99.86354558,4.53355,4.53355,5.51305,4.58074,-5.16065
99.86513519,4.44423,4.44423,5.43921,4.49278,-5.24119
99.86698308,4.33921,4.33921,5.35201,4.38935,-5.33249
99.87067887,4.1254,4.1254,5.1733,4.17879,-5.50784
99.87807044,3.68332,3.68332,4.79916,3.74347,-5.83065
99.88956665,2.9601,2.9601,4.17539,3.03135,-6.26204
99.90097493,2.20327,2.20327,3.50947,2.28607,-6.60767
99.9160953,1.14826,1.14826,2.56244,1.24687,-6.94265
99.94082002,-0.673437,-0.673437,0.883723,-0.549157,-7.19773
99.95244615,-1.56004,-1.56004,0.0461682,-1.42569,-7.19477
99.95784502,-1.97548,-1.97548,-0.351773,-1.83729,-7.16719
99.95967808,-2.11676,-2.11676,-0.488056,-1.97748,-7.1541
99.96123276,-2.23657,-2.23657,-0.604051,-2.09639,-7.14087
99.96277129,-2.35515,-2.35515,-0.71918,-2.21406,-7.12778
99.96584835,-2.59158,-2.59158,-0.95036,-2.44909,-7.09641
99.97032365,-2.93335,-2.93335,-1.2885,-2.7894,-7.04164
99.97285022,-3.12488,-3.12488,-1.48025,-2.98042,-7.00598
99.97596476,-3.35915,-3.35915,-1.71734,-3.21438,-6.95736
99.97683991,-3.42445,-3.42445,-1.78395,-3.27968,-6.94256
99.97778034,-3.49463,-3.49463,-1.85567,-3.34985,-6.92666
99.98057053,-3.70092,-3.70092,-2.06843,-3.55637,-6.87612
99.98328612,-3.89913,-3.89913,-2.27538,-3.75508,-6.82307
99.98871731,-4.28627,-4.28627,-2.68759,-4.144,-6.70573
99.9995797,-5.01072,-5.01072,-3.49489,-4.87461,-6.42728
100,-5.03739,-5.03739,-3.52565,-4.90159,-6.41534
