"TIME","SIN1","SIN2","SIN3","SIN4","SIN5"
90,6.62222,6.62222,7.22421,6.64844,-3.45653
90.00174405,6.54975,6.54975,7.16548,6.58061,-3.57482
90.00523216,6.40122,6.40122,7.04411,6.44132,-3.80864
90.01220837,6.08729,6.08729,6.78296,6.14564,-4.26045
90.01912484,5.75393,5.75393,6.49978,5.82997,-4.68277
90.02403028,5.50444,5.50444,6.28456,5.59275,-4.96417
90.02627043,5.38697,5.38697,6.18237,5.48079,-5.08719
90.02764129,5.31363,5.31363,6.11822,5.41079,-5.16068
90.02894826,5.2437,5.2437,6.05705,5.34404,-5.22944
90.03057869,5.15499,5.15499,5.9791,5.25925,-5.31344
90.0327941,5.03267,5.03267,5.8712,5.14221,-5.42446
90.03611316,4.84568,4.84568,5.70536,4.96299,-5.58425
90.03953548,4.64826,4.64826,5.52918,4.77346,-5.74102
90.04356532,4.40997,4.40997,5.31516,4.54429,-5.91549
90.04816531,4.13051,4.13051,5.06241,4.27507,-6.10157
90.05736528,3.54912,3.54912,4.53121,3.71363,-6.43298
90.06919401,2.76111,2.76111,3.80127,2.95023,-6.7809
90.09058824,1.23824,1.23824,2.36451,1.46893,-7.1925
90.11270374,-0.439572,-0.439572,0.749144,-0.170389,-7.33209
90.12808766,-1.6493,-1.6493,-0.437162,-1.359,-7.2632
90.13437725,-2.14988,-2.14988,-0.934578,-1.85312,-7.19669
90.13668659,-2.33406,-2.33406,-1.11877,-2.03544,-7.16623
90.13754085,-2.40219,-2.40219,-1.18713,-2.10289,-7.15497
90.13834882,-2.46663,-2.46663,-1.25179,-2.16668,-7.14309
90.13996475,-2.5951,-2.5951,-1.38141,-2.29426,-7.11933
90.14319662,-2.85203,-2.85203,-1.64139,-2.5492,-7.06696
90.14561879,-3.04354,-3.04354,-1.83696,-2.73979,-7.02409
90.14830181,-3.25455,-3.25455,-2.05359,-2.95004,-6.97303
90.1490899,-3.3162,-3.3162,-2.11734,-3.0118,-6.95714
90.14994916,-3.38342,-3.38342,-2.18685,-3.07879,-6.93982
90.15099315,-3.46462,-3.46462,-2.27129,-3.16019,-6.91774
90.15212291,-3.5525,-3.5525,-2.36268,-3.24772,-6.89385
90.15392351,-3.69157,-3.69157,-2.50833,-3.38723,-6.85396
90.15734574,-3.95304,-3.95304,-2.78449,-3.64956,-6.7736
90.16419021,-4.46157,-4.46157,-3.3319,-4.16152,-6.59546
90.17787914,-5.39365,-5.39365,-4.38151,-5.1041,-6.1721
90.1801017,-5.53333,-5.53333,-4.54545,-5.24587,-6.0945
90.18067545,-5.56856,-5.56856,-4.58723,-5.28163,-6.07447
90.18171388,-5.63231,-5.63231,-4.66283,-5.34634,-6.03724
90.1823965,-5.67336,-5.67336,-4.71193,-5.38802,-6.01276
90.18304567,-5.7124,-5.7124,-4.75863,-5.42766,-5.98896
90.184344,-5.78904,-5.78904,-4.85094,-5.50547,-5.94134
90.18694067,-5.93814,-5.93814,-5.03208,-5.65692,-5.84351
90.19181971,-6.20373,-6.20373,-5.3584,-5.92703,-5.65177
90.19345588,-6.28861,-6.28861,-5.46352,-6.01347,-5.58471
90.19478967,-6.35565,-6.35565,-5.54753,-6.08244,-5.53005
90.19603251,-6.41812,-6.41812,-5.62445,-6.14493,-5.47768
90.19729957,-6.47998,-6.47998,-5.70151,-6.20865,-5.4243
90.19983368,-6.60012,-6.60012,-5.85161,-6.33145,-5.31489
90.20490192,-6.82635,-6.82635,-6.13637,-6.56334,-5.08831
90.2150384,-7.22366,-7.22366,-6.64723,-6.97348,-4.60542
90.22508418,-7.54601,-7.54601,-7.07926,-7.31057,-4.08975
90.23971122,-7.89074,-7.89074,-7.58058,-7.68019,-3.27861
90.25417713,-8.08913,-8.08913,-7.93062,-7.9069,-2.41311
90.27363598,-8.1393,-8.1393,-8.17875,-8.0001,-1.16511
90.29190132,-7.96875,-7.96875,-8.18594,-7.87399,0.0773925
90.30500209,-7.72176,-7.72176,-8.06062,-7.66065,1.00046
90.31052928,-7.58717,-7.58717,-7.97575,-7.5406,1.39568
90.3124462,-7.53636,-7.53636,-7.94195,-7.49487,1.5334
90.31567244,-7.44617,-7.44617,-7.88008,-7.41326,1.7652
90.31888017,-7.35079,-7.35079,-7.81247,-7.32644,1.99566
90.32529562,-7.14334,-7.14334,-7.65937,-7.13612,2.45437
90.33812653,-6.66437,-6.66437,-7.28405,-6.69122,3.34883
90.35001032,-6.14817,-6.14817,-6.85757,-6.20592,4.12944
90.35298127,-6.00636,-6.00636,-6.73703,-6.07168,4.31406
90.35892316,-5.71328,-5.71328,-6.4855,-5.79354,4.67046
90.36290592,-5.5089,-5.5089,-6.30814,-5.59899,4.89748
90.36517473,-5.38954,-5.38954,-6.20384,-5.48515,5.022
90.36745383,-5.26748,-5.26748,-6.09667,-5.36857,5.14332
90.36870587,-5.1992,-5.1992,-6.03643,-5.30327,5.20829
90.36990315,-5.1339,-5.1339,-5.97882,-5.24081,5.26932
90.37229771,-5.00094,-5.00094,-5.86095,-5.11347,5.3882
90.37566241,-4.81026,-4.81026,-5.691,-4.93055,5.54829
90.37918463,-4.60592,-4.60592,-5.50777,-4.73419,5.70738
90.38373814,-4.33481,-4.33481,-5.26303,-4.4732,5.90059
90.38795856,-4.07675,-4.07675,-5.02848,-4.22435,6.06737
90.39639939,-3.5422,-3.5422,-4.53822,-3.70776,6.36641
90.40735672,-2.81438,-2.81438,-3.86239,-3.00239,6.68728
90.42927138,-1.26211,-1.26211,-2.39493,-1.49199,7.10694
90.4508208,0.36334,0.36334,-0.827203,0.0965857,7.23933
90.46620535,1.56567,1.56567,0.352595,1.27744,7.16926
90.47246046,2.06072,2.06072,0.844401,1.76573,7.10243
90.47470736,2.23898,2.23898,1.02254,1.94206,7.07262
90.47548374,2.30057,2.30057,1.08429,2.00299,7.06232
90.47630309,2.36558,2.36558,1.14947,2.06729,7.05037
90.47731871,2.44615,2.44615,1.23048,2.147,7.03554
90.47891725,2.57258,2.57258,1.358,2.27244,7.01074
90.48158858,2.78386,2.78386,1.57176,2.48208,6.96624
90.48416121,2.98631,2.98631,1.77832,2.68344,6.9198
90.48632824,3.1559,3.1559,1.95231,2.85237,6.87753
90.48712906,3.21857,3.21857,2.01676,2.91479,6.86191
90.48779616,3.27042,3.27042,2.07044,2.96679,6.8481
90.48871569,3.3419,3.3419,2.14444,3.03812,6.82907
90.48961725,3.41198,3.41198,2.21699,3.10805,6.8096
90.49063671,3.49063,3.49063,2.29902,3.18673,6.78757
90.49189013,3.58733,3.58733,2.39989,3.28347,6.75947
90.4940048,3.74916,3.74916,2.5699,3.44561,6.71025
90.49823412,4.06818,4.06818,2.90878,3.76598,6.60502
90.50669277,4.68177,4.68177,3.57671,4.38469,6.36813
90.51323612,5.12852,5.12852,4.07932,4.83702,6.16124
90.51871455,5.47952,5.47952,4.48659,5.19324,5.97259
90.5209864,5.61833,5.61833,4.65121,5.33426,5.8903
90.52284822,5.72893,5.72893,4.78393,5.44666,5.82111
90.52459352,5.82999,5.82999,4.90633,5.5494,5.75485
90.52617755,5.91953,5.91953,5.01563,5.64045,5.69355
90.52934562,6.09251,6.09251,5.22855,5.8165,5.56767
90.53136146,6.19842,6.19842,5.35987,5.9244,5.48484
90.53245428,6.25424,6.25424,5.42934,5.98132,5.43994
90.53307941,6.28617,6.28617,5.46907,6.01388,5.41356
90.53457117,6.36053,6.36053,5.56182,6.08976,5.35062
90.53550305,6.40552,6.40552,5.61877,6.13574,5.31037
90.53721465,6.48815,6.48815,5.72143,6.22018,5.23645
90.54063785,6.64568,6.64568,5.91945,6.3815,5.08435
90.54748424,6.93505,6.93505,6.28759,6.67909,4.76618
90.55778823,7.30723,7.30723,6.77491,7.06534,4.25388
90.56925497,7.63353,7.63353,7.2264,7.40968,3.63949
90.58278066,7.90163,7.90163,7.6394,7.70214,2.86007
90.60167962,8.07009,8.07009,8.00521,7.90955,1.68499
90.61958528,8.01509,8.01509,8.13037,7.89586,0.49387
90.63861836,7.73821,7.73821,8.03564,7.66625,-0.834549
90.64592586,7.57377,7.57377,7.93824,7.52068,-1.35737
90.64915513,7.49104,7.49104,7.8846,7.44639,-1.59004
90.65253647,7.39803,7.39803,7.82165,7.36226,-1.83402
90.65704492,7.2641,7.2641,7.72713,7.24021,-2.15887
90.66606181,6.96324,6.96324,7.50268,6.9631,-2.80206
90.67958403,6.43327,6.43327,7.081,6.46836,-3.72981
90.69277975,5.83012,5.83012,6.57581,5.89856,-4.56236
90.69955636,5.48884,5.48884,6.28177,5.57386,-4.95308
90.70292227,5.31167,5.31167,6.12728,5.40476,-5.13617
90.70565862,5.16404,5.16404,5.99768,5.26358,-5.27913
90.70789706,5.04093,5.04093,5.88905,5.14568,-5.39206
90.71019098,4.91262,4.91262,5.77534,5.02265,-5.50407
90.71477882,4.64969,4.64969,5.54081,4.77008,-5.71709
90.7178107,4.47141,4.47141,5.38073,4.59852,-5.85
90.72140587,4.25548,4.25548,5.18578,4.39045,-5.99967
90.7285962,3.80955,3.80955,4.77985,3.95992,-6.27389
90.73873995,3.15064,3.15064,4.17281,3.32202,-6.60497
90.75847051,1.78233,1.78233,2.88979,1.99225,-7.0667
90.77757195,0.367191,0.367191,1.53711,0.611283,-7.29001
90.79469551,-0.959112,-0.959112,0.249042,-0.687497,-7.30877
90.80406035,-1.70091,-1.70091,-0.480607,-1.41668,-7.24825
90.80867005,-2.06882,-2.06882,-0.845317,-1.7792,-7.20045
90.81089704,-2.24657,-2.24657,-1.02268,-1.95504,-7.17315
90.81279349,-2.39805,-2.39805,-1.17423,-2.10479,-7.14778
90.81395707,-2.49099,-2.49099,-1.26752,-2.19673,-7.13071
90.81570429,-2.63031,-2.63031,-1.40762,-2.33478,-7.10508
90.8188938,-2.88387,-2.88387,-1.66429,-2.58642,-7.05312
90.82123399,-3.06909,-3.06909,-1.85329,-2.77026,-7.01158
90.82388998,-3.27822,-3.27822,-2.0678,-2.97889,-6.96097
90.82552865,-3.40656,-3.40656,-2.20039,-3.10678,-6.92792
90.82657804,-3.48827,-3.48827,-2.2853,-3.18867,-6.90571
90.82775727,-3.58009,-3.58009,-2.38071,-3.28001,-6.88075
90.82965904,-3.72709,-3.72709,-2.53425,-3.42733,-6.8385
90.83337108,-4.01062,-4.01062,-2.83395,-3.7115,-6.75076
90.84079518,-4.56014,-4.56014,-3.4265,-4.26421,-6.55484
90.8506554,-5.24092,-5.24092,-4.1885,-4.95171,-6.25375
90.85499817,-5.51985,-5.51985,-4.51209,-5.23412,-6.10664
90.85730096,-5.66191,-5.66191,-4.67996,-5.37805,-6.02511
90.8594993,-5.79349,-5.79349,-4.83734,-5.51141,-5.94505
90.8613521,-5.9013,-5.9013,-4.96757,-5.62071,-5.8759
90.86330076,-6.01165,-6.01165,-5.10194,-5.73265,-5.80155
90.86719806,-6.22329,-6.22329,-5.36176,-5.94755,-5.64791
90.86943446,-6.33937,-6.33937,-5.50522,-6.06556,-5.5568
90.87152069,-6.4442,-6.4442,-5.63516,-6.17227,-5.46991
90.8728569,-6.50962,-6.50962,-5.71643,-6.23893,-5.41331
90.87552932,-6.63648,-6.63648,-5.8745,-6.36837,-5.2979
90.88087417,-6.87455,-6.87455,-6.17351,-6.61199,-5.05848
90.89156385,-7.28927,-7.28927,-6.70651,-7.03954,-4.54672
90.90156541,-7.60433,-7.60433,-7.12957,-7.36869,-4.03025
90.9034678,-7.65505,-7.65505,-7.20055,-7.42235,-3.92734
90.90727259,-7.7505,-7.7505,-7.33645,-7.52386,-3.71865
90.91488215,-7.91284,-7.91284,-7.57923,-7.69911,-3.28807
90.93010127,-8.1212,-8.1212,-7.94615,-7.93632,-2.37693
90.94479887,-8.17751,-8.17751,-8.15189,-8.02393,-1.44041
90.96217758,-8.06637,-8.06637,-8.21133,-7.95335,-0.273455
90.97602266,-7.84497,-7.84497,-8.12011,-7.76641,0.693173
90.98285605,-7.6935,-7.6935,-8.03079,-7.63249,1.17954
90.98962933,-7.51682,-7.51682,-7.91419,-7.47345,1.66473
90.99147705,-7.46409,-7.46409,-7.87758,-7.42557,1.79742
90.99329544,-7.41035,-7.41035,-7.83957,-7.3766,1.928
90.99693222,-7.29743,-7.29743,-7.75775,-7.27326,2.18872
91.00420577,-7.05039,-7.05039,-7.57137,-7.04539,2.7059
91.01703297,-6.54871,-6.54871,-7.17143,-6.57724,3.58838
91.03026133,-5.94793,-5.94793,-6.66818,-6.01012,4.43101
91.04094098,-5.40481,-5.40481,-6.19807,-5.49312,5.03906
91.04559375,-5.15262,-5.15262,-5.97605,-5.25195,5.28102
91.04990162,-4.91114,-4.91114,-5.76159,-5.02042,5.49167
91.05391393,-4.67958,-4.67958,-5.55439,-4.79794,5.67624
91.05741421,-4.47251,-4.47251,-5.36793,-4.59865,5.82826
91.06109784,-4.24966,-4.24966,-5.16611,-4.38385,5.97935
91.06846509,-3.78954,-3.78954,-4.74602,-3.93949,6.25491
91.07811375,-3.15972,-3.15972,-4.16445,-3.32967,6.56326
91.09741106,-1.81992,-1.81992,-2.90658,-2.02761,7.00591
91.11625559,-0.425998,-0.425998,-1.57349,-0.667516,7.21981
91.13563336,1.07232,1.07232,-0.116637,0.799881,7.22233
91.14469776,1.78896,1.78896,0.589924,1.50481,7.14963
91.14951765,2.17221,2.17221,0.971,1.88286,7.09224
91.15179026,2.35291,2.35291,1.15182,2.06165,7.06072
91.15385945,2.51744,2.51744,1.31697,2.22444,7.02959
91.15610682,2.69575,2.69575,1.49682,2.40125,6.99317
91.15905987,2.92919,2.92919,1.73378,2.63285,6.94123
91.16098905,3.08104,3.08104,1.88903,2.78415,6.90481
91.16343305,3.27248,3.27248,2.08572,2.97475,6.85588
91.16426063,3.33696,3.33696,2.15232,3.03929,6.83841
91.16514676,3.406,3.406,2.2237,3.10803,6.81971
91.16619786,3.48737,3.48737,2.30837,3.18957,6.79642
91.16749116,3.58749,3.58749,2.41255,3.28947,6.76777
91.16965581,3.75367,3.75367,2.58672,3.4558,6.71732
91.17398511,4.08119,4.08119,2.93383,3.78434,6.60934
91.1826437,4.71042,4.71042,3.61743,4.41802,6.36565
91.18930288,5.16504,5.16504,4.12809,4.87762,6.15371
91.19487593,5.52134,5.52134,4.54104,5.23856,5.96038
91.19713868,5.65916,5.65916,4.70429,5.3783,5.8778
91.19932376,5.78826,5.78826,4.85905,5.50924,5.79587
91.20122694,5.89748,5.89748,4.99127,5.62007,5.72277
91.20323765,6.00964,6.00964,5.12816,5.73393,5.64382
91.20725909,6.22429,6.22429,5.39222,5.95208,5.48068
91.20868785,6.29749,6.29749,5.48281,6.02656,5.42065
91.20999437,6.36242,6.36242,5.56411,6.09269,5.36576
91.21123766,6.42421,6.42421,5.64011,6.15563,5.31215
91.21255181,6.48759,6.48759,5.71899,6.22027,5.25548
91.21504655,6.60437,6.60437,5.86477,6.33951,5.14531
91.22003602,6.82417,6.82417,6.14129,6.56458,4.91746
91.23001497,7.20984,7.20984,6.63709,6.96225,4.433
91.24002424,7.52565,7.52565,7.06063,7.29206,3.91055
91.25458393,7.86055,7.86055,7.54921,7.65072,3.09098
91.26929958,8.05212,8.05212,7.89287,7.87007,2.19822
91.29018639,8.07897,8.07897,8.12874,7.94175,0.83843
91.31027769,7.84493,7.84493,8.08592,7.75543,-0.550117
91.31964481,7.65153,7.65153,7.97783,7.58546,-1.21786
91.32698147,7.46409,7.46409,7.85525,7.41674,-1.74545
91.32930191,7.39835,7.39835,7.80964,7.35697,-1.91273
91.33140293,7.3362,7.3362,7.76557,7.30024,-2.06419
91.33560496,7.20461,7.20461,7.66961,7.17951,-2.3662
91.34400902,6.91303,6.91303,7.44724,6.90964,-2.96276
91.35776748,6.35769,6.35769,6.99898,6.38942,-3.89659
91.36855277,5.85797,5.85797,6.57754,5.9165,-4.57189
91.37517543,5.52437,5.52437,6.28943,5.59889,-4.95407
91.37824525,5.36305,5.36305,6.14853,5.44484,-5.12154
91.38063633,5.23457,5.23457,6.03565,5.32195,-5.24734
91.38281141,5.11559,5.11559,5.93063,5.208,-5.35818
91.38486423,5.0015,5.0015,5.8295,5.0986,-5.45966
91.3880404,4.8216,4.8216,5.66927,4.92585,-5.6108
91.39119853,4.63874,4.63874,5.50548,4.75,-5.75419
91.39433494,4.4533,4.4533,5.3385,4.57141,-5.88993
91.40060775,4.0714,4.0714,4.99206,4.20298,-6.14206
91.41315337,3.2667,3.2667,4.25235,3.42431,-6.57097
91.42634812,2.36707,2.36707,3.41235,2.55077,-6.91599
91.44686467,0.878277,0.878277,1.99806,1.09984,-7.24229
91.46914111,-0.832291,-0.832291,0.341981,-0.574007,-7.31628
91.48061546,-1.74019,-1.74019,-0.551541,-1.46689,-7.24351
91.48610139,-2.17802,-2.17802,-0.986782,-1.8988,-7.1827
91.48876368,-2.3905,-2.3905,-1.19963,-2.10923,-7.14722
91.49081268,-2.55404,-2.55404,-1.36403,-2.27118,-7.1173
91.49354468,-2.77159,-2.77159,-1.58389,-2.48678,-7.07392
91.49611087,-2.97515,-2.97515,-1.79097,-2.6893,-7.02959
91.49919234,-3.21826,-3.21826,-2.04027,-2.93124,-6.97179
91.49987791,-3.27206,-3.27206,-2.09573,-2.98507,-6.9581
91.50076552,-3.34172,-3.34172,-2.16754,-3.05442,-6.94038
91.50173251,-3.41721,-3.41721,-2.24585,-3.12996,-6.92018
91.502779,-3.49891,-3.49891,-2.33059,-3.21128,-6.89831
91.50425588,-3.61354,-3.61354,-2.45018,-3.32605,-6.86614
91.50687416,-3.81519,-3.81519,-2.66191,-3.52792,-6.80638
91.51211072,-4.21103,-4.21103,-3.08325,-3.92519,-6.67655
91.52258385,-4.9612,-4.9612,-3.9069,-4.6811,-6.3769
91.52947607,-5.41696,-5.41696,-4.42781,-5.14182,-6.15135
91.53260454,-5.61242,-5.61242,-4.65721,-5.33963,-6.04169
91.53458075,-5.73188,-5.73188,-4.79936,-5.46057,-5.97013
91.53645884,-5.84243,-5.84243,-4.9322,-5.57254,-5.9005
91.53828552,-5.94719,-5.94719,-5.05909,-5.67867,-5.83128
91.54193887,-6.14866,-6.14866,-5.30524,-5.88296,-5.6885
91.54351561,-6.23178,-6.23178,-5.40817,-5.96735,-5.62479
91.54444375,-6.28071,-6.28071,-5.46744,-6.01702,-5.58728
91.54529684,-6.32432,-6.32432,-5.52192,-6.06134,-5.55206
91.54608304,-6.36451,-6.36451,-5.57091,-6.10218,-5.5196
91.54706892,-6.41341,-6.41341,-5.63234,-6.15193,-5.47807
91.54844615,-6.48173,-6.48173,-5.7163,-6.22144,-5.42006
91.55120059,-6.61312,-6.61312,-5.87948,-6.35532,-5.30113
91.55670947,-6.85924,-6.85924,-6.18763,-6.60688,-5.05413
91.56772724,-7.28628,-7.28628,-6.73492,-7.04658,-4.52521
91.57771191,-7.59939,-7.59939,-7.1543,-7.37327,-4.00782
91.59323269,-7.94952,-7.94952,-7.66648,-7.74829,-3.13841
91.60770801,-8.1292,-8.1292,-7.99407,-7.95499,-2.26343
91.6240892,-8.16634,-8.16634,-8.19412,-8.02655,-1.20933
91.64171368,-8.01648,-8.01648,-8.21275,-7.91736,-0.0135096
91.6549705,-7.77901,-7.77901,-8.0964,-7.71237,0.918471
91.66062329,-7.64603,-7.64603,-8.01345,-7.59363,1.32221
91.66339313,-7.57409,-7.57409,-7.96564,-7.52873,1.52111
91.66443699,-7.54523,-7.54523,-7.94578,-7.50254,1.59607
91.6665247,-7.48752,-7.48752,-7.90604,-7.45017,1.74606
91.67070012,-7.36366,-7.36366,-7.81757,-7.33701,2.04605
91.67905095,-7.08776,-7.08776,-7.61044,-7.08258,2.64123
91.69102838,-6.62908,-6.62908,-7.24551,-6.6545,3.46999
91.70418874,-6.04424,-6.04424,-6.75666,-6.10252,4.32001
91.71475732,-5.51682,-5.51682,-6.30075,-5.60052,4.93547
91.71950331,-5.26391,-5.26391,-6.07831,-5.35868,5.18892
91.72383847,-5.02462,-5.02462,-5.86593,-5.12927,5.40675
91.72711411,-4.83876,-4.83876,-5.6998,-4.95072,5.56256
91.73067903,-4.6317,-4.6317,-5.51363,-4.75147,5.72363
91.73400242,-4.43429,-4.43429,-5.33515,-4.56123,5.86598
91.73816447,-4.18133,-4.18133,-5.1051,-4.3171,6.03386
91.74648857,-3.65722,-3.65722,-4.62425,-3.81023,6.33583
91.75798347,-2.89669,-2.89669,-3.91766,-3.07263,6.68035
91.77746469,-1.5243,-1.5243,-2.62101,-1.73672,7.07724
91.79837661,0.0423959,0.0423959,-1.11308,-0.205615,7.24899
91.81410093,1.26794,1.26794,0.0849947,0.996425,7.20999
91.82138421,1.84502,1.84502,0.655591,1.56451,7.14414
91.82528558,2.15547,2.15547,0.964641,1.87105,7.09668
91.8272049,2.30819,2.30819,1.11746,2.02185,7.07025
91.82923492,2.46972,2.46972,1.27955,2.18168,7.04012
91.83088117,2.6003,2.6003,1.41131,2.31129,7.01406
91.83366454,2.82107,2.82107,1.63463,2.52989,6.96671
91.83608316,3.01194,3.01194,1.82932,2.71985,6.92223
91.83886778,3.23052,3.23052,2.05348,2.93739,6.86722
91.83959219,3.28709,3.28709,2.11188,2.99398,6.85208
91.84047479,3.356,3.356,2.18304,3.06259,6.83363
91.84146354,3.43279,3.43279,2.26277,3.13944,6.81203
91.84251415,3.51439,3.51439,2.34747,3.22064,6.78908
91.84405936,3.63366,3.63366,2.47206,3.34007,6.7539
91.84683461,3.84606,3.84606,2.69541,3.55275,6.68767
91.8523851,4.2622,4.2622,3.13942,3.97058,6.54363
91.86348608,5.04585,5.04585,4.00395,4.76076,6.21067
91.87025027,5.48373,5.48373,4.50757,5.20372,5.97873
91.87054852,5.50216,5.50216,4.52978,5.2224,5.9685
91.8717977,5.57937,5.57937,4.62049,5.30062,5.92313
91.87210855,5.59824,5.59824,4.64306,5.31973,5.91185
91.872948,5.64919,5.64919,4.70333,5.37135,5.88084
91.87335557,5.67351,5.67351,4.7326,5.39598,5.86578
91.87417072,5.72214,5.72214,4.79016,5.44526,5.835
91.875801,5.81743,5.81743,4.90529,5.54181,5.77344
91.87843131,5.9665,5.9665,5.08639,5.69294,5.67117
91.88314065,6.21952,6.21952,5.39698,5.94975,5.48058
91.88483889,6.30646,6.30646,5.50451,6.03811,5.40952
91.88639185,6.38401,6.38401,5.60068,6.11699,5.343
91.88785979,6.45562,6.45562,5.68968,6.18991,5.28012
91.88943853,6.53083,6.53083,5.78336,6.26656,5.21099
91.892596,6.67571,6.67571,5.96456,6.41444,5.06968
91.89891094,6.94359,6.94359,6.30329,6.68893,4.7752
91.90892513,7.30973,7.30973,6.7787,7.06718,4.27724
91.92004807,7.63345,7.63345,7.22108,7.40667,3.68234
91.93440399,7.92467,7.92467,7.66251,7.72166,2.85533
91.95251729,8.09363,8.09363,8.01629,7.92552,1.72882
91.96997464,8.05346,8.05346,8.14814,7.92335,0.569206
91.98874112,7.79792,7.79792,8.06888,7.71222,-0.739113
91.99641476,7.63182,7.63182,7.97196,7.56513,-1.2881
92.00052237,7.52864,7.52864,7.90504,7.47227,-1.58407
92.00317095,7.45693,7.45693,7.8564,7.40727,-1.77535
92.00580994,7.38154,7.38154,7.80376,7.33858,-1.96595
92.01108792,7.21922,7.21922,7.68615,7.1897,-2.34596
92.02164389,6.84982,6.84982,7.40291,6.8472,-3.09364
92.03434691,6.32982,6.32982,6.98054,6.35915,-3.95117
92.04463306,5.85137,5.85137,6.57607,5.90593,-4.59383
92.05126707,5.51681,5.51681,6.28672,5.5872,-4.97614
92.05426682,5.35905,5.35905,6.14875,5.43646,-5.13955
92.0567822,5.22377,5.22377,6.02973,5.30698,-5.27162
92.05888428,5.10865,5.10865,5.92799,5.19667,-5.37848
92.06104225,4.98858,4.98858,5.82142,5.08146,-5.48486
92.0642897,4.80431,4.80431,5.65706,4.90442,-5.63877
92.06744403,4.62132,4.62132,5.49291,4.72834,-5.78132
92.07043435,4.44428,4.44428,5.33329,4.55776,-5.91026
92.07641501,4.08018,4.08018,5.00271,4.20636,-6.15055
92.08567956,3.49129,3.49129,4.46219,3.63662,-6.47752
92.10344656,2.28692,2.28692,3.33828,2.46723,-6.95459
92.12083245,1.0267,1.0267,2.14077,1.23893,-7.23489
92.15458299,-1.56241,-1.56241,-0.385414,-1.30457,-7.27776
92.16470166,-2.36011,-2.36011,-1.1861,-2.09502,-7.16474
92.1687749,-2.6815,-2.6815,-1.51282,-2.41474,-7.10329
92.17025543,-2.79831,-2.79831,-1.63221,-2.53095,-7.07802
92.17203138,-2.93795,-2.93795,-1.77541,-2.66995,-7.04771
92.17432132,-3.11713,-3.11713,-1.96062,-2.84917,-7.00488
92.17499906,-3.17016,-3.17016,-2.01543,-2.90195,-6.9922
92.1766105,-3.29556,-3.29556,-2.14576,-3.02744,-6.96014
92.17864571,-3.45308,-3.45308,-2.3105,-3.18516,-6.91773
92.18018242,-3.5713,-3.5713,-2.43489,-3.30367,-6.8843
92.18293051,-3.78092,-3.78092,-2.65701,-3.51411,-6.82152
92.18842668,-4.19174,-4.19174,-3.09879,-3.92757,-6.68462
92.19941903,-4.96621,-4.96621,-3.9602,-4.71004,-6.36681
92.20606849,-5.39676,-5.39676,-4.45988,-5.14623,-6.14679
92.2091233,-5.58367,-5.58367,-4.68254,-5.33579,-6.03884
92.21205753,-5.75621,-5.75621,-4.89128,-5.51086,-5.93118
92.21444259,-5.89135,-5.89135,-5.05674,-5.64807,-5.84086
92.21689134,-6.02539,-6.02539,-5.22226,-5.78427,-5.74553
92.21879541,-6.12636,-6.12636,-5.34768,-5.88695,-5.66921
92.21977986,-6.17725,-6.17725,-5.41112,-5.93874,-5.62975
92.22033283,-6.20584,-6.20584,-5.44675,-5.96784,-5.60703
92.22160287,-6.27013,-6.27013,-5.52705,-6.03332,-5.55485
92.22355111,-6.36641,-6.36641,-5.6475,-6.13147,-5.47326
92.22588533,-6.47804,-6.47804,-5.78759,-6.24542,-5.37344
92.23001298,-6.66569,-6.66569,-6.02446,-6.4374,-5.19149
92.23826829,-7.0043,-7.0043,-6.45868,-6.78561,-4.8075
92.24856177,-7.35919,-7.35919,-6.92943,-7.15426,-4.29304
92.26104411,-7.6911,-7.6911,-7.39863,-7.50545,-3.61981
92.26283892,-7.72888,-7.72888,-7.45585,-7.54626,-3.51811
92.26642855,-7.79921,-7.79921,-7.56496,-7.62278,-3.3123
92.2736078,-7.91487,-7.91487,-7.75761,-7.75145,-2.88965
92.28796631,-8.04454,-8.04454,-8.03832,-7.90944,-2.00265
92.30207764,-8.04216,-8.04216,-8.17981,-7.93751,-1.08266
92.31895622,-7.87608,-7.87608,-8.17856,-7.81054,0.0693426
92.3313712,-7.64444,-7.64444,-8.06233,-7.60903,0.944627
92.33668323,-7.51769,-7.51769,-7.98333,-7.49545,1.32456
92.33944025,-7.4455,-7.4455,-7.93552,-7.43014,1.52275
92.34051368,-7.4156,-7.4156,-7.91498,-7.40293,1.59991
92.34266053,-7.3558,-7.3558,-7.87391,-7.3485,1.75429
92.34695424,-7.22735,-7.22735,-7.78227,-7.23082,2.06306
92.35554165,-6.94097,-6.94097,-7.5672,-6.96596,2.67529
92.36882264,-6.42411,-6.42411,-7.15424,-6.48192,3.59011
92.38297908,-5.78011,-5.78011,-6.61205,-5.87169,4.4883
92.39076114,-5.38719,-5.38719,-6.27101,-5.49658,4.93624
92.39449346,-5.18934,-5.18934,-6.097,-5.30704,5.13735
92.39748706,-5.02642,-5.02642,-5.95271,-5.15067,5.29154
92.39995058,-4.88962,-4.88962,-5.83088,-5.01916,5.41359
92.40247483,-4.74693,-4.74693,-5.70323,-4.88181,5.53413
92.40606816,-4.53956,-4.53956,-5.51669,-4.6819,5.69802
92.40943685,-4.34071,-4.34071,-5.33677,-4.48993,5.84363
92.41419701,-4.05266,-4.05266,-5.07444,-4.21141,6.03647
92.42371732,-3.45318,-3.45318,-4.52282,-3.63041,6.37801
92.43511113,-2.69799,-2.69799,-3.8185,-2.89636,6.71108
92.45654749,-1.18362,-1.18362,-2.38053,-1.41888,7.12045
92.47604639,0.278894,0.278894,-0.965068,0.0136311,7.25316
92.49067958,1.41515,1.41515,0.151599,1.13072,7.20732
92.4968917,1.90432,1.90432,0.637651,1.61336,7.15094
92.4985748,2.03736,2.03736,0.770449,1.74494,7.13147
92.49954329,2.11392,2.11392,0.84711,1.82066,7.12027
92.50047176,2.18731,2.18731,0.920603,1.89324,7.10838
92.50137868,2.25901,2.25901,0.9926,1.96426,7.09677
92.50228951,2.331,2.331,1.06491,2.03559,7.08418
92.50330161,2.41101,2.41101,1.14548,2.11485,7.07018
92.50443068,2.50008,2.50008,1.23537,2.20328,7.05311
92.50617432,2.63763,2.63763,1.37453,2.33983,7.02674
92.50934192,2.88657,2.88657,1.62804,2.58748,6.97372
92.51180921,3.07954,3.07954,1.82619,2.77983,6.92873
92.51459773,3.29637,3.29637,2.05015,2.99624,6.87403
92.51534654,3.35427,3.35427,2.11038,3.05435,6.85848
92.51621574,3.42147,3.42147,2.18029,3.12143,6.84043
92.51723907,3.50012,3.50012,2.2626,3.20041,6.81819
92.51832635,3.58368,3.58368,2.35005,3.28379,6.79456
92.52002753,3.71353,3.71353,2.48689,3.41424,6.75592
92.52318911,3.95233,3.95233,2.74058,3.65419,6.68021
92.52951225,4.41772,4.41772,3.24394,4.12333,6.5138
92.54215855,5.27836,5.27836,4.21497,4.99494,6.12314
92.54684959,5.56981,5.56981,4.55914,5.29107,5.95904
92.54961245,5.73354,5.73354,4.75658,5.45759,5.85764
92.5522376,5.88339,5.88339,4.93981,5.6101,5.75812
92.5546922,6.01845,6.01845,5.10678,5.74766,5.66231
92.55801672,6.19374,6.19374,5.32545,5.9264,5.52836
92.56011443,6.29989,6.29989,5.45874,6.03478,5.4414
92.56187784,6.38651,6.38651,5.56784,6.12332,5.36685
92.56294642,6.43785,6.43785,5.63264,6.17585,5.32059
92.5649894,6.53364,6.53364,5.75383,6.27394,5.23215
92.56907535,6.71596,6.71596,5.98594,6.46111,5.04926
92.57724726,7.0443,7.0443,6.41108,6.80006,4.66376
92.58802933,7.40481,7.40481,6.89585,7.17651,4.11694
92.6002589,7.71542,7.71542,7.34442,7.50779,3.44784
92.602054,7.75113,7.75113,7.40012,7.54681,3.3448
92.60564422,7.81729,7.81729,7.50615,7.61969,3.13633
92.61282465,7.92443,7.92443,7.69252,7.74089,2.70836
92.62718552,8.03634,8.03634,7.96021,7.88324,1.81088
92.6411826,8.01638,8.01638,8.08783,7.89553,0.888655
92.65858772,7.82029,7.82029,8.06793,7.74227,-0.311148
92.66909163,7.613,7.613,7.96247,7.56193,-1.05745
92.67392667,7.49566,7.49566,7.89076,7.4572,-1.40507
92.67560466,7.45175,7.45175,7.8625,7.4177,-1.52625
92.67719048,7.40879,7.40879,7.83422,7.37891,-1.64078
92.67896092,7.35915,7.35915,7.80087,7.33393,-1.76864
92.68250179,7.25464,7.25464,7.72856,7.23875,-2.02436
92.68958353,7.02516,7.02516,7.56198,7.02796,-2.53307
92.70374701,6.48799,6.48799,7.14418,6.52774,-3.52007
92.71822842,5.83708,5.83708,6.60601,5.91342,-4.45152
92.72676773,5.40755,5.40755,6.23836,5.50463,-4.94906
92.73114818,5.17463,5.17463,6.03581,5.28205,-5.1864
92.73510017,4.9575,4.9575,5.84527,5.07404,-5.38907
92.73814573,4.7858,4.7858,5.69352,4.90922,-5.53775
92.7414167,4.59726,4.59726,5.52589,4.72796,-5.69023
92.74461763,4.40874,4.40874,5.35729,4.54644,-5.83237
92.74856305,4.17106,4.17106,5.14344,4.31725,-5.99817
92.75645388,3.67897,3.67897,4.69654,3.84174,-6.29943
92.76729024,2.96941,2.96941,4.04358,3.15411,-6.64872
92.78606289,1.65995,1.65995,2.81692,1.88037,-7.08184
92.80537306,0.225714,0.225714,1.44715,0.479677,-7.30558
92.82171251,-1.04074,-1.04074,0.217875,-0.761466,-7.32429
92.83031065,-1.72107,-1.72107,-0.450767,-1.43067,-7.27278
92.83483156,-2.0813,-2.0813,-0.807444,-1.78575,-7.22907
92.83701339,-2.25515,-2.25515,-0.980706,-1.95779,-7.20391
92.8389115,-2.40639,-2.40639,-1.13195,-2.10745,-7.17992
92.84007737,-2.49929,-2.49929,-1.22517,-2.19944,-7.16366
92.84184852,-2.64023,-2.64023,-1.36679,-2.33918,-7.13896
92.84509412,-2.8977,-2.8977,-1.62729,-2.59487,-7.08833
92.84755211,-3.09177,-3.09177,-1.82534,-2.78799,-7.04628
92.85030866,-3.3082,-3.3082,-2.04744,-3.00362,-6.99534
92.85107012,-3.36766,-3.36766,-2.10891,-3.06319,-6.9804
92.85193324,-3.43506,-3.43506,-2.17859,-3.13034,-6.96346
92.85296595,-3.51522,-3.51522,-2.26195,-3.2107,-6.94219
92.85407542,-3.60135,-3.60135,-2.35151,-3.29647,-6.91934
92.8558278,-3.73644,-3.73644,-2.49298,-3.43194,-6.88149
92.8591265,-3.98801,-3.98801,-2.75868,-3.68428,-6.80602
92.86572389,-4.47771,-4.47771,-3.28568,-4.17705,-6.63878
92.87891868,-5.37875,-5.37875,-4.29947,-5.08774,-6.24152
92.88137461,-5.53377,-5.53377,-4.48131,-5.24499,-6.15784
92.88196498,-5.57016,-5.57016,-4.52447,-5.28192,-6.13772
92.88285817,-5.62523,-5.62523,-4.58976,-5.33778,-6.10634
92.88398487,-5.69344,-5.69344,-4.67107,-5.40699,-6.06675
92.88462358,-5.73128,-5.73128,-4.71716,-5.44539,-6.04374
92.885901,-5.80696,-5.80696,-4.80814,-5.52219,-5.99772
92.88845583,-5.95358,-5.95358,-4.98677,-5.67104,-5.90315
92.89332202,-6.21841,-6.21841,-5.31333,-5.94022,-5.7151
92.89502247,-6.30656,-6.30656,-5.42297,-6.02995,-5.64658
92.89611595,-6.36163,-6.36163,-5.4917,-6.08606,-5.60251
92.89716372,-6.4144,-6.4144,-5.55756,-6.13982,-5.55912
92.89858078,-6.48387,-6.48387,-5.64446,-6.21068,-5.50043
92.90011189,-6.55725,-6.55725,-5.73645,-6.2856,-5.43574
92.9031741,-6.69883,-6.69883,-5.91464,-6.43039,-5.30346
92.90929853,-6.9616,-6.9616,-6.24884,-6.70012,-5.02763
92.91923943,-7.33124,-7.33124,-6.73131,-7.08265,-4.54926
92.93020862,-7.65874,-7.65874,-7.18062,-7.42666,-3.97992
92.93196556,-7.70231,-7.70231,-7.24345,-7.47313,-3.88421
92.93547945,-7.78439,-7.78439,-7.36397,-7.56114,-3.69038
92.94250721,-7.92426,-7.92426,-7.58036,-7.71355,-3.29148
92.95656275,-8.10512,-8.10512,-7.91223,-7.922,-2.45089
92.97126524,-8.15539,-8.15539,-8.11682,-8.00437,-1.51683
92.987364,-8.05247,-8.05247,-8.17741,-7.93971,-0.439776
93.00204703,-7.82005,-7.82005,-8.08802,-7.74435,0.582189
93.0096693,-7.64881,-7.64881,-7.98845,-7.59297,1.1243
93.01434917,-7.52702,-7.52702,-7.90971,-7.48353,1.45974
93.01730256,-7.44376,-7.44376,-7.85322,-7.40811,1.67214
93.01946028,-7.37987,-7.37987,-7.80869,-7.34997,1.82732
93.02377571,-7.24449,-7.24449,-7.71148,-7.22609,2.13729
93.03240656,-6.94411,-6.94411,-7.48522,-6.9487,2.75138
93.04513377,-6.43228,-6.43228,-7.07701,-6.47038,3.62559
93.06334444,-5.56767,-5.56767,-6.34807,-5.65175,4.75043
93.07044942,-5.19003,-5.19003,-6.01922,-5.29122,5.13839
93.07497711,-4.93823,-4.93823,-5.79725,-5.05001,5.36828
93.07844733,-4.73962,-4.73962,-5.62084,-4.85935,5.53487
93.08210294,-4.52534,-4.52534,-5.42928,-4.65328,5.70131
93.08551361,-4.32088,-4.32088,-5.24542,-4.45635,5.84836
93.08979063,-4.0585,-4.0585,-5.00803,-4.20326,6.02178
93.09834468,-3.51489,-3.51489,-4.51157,-3.67775,6.33287
93.10927727,-2.78629,-2.78629,-3.83764,-2.97143,6.66263
93.12953167,-1.35127,-1.35127,-2.4869,-1.57507,7.07782
93.14891196,0.10542,0.10542,-1.08958,-0.151942,7.24344
93.16401618,1.28279,1.28279,0.0572313,1.00237,7.22009
93.17093541,1.83065,1.83065,0.596896,1.54142,7.16575
93.17515621,2.16619,2.16619,0.929762,1.87235,7.11943
93.17716641,2.32599,2.32599,1.08917,2.03039,7.09389
93.17919926,2.48759,2.48759,1.25086,2.19021,7.06582
93.18092967,2.62466,2.62466,1.38883,2.32625,7.04016
93.18389258,2.85936,2.85936,1.62569,2.55887,6.99251
93.18635192,3.05308,3.05308,1.82298,2.75145,6.9494
93.18915973,3.27302,3.27302,2.04822,2.97037,6.89627
93.18989151,3.33002,3.33002,2.10702,3.02742,6.88158
93.19076972,3.39843,3.39843,2.17758,3.09553,6.86394
93.1917738,3.4762,3.4762,2.25826,3.1734,6.84282
93.19283138,3.55812,3.55812,2.34323,3.25492,6.82058
93.19444112,3.682,3.682,2.47258,3.37901,6.78519
93.19736992,3.90529,3.90529,2.70743,3.6027,6.71741
93.20322752,4.3418,4.3418,3.17397,4.04128,6.56889
93.21494273,5.15786,5.15786,4.0792,4.8649,6.22171
93.22046217,5.51065,5.51065,4.48777,5.22217,6.03549
93.22327613,5.68164,5.68164,4.69042,5.39552,5.93509
93.2259725,5.83946,5.83946,4.8802,5.55561,5.83551
93.22813217,5.96157,5.96157,5.02871,5.67954,5.7534
93.23049724,6.09097,6.09097,5.18741,5.81095,5.66112
93.2323562,6.18954,6.18954,5.30906,5.91114,5.58642
93.23348667,6.24789,6.24789,5.38136,5.97049,5.54099
93.2340832,6.27868,6.27868,5.41951,6.00181,5.51644
93.23501858,6.32573,6.32573,5.47825,6.04971,5.47794
93.23576516,6.36328,6.36328,5.52432,6.08794,5.44672
93.23654452,6.40134,6.40134,5.57242,6.12673,5.41414
93.2379067,6.46787,6.46787,5.65479,6.19454,5.35636
93.24063105,6.59596,6.59596,5.81482,6.3253,5.23849
93.24542351,6.80799,6.80799,6.08174,6.54236,5.0238
93.25500843,7.1822,7.1822,6.56258,6.92797,4.56746
93.26478611,7.49661,7.49661,6.98312,7.25589,4.06674
93.2788373,7.83171,7.83171,7.46796,7.61361,3.29002
93.29301405,8.03297,8.03297,7.8175,7.84128,2.4446
93.31498036,8.0826,8.0826,8.09004,7.93774,1.03234
93.33836061,7.80172,7.80172,8.03403,7.71258,-0.576294
93.34830177,7.58155,7.58155,7.90494,7.51751,-1.2848
93.35828944,7.30292,7.30292,7.71455,7.26457,-2.00169
93.36098604,7.218,7.218,7.65287,7.18665,-2.19525
93.36365004,7.13018,7.13018,7.58775,7.10576,-2.38619
93.36897803,6.94317,6.94317,7.44531,6.93259,-2.76537
93.37963402,6.52527,6.52527,7.11313,6.54219,-3.50401
93.39521615,5.81505,5.81505,6.51957,5.87103,-4.50081
93.40263263,5.43742,5.43742,6.19372,5.51133,-4.92986
93.40640523,5.23594,5.23594,6.01762,5.31876,-5.13468
93.4096118,5.05991,5.05991,5.86264,5.15017,-5.30093
93.4121901,4.91528,4.91528,5.73458,5.01143,-5.4293
93.41486397,4.76245,4.76245,5.59861,4.86462,-5.55745
93.41772823,4.5956,4.5956,5.44943,4.70413,-5.68923
93.42077654,4.41454,4.41454,5.28674,4.52975,-5.82337
93.42687315,4.04208,4.04208,4.94965,4.1704,-6.07325
93.43906638,3.25864,3.25864,4.23134,3.41234,-6.50157
93.45307303,2.30155,2.30155,3.33965,2.48302,-6.87883
93.46963771,1.10238,1.10238,2.20451,1.31475,-7.17035
93.50276707,-1.43952,-1.43952,-0.260712,-1.17704,-7.2732
93.51272552,-2.22751,-2.22751,-1.0447,-1.95531,-7.18173
93.5165169,-2.52846,-2.52846,-1.3474,-2.2536,-7.13239
93.51794087,-2.64149,-2.64149,-1.46169,-2.36564,-7.11132
93.51927144,-2.74677,-2.74677,-1.56848,-2.47032,-7.09162
93.52135581,-2.91169,-2.91169,-1.73639,-2.63389,-7.05808
93.5234592,-3.07713,-3.07713,-1.90583,-2.79896,-7.02136
93.52444849,-3.15495,-3.15495,-1.98573,-2.87621,-7.00409
93.52606061,-3.28092,-3.28092,-2.11593,-3.0021,-6.97396
93.52691964,-3.34804,-3.34804,-2.1853,-3.06887,-6.95713
93.52792441,-3.42602,-3.42602,-2.26645,-3.14696,-6.93744
93.52907675,-3.51544,-3.51544,-2.35952,-3.23595,-6.91341
93.53096953,-3.66129,-3.66129,-2.51239,-3.3821,-6.87393
93.53460385,-3.9381,-3.9381,-2.80517,-3.65951,-6.79194
93.54187249,-4.4752,-4.4752,-3.38484,-4.19947,-6.60821
93.55423764,-5.31638,-5.31638,-4.33241,-5.04803,-6.23725
93.55664346,-5.46833,-5.46833,-4.51024,-5.20172,-6.15604
93.55723133,-5.50461,-5.50461,-4.55314,-5.23841,-6.1362
93.55813597,-5.56044,-5.56044,-4.61915,-5.29487,-6.1047
93.55926037,-5.62859,-5.62859,-4.70015,-5.36379,-6.06556
93.5598658,-5.66453,-5.66453,-4.74375,-5.40014,-6.04396
93.56107665,-5.73641,-5.73641,-4.82986,-5.47284,-6.00076
93.56261934,-5.82582,-5.82582,-4.93814,-5.5633,-5.94455
93.56570473,-5.99884,-5.99884,-5.14953,-5.73845,-5.82899
93.56778782,-6.11137,-6.11137,-5.28811,-5.85247,-5.74861
93.5700159,-6.22798,-6.22798,-5.4324,-5.97073,-5.66028
93.57059616,-6.2576,-6.2576,-5.46914,-6.00079,-5.63728
93.57116641,-6.28671,-6.28671,-5.50524,-6.03033,-5.61414
93.57212954,-6.33476,-6.33476,-5.56495,-6.07914,-5.57506
93.57304686,-6.38054,-6.38054,-5.62182,-6.12563,-5.53702
93.57488149,-6.46953,-6.46953,-5.73265,-6.21614,-5.46093
93.57855076,-6.6401,-6.6401,-5.94601,-6.3899,-5.30387
93.58588931,-6.95205,-6.95205,-6.34109,-6.70902,-4.97358
93.59786042,-7.37908,-7.37908,-6.89957,-7.15004,-4.39087
93.60880197,-7.68205,-7.68205,-7.31985,-7.46827,-3.81356
93.62423085,-7.97048,-7.97048,-7.7704,-7.78195,-2.9341
93.64248097,-8.10734,-8.10734,-8.0937,-7.95366,-1.80774
93.65866177,-8.04916,-8.04916,-8.19489,-7.93021,-0.742858
93.67910422,-7.74627,-7.74627,-8.08303,-7.67486,0.669462
93.68747865,-7.55046,-7.55046,-7.96174,-7.49945,1.26438
93.6956744,-7.32027,-7.32027,-7.8021,-7.28954,1.85025
93.69791848,-7.2507,-7.2507,-7.75141,-7.22556,2.01082
93.70012528,-7.17962,-7.17962,-7.69871,-7.15999,2.16873
93.70453886,-7.02967,-7.02967,-7.58494,-7.02106,2.48308
93.71336603,-6.69962,-6.69962,-7.32483,-6.71297,3.10182
93.73102037,-5.92625,-5.92625,-6.68111,-5.98239,4.25777
93.74287241,-5.32721,-5.32721,-6.16115,-5.41073,4.94369
93.74839749,-5.02709,-5.02709,-5.89565,-5.12289,5.2338
93.75350633,-4.73847,-4.73847,-5.63772,-4.84531,5.48352
93.75791152,-4.4814,-4.4814,-5.40608,-4.59752,5.68439
93.76179279,-4.24885,-4.24885,-5.19514,-4.37298,5.85043
93.76594672,-3.99391,-3.99391,-4.96248,-4.12647,6.017
93.77425457,-3.46635,-3.46635,-4.47683,-3.61536,6.31653
93.78408287,-2.81392,-2.81392,-3.86935,-2.98174,6.61419
93.80373947,-1.43038,-1.43038,-2.56038,-1.63366,7.02998
93.82304338,0.0113712,0.0113712,-1.17143,-0.223698,7.21138
93.83846141,1.20725,1.20725,-0.00209509,0.949586,7.19946
93.84584164,1.78942,1.78942,0.573537,1.52269,7.14555
93.85030727,2.14333,2.14333,0.925989,1.87188,7.09809
93.85237779,2.30742,2.30742,1.09035,2.03426,7.07234
93.85441746,2.46907,2.46907,1.25277,2.19422,7.04467
93.8562035,2.61041,2.61041,1.39534,2.33429,7.0186
93.8592806,2.85317,2.85317,1.64164,2.57526,6.96968
93.86170931,3.04392,3.04392,1.8367,2.76495,6.9275
93.86443588,3.2569,3.2569,2.05568,2.97696,6.87644
93.86520026,3.31629,3.31629,2.11716,3.0364,6.86125
93.86606836,3.38373,3.38373,2.18698,3.10354,6.844
93.86709404,3.46296,3.46296,2.26948,3.18287,6.82262
93.86818091,3.54692,3.54692,2.3569,3.26641,6.79997
93.86988373,3.67757,3.67757,2.49387,3.39729,6.7628
93.87304498,3.91769,3.91769,2.74754,3.63782,6.68987
93.87936749,4.38596,4.38596,3.25087,4.10827,6.52896
93.89201252,5.25349,5.25349,4.22197,4.98325,6.14901
93.89673478,5.54972,5.54972,4.56849,5.28278,5.98765
93.89953289,5.71717,5.71717,4.76843,5.45222,5.88716
93.90214816,5.86795,5.86795,4.95094,5.60486,5.79004
93.90478858,6.01453,6.01453,5.13034,5.75336,5.6889
93.90777866,6.17379,6.17379,5.32695,5.91486,5.57068
93.90998034,6.28656,6.28656,5.467,6.02934,5.48115
93.9117054,6.37231,6.37231,5.57381,6.11647,5.40956
93.91274331,6.42281,6.42281,5.63682,6.16783,5.36545
93.91472077,6.51679,6.51679,5.75435,6.26349,5.28142
93.91867568,6.69604,6.69604,5.97974,6.44632,5.10767
93.92658551,7.02041,7.02041,6.3938,6.77875,4.74149
93.93759703,7.39763,7.39763,6.8924,7.16924,4.19237
93.94948044,7.70937,7.70937,7.33236,7.49793,3.55181
93.95129495,7.74716,7.74716,7.38947,7.53857,3.44915
93.95492398,7.81732,7.81732,7.49819,7.61459,3.24134
93.96218205,7.93184,7.93184,7.68936,7.74148,2.81425
93.97669817,8.05593,8.05593,7.96424,7.89283,1.91678
93.99111796,8.04313,8.04313,8.09709,7.91002,0.974383
94.00810831,7.86013,7.86013,8.07903,7.76532,-0.189357
94.02020642,7.623,7.623,7.95421,7.55694,-1.045
94.02533845,7.49625,7.49625,7.87368,7.44267,-1.41294
94.02716272,7.44751,7.44751,7.84116,7.3984,-1.54433
94.02889316,7.39952,7.39952,7.80845,7.35467,-1.66896
94.03079442,7.34486,7.34486,7.77045,7.30469,-1.8059
94.03459693,7.22955,7.22955,7.68804,7.19877,-2.07977
94.04220194,6.97547,6.97547,7.49808,6.9635,-2.62372
94.0569503,6.39783,6.39783,7.03803,6.42199,-3.64189
94.06856264,5.86813,5.86813,6.59431,5.91998,-4.38683
94.07830114,5.37604,5.37604,6.16963,5.45029,-4.95501
94.08257863,5.14662,5.14662,5.96844,5.23041,-5.1856
94.08650372,4.92931,4.92931,5.77626,5.02167,-5.386
94.08955173,4.75621,4.75621,5.62216,4.85509,-5.53413
94.09287003,4.56357,4.56357,5.44969,4.66944,-5.68806
94.09650808,4.34749,4.34749,5.2551,4.4609,-5.84821
94.1007344,4.09027,4.09027,5.02202,4.2123,-6.02322
94.10918704,3.55691,3.55691,4.53421,3.69577,-6.33858
94.11995092,2.84385,2.84385,3.87382,3.00341,-6.67475
94.14013102,1.41968,1.41968,2.53188,1.61582,-7.1127
94.15938826,-0.0259102,-0.0259102,1.14413,0.202205,-7.30273
94.17468524,-1.21961,-1.21961,-0.0191415,-0.968804,-7.29962
94.1819334,-1.79515,-1.79515,-0.5863,-1.53527,-7.25154
94.18629639,-2.14337,-2.14337,-0.931831,-1.87868,-7.20844
94.18830694,-2.30384,-2.30384,-1.092,-2.03744,-7.18504
94.19036626,-2.46819,-2.46819,-1.25658,-2.20004,-7.15879
94.19224312,-2.61782,-2.61782,-1.40698,-2.34824,-7.13288
94.19553408,-2.87935,-2.87935,-1.67148,-2.60773,-7.08289
94.19787914,-3.06489,-3.06489,-1.86066,-2.7918,-7.04376
94.20052518,-3.27317,-3.27317,-2.07411,-2.9995,-6.99613
94.20217967,-3.40272,-3.40272,-2.20781,-3.12865,-6.96449
94.20449109,-3.58261,-3.58261,-2.3946,-3.30822,-6.91792
94.20653113,-3.74017,-3.74017,-2.55934,-3.46571,-6.87453
94.21061122,-4.05112,-4.05112,-2.88787,-3.77712,-6.78141
94.2187714,-4.65102,-4.65102,-3.53641,-4.37988,-6.57036
94.22515469,-5.09475,-5.09475,-4.03116,-4.82711,-6.3827
94.22675051,-5.20103,-5.20103,-4.15236,-4.93443,-6.33212
94.22994216,-5.40834,-5.40834,-4.39151,-5.14435,-6.22779
94.2303943,-5.43771,-5.43771,-4.42539,-5.17334,-6.21301
94.23129859,-5.49466,-5.49466,-4.49194,-5.23133,-6.18229
94.23220154,-5.55152,-5.55152,-4.5584,-5.28822,-6.15162
94.23250704,-5.57036,-5.57036,-4.58088,-5.30746,-6.14124
94.23281539,-5.58937,-5.58937,-4.60331,-5.32689,-6.13077
94.2335859,-5.63689,-5.63689,-4.65934,-5.37449,-6.10386
94.2341426,-5.67062,-5.67062,-4.69947,-5.40888,-6.08442
94.23467105,-5.70264,-5.70264,-4.73756,-5.44086,-6.06597
94.23572797,-5.76573,-5.76573,-4.81256,-5.50482,-6.02804
94.23705736,-5.84373,-5.84373,-4.90691,-5.58364,-5.98035
94.23971614,-5.99538,-5.99538,-5.09094,-5.73693,-5.88196
94.24281558,-6.16446,-6.16446,-5.29865,-5.908,-5.76306
94.24321127,-6.18605,-6.18605,-5.32439,-5.92984,-5.74788
94.24443749,-6.25032,-6.25032,-5.40418,-5.99494,-5.69931
94.24510398,-6.28525,-6.28525,-5.44684,-6.03032,-5.67291
94.24542583,-6.3017,-6.3017,-5.46744,-6.04699,-5.66016
94.24673657,-6.36866,-6.36866,-5.55002,-6.11488,-5.60704
94.24758052,-6.41046,-6.41046,-5.6024,-6.1573,-5.57284
94.24926076,-6.49367,-6.49367,-5.70487,-6.24175,-5.50338
94.25208091,-6.62773,-6.62773,-5.87156,-6.37803,-5.38417
94.25772123,-6.87842,-6.87842,-6.18588,-6.63361,-5.13603
94.26752645,-7.25994,-7.25994,-6.67483,-7.02519,-4.67515
94.27808854,-7.59511,-7.59511,-7.123,-7.37338,-4.139
94.29170259,-7.91329,-7.91329,-7.58424,-7.71154,-3.39213
94.30781261,-8.12771,-8.12771,-7.96453,-7.95385,-2.43585
94.32631539,-8.16358,-8.16358,-8.18539,-8.02667,-1.2548
94.34369223,-8.00009,-8.00009,-8.18866,-7.9017,-0.0796592
94.35726619,-7.74488,-7.74488,-8.058,-7.67853,0.872526
94.36313432,-7.60089,-7.60089,-7.96612,-7.5488,1.29115
94.36572372,-7.53101,-7.53101,-7.91888,-7.48528,1.47695
94.36663068,-7.50518,-7.50518,-7.90089,-7.46168,1.54203
94.36844461,-7.45352,-7.45352,-7.86492,-7.41449,1.67233
94.37207247,-7.34386,-7.34386,-7.78622,-7.31381,1.93295
94.37932819,-7.1033,-7.1033,-7.60606,-7.09124,2.4516
94.39104864,-6.65718,-6.65718,-7.25308,-6.67405,3.27034
94.40346696,-6.11087,-6.11087,-6.79917,-6.15781,4.09029
94.41358274,-5.61295,-5.61295,-6.37151,-5.6836,4.70406
94.41884429,-5.33597,-5.33597,-6.12926,-5.4186,4.99932
94.42147184,-5.19321,-5.19321,-6.00335,-5.2817,5.13978
94.42396989,-5.05482,-5.05482,-5.88069,-5.14882,5.26868
94.42608377,-4.93574,-4.93574,-5.77469,-5.03433,5.37419
94.42836901,-4.80501,-4.80501,-5.65786,-4.90851,5.48461
94.432537,-4.56137,-4.56137,-5.43892,-4.67366,5.67653
94.43553577,-4.38202,-4.38202,-5.27681,-4.50052,5.80721
94.43933347,-4.15015,-4.15015,-5.06615,-4.2764,5.96403
94.44692887,-3.67133,-3.67133,-4.62758,-3.81273,6.24939
94.45711076,-3.00004,-3.00004,-4.00566,-3.1611,6.57402
94.4766793,-1.62852,-1.62852,-2.71392,-1.82522,7.0167
94.49573814,-0.208272,-0.208272,-1.35181,-0.436808,7.22445
94.51290478,1.12409,1.12409,-0.0541205,0.869937,7.22873
94.52116054,1.77737,1.77737,0.590018,1.51302,7.17046
94.52608229,2.16883,2.16883,0.979116,1.89935,7.11751
94.52832996,2.3476,2.3476,1.15793,2.07632,7.08885
94.53045408,2.51655,2.51655,1.32746,2.24355,7.05923
94.53283578,2.70556,2.70556,1.51806,2.43077,7.02312
94.53569258,2.93143,2.93143,1.74729,2.65534,6.9758
94.53758825,3.08045,3.08045,1.89982,2.80359,6.94201
94.53911859,3.20075,3.20075,2.02295,2.92327,6.9131
94.53972319,3.24795,3.24795,2.0716,2.97056,6.90168
94.54055595,3.31296,3.31296,2.13861,3.03535,6.8851
94.54144195,3.38213,3.38213,2.20995,3.10429,6.86747
94.54363286,3.55202,3.55202,2.38635,3.27397,6.82164
94.54554399,3.69914,3.69914,2.54022,3.4211,6.77963
94.54925913,3.98171,3.98171,2.83841,3.70421,6.69265
94.55668941,4.52931,4.52931,3.42819,4.25464,6.49796
94.56809387,5.30604,5.30604,4.29938,5.03818,6.1472
94.57257147,5.58633,5.58633,4.62664,5.32149,5.99265
94.57519712,5.74345,5.74345,4.81361,5.48041,5.89771
94.57769837,5.8879,5.8879,4.98767,5.62659,5.80437
94.57998483,6.01549,6.01549,5.14292,5.75578,5.7166
94.58366931,6.21232,6.21232,5.38435,5.95528,5.57037
94.58507437,6.28455,6.28455,5.47346,6.02858,5.51267
94.58633999,6.3477,6.3477,5.55227,6.09271,5.4607
94.58761504,6.41131,6.41131,5.63027,6.15732,5.40694
94.58882357,6.46988,6.46988,5.70291,6.21688,5.356
94.59124063,6.58374,6.58374,5.84451,6.33279,5.25162
94.59607475,6.79853,6.79853,6.11355,6.55199,5.03573
94.605743,7.17737,7.17737,6.59775,6.94105,4.57647
94.61578351,7.50042,7.50042,7.02747,7.27668,4.06271
94.6299791,7.83724,7.83724,7.51222,7.63455,3.27763
94.64447542,8.03907,8.03907,7.86207,7.86155,2.4119
94.66578835,8.08373,8.08373,8.11762,7.94887,1.04071
94.68756463,7.83322,7.83322,8.07162,7.74724,-0.455218
94.69933298,7.578,7.578,7.92143,7.5201,-1.29218
94.70778845,7.34495,7.34495,7.76107,7.30767,-1.89897
94.71051697,7.26106,7.26106,7.70013,7.2305,-2.09495
94.71299093,7.18144,7.18144,7.64107,7.15698,-2.27265
94.71793885,7.0123,7.0123,7.51237,7.00005,-2.62583
94.72783469,6.63577,6.63577,7.21382,6.64785,-3.31748
94.74762636,5.74026,5.74026,6.46184,5.79941,-4.58086
94.75535423,5.34125,5.34125,6.11423,5.41798,-5.01753
94.76001268,5.08803,5.08803,5.8907,5.17507,-5.2623
94.76423347,4.85077,4.85077,5.67946,4.94692,-5.47119
94.76847252,4.60527,4.60527,5.45925,4.71039,-5.66861
94.77193195,4.39974,4.39974,5.27372,4.51204,-5.82067
94.77571696,4.1697,4.1697,5.0649,4.28974,-5.97795
94.78328698,3.69426,3.69426,4.62977,3.82944,-6.26468
94.79302927,3.05421,3.05421,4.03738,3.20828,-6.58024
94.81251385,1.69183,1.69183,2.75574,1.88166,-7.03561
94.83104058,0.311919,0.311919,1.43409,0.533094,-7.25641
94.84768856,-0.981673,-0.981673,0.176582,-0.735006,-7.28357
94.85673341,-1.6997,-1.6997,-0.529836,-1.44132,-7.23194
94.86122232,-2.05867,-2.05867,-0.885574,-1.79516,-7.1893
94.86339771,-2.23263,-2.23263,-1.05906,-1.96734,-7.16462
94.86529857,-2.38476,-2.38476,-1.21116,-2.11779,-7.14095
94.86647394,-2.47882,-2.47882,-1.30552,-2.21082,-7.12476
94.86829189,-2.62407,-2.62407,-1.45147,-2.35471,-7.09972
94.87165358,-2.89181,-2.89181,-1.72234,-2.62042,-7.04773
94.87387124,-3.06765,-3.06765,-1.90164,-2.79493,-7.01015
94.8763809,-3.26567,-3.26567,-2.10454,-2.99242,-6.96452
94.87811637,-3.4019,-3.4019,-2.24506,-3.12826,-6.93104
94.88065977,-3.60026,-3.60026,-2.45099,-3.32631,-6.87916
94.8831933,-3.79602,-3.79602,-2.65586,-3.52209,-6.8242
94.88826034,-4.18076,-4.18076,-3.0637,-3.90774,-6.70457
94.89839444,-4.91246,-4.91246,-3.86224,-4.64385,-6.42754
94.90542978,-5.38301,-5.38301,-4.39585,-5.11854,-6.20634
94.90866557,-5.58748,-5.58748,-4.63395,-5.325,-6.09683
94.91045553,-5.69704,-5.69704,-4.76329,-5.43566,-6.03418
94.91213981,-5.79771,-5.79771,-4.88321,-5.53736,-5.9739
94.91402243,-5.90745,-5.90745,-5.01502,-5.64826,-5.90502
94.91653747,-6.04955,-6.04955,-5.18709,-5.79193,-5.81057
94.91849113,-6.15642,-6.15642,-5.31738,-5.90007,-5.73529
94.92085661,-6.28181,-6.28181,-5.4709,-6.02705,-5.64193
94.92224285,-6.35328,-6.35328,-5.55863,-6.09949,-5.58585
94.9231145,-6.39708,-6.39708,-5.61249,-6.14392,-5.55059
94.92429324,-6.45631,-6.45631,-5.68533,-6.20401,-5.50205
94.92665072,-6.57088,-6.57088,-5.82661,-6.32039,-5.40323
94.93108143,-6.77511,-6.77511,-6.07993,-6.52831,-5.21135
94.93994285,-7.14101,-7.14101,-6.54112,-6.90277,-4.80434
94.95023486,-7.49599,-7.49599,-7.00389,-7.26972,-4.29463
94.96331696,-7.84068,-7.84068,-7.48292,-7.63263,-3.5936
94.97758146,-8.08316,-8.08316,-7.86921,-7.8986,-2.76777
94.99688369,-8.19602,-8.19602,-8.1716,-8.04849,-1.56272
95.01920283,-8.03072,-8.03072,-8.21567,-7.93193,-0.0686767
95.03342822,-7.76643,-7.76643,-8.07808,-7.70123,0.926959
95.0397115,-7.61153,-7.61153,-7.97725,-7.56163,1.37443
95.04173759,-7.55669,-7.55669,-7.93958,-7.51178,1.51955
95.04444277,-7.47985,-7.47985,-7.88545,-7.44163,1.71331
95.04710672,-7.40022,-7.40022,-7.82793,-7.36861,1.90422
95.05243464,-7.2294,-7.2294,-7.70054,-7.21104,2.28494
95.06309046,-6.84302,-6.84302,-7.39774,-6.85113,3.03424
95.07618638,-6.29039,-6.29039,-6.94154,-6.33056,3.91122
95.08879467,-5.68217,-5.68217,-6.41926,-5.75219,4.6814
95.09481689,-5.36645,-5.36645,-6.14212,-5.45024,5.01672
95.09785361,-5.20131,-5.20131,-5.99581,-5.2919,5.17666
95.10077765,-5.03867,-5.03867,-5.85091,-5.13572,5.32443
95.10363129,-4.87662,-4.87662,-5.70579,-4.97986,5.46272
95.10674653,-4.69606,-4.69606,-5.54327,-4.80595,5.6071
95.10958419,-4.52835,-4.52835,-5.39159,-4.64419,5.73277
95.11268893,-4.34139,-4.34139,-5.22173,-4.46367,5.86402
95.11889841,-3.95708,-3.95708,-4.87023,-4.09198,6.10744
95.12876184,-3.31988,-3.31988,-4.28123,-3.47423,6.44305
95.14528582,-2.18714,-2.18714,-3.2183,-2.37247,6.86849
95.16355956,-0.854278,-0.854278,-1.94634,-1.07145,7.14434
95.19399059,1.48589,1.48589,0.338494,1.22691,7.17051
95.20353326,2.23868,2.23868,1.09085,1.97151,7.0698
95.20721614,2.52982,2.52982,1.38488,2.26047,7.01735
95.20859132,2.63853,2.63853,1.4952,2.36837,6.99539
95.20987686,2.73981,2.73981,1.59832,2.46924,6.97485
95.21187897,2.89753,2.89753,1.75948,2.62585,6.94038
95.21412389,3.07334,3.07334,1.94019,2.80146,6.89874
95.21491921,3.13562,3.13562,2.00421,2.86336,6.88398
95.21653092,3.261,3.261,2.13419,2.98881,6.85212
95.21741974,3.33014,3.33014,2.20588,3.05768,6.83373
95.21842971,3.40816,3.40816,2.28733,3.13593,6.81284
95.21963234,3.50105,3.50105,2.38432,3.22846,6.78638
95.22163437,3.65453,3.65453,2.54565,3.3825,6.74234
95.22558636,3.95363,3.95363,2.86316,3.68271,6.64819
95.23349035,4.53162,4.53162,3.49027,4.26481,6.4366
95.23546634,4.67051,4.67051,3.64456,4.40515,6.37793
95.23941833,4.94241,4.94241,3.94987,4.68015,6.25612
95.24627149,5.38836,5.38836,4.46369,5.13172,6.02832
95.24885878,5.5475,5.5475,4.65173,5.29298,5.93681
95.25075622,5.66076,5.66076,4.78722,5.40778,5.86779
95.25249764,5.76208,5.76208,4.90956,5.51049,5.80301
95.25418041,5.8576,5.8576,5.0258,5.60737,5.73914
95.25754594,6.04177,6.04177,5.25186,5.7943,5.60767
95.25958104,6.14877,6.14877,5.38413,5.90301,5.52532
95.26064304,6.20299,6.20299,5.45139,5.95814,5.48234
95.26145819,6.2446,6.2446,5.50302,6.00046,5.44854
95.26225089,6.28394,6.28394,5.55196,6.04051,5.41566
95.26327912,6.33498,6.33498,5.61543,6.09246,5.37216
95.26458778,6.39838,6.39838,5.69444,6.15706,5.3168
95.2672051,6.52135,6.52135,5.84816,6.28252,5.20339
95.27243974,6.75221,6.75221,6.13901,6.5187,4.96822
95.28290901,7.15477,7.15477,6.65781,6.93348,4.466
95.29292971,7.46746,7.46746,7.07875,7.2598,3.94752
95.30786826,7.80446,7.80446,7.5736,7.62048,3.11212
95.32225243,7.98576,7.98576,7.9032,7.82807,2.24413
95.34595979,7.98958,7.98958,8.14177,7.88126,0.702232
95.36891849,7.66031,7.66031,8.02512,7.60493,-0.889197
95.37739667,7.45854,7.45854,7.89773,7.42366,-1.49423
95.38035944,7.37809,7.37809,7.84271,7.35047,-1.70715
95.38252673,7.31609,7.31609,7.7991,7.2938,-1.8629
95.38481755,7.2477,7.2477,7.74996,7.23105,-2.02753
95.3893992,7.10233,7.10233,7.64246,7.09697,-2.35582
95.39856248,6.77815,6.77815,7.39147,6.79533,-3.00325
95.41688906,6.00423,6.00423,6.75299,6.06535,-4.21555
95.42918623,5.39649,5.39649,6.2276,5.48569,-4.93489
95.43494546,5.08863,5.08863,5.95588,5.19046,-5.24029
95.44025494,4.79244,4.79244,5.6916,4.90559,-5.50205
95.44481123,4.52924,4.52924,5.45467,4.65184,-5.71136
95.44876061,4.29459,4.29459,5.24195,4.42522,-5.88149
95.45301028,4.03561,4.03561,5.0057,4.17472,-6.05307
95.46150962,3.49863,3.49863,4.51139,3.65428,-6.36141
95.47163325,2.82825,2.82825,3.88694,3.00291,-6.6693
95.4918805,1.40182,1.40182,2.53609,1.61217,-7.09638
95.51183795,-0.0948389,-0.0948389,1.0921,0.147423,-7.27759
95.52718648,-1.29171,-1.29171,-0.0803265,-1.02793,-7.25977
95.53412907,-1.84224,-1.84224,-0.625651,-1.57045,-7.20778
95.5375896,-2.11799,-2.11799,-0.900436,-1.84282,-7.17183
95.5388173,-2.21581,-2.21581,-0.998408,-1.93945,-7.15727
95.53949942,-2.27017,-2.27017,-1.05284,-1.99327,-7.14917
95.54146324,-2.42665,-2.42665,-1.21003,-2.14822,-7.12381
95.54285855,-2.53763,-2.53763,-1.32198,-2.25831,-7.10452
95.54511336,-2.71696,-2.71696,-1.50332,-2.43622,-7.07116
95.54796777,-2.94306,-2.94306,-1.73351,-2.66074,-7.02507
95.54986649,-3.09255,-3.09255,-1.88708,-2.8101,-6.99202
95.55172931,-3.23922,-3.23922,-2.03775,-2.95583,-6.95749
95.55229481,-3.28342,-3.28342,-2.08348,-3.00008,-6.94701
95.55312586,-3.34839,-3.34839,-2.1508,-3.06509,-6.93071
95.55400535,-3.41714,-3.41714,-2.22203,-3.13354,-6.91347
95.5550571,-3.49878,-3.49878,-2.30722,-3.21539,-6.89174
95.5563603,-3.59995,-3.59995,-2.41277,-3.31639,-6.86482
95.55855185,-3.76867,-3.76867,-2.59012,-3.48534,-6.817
95.56293495,-4.10119,-4.10119,-2.9436,-3.81901,-6.7141
95.57170116,-4.73982,-4.73982,-3.6398,-4.46219,-6.47991
95.57841211,-5.19881,-5.19881,-4.15743,-4.92602,-6.27566
95.58402631,-5.55815,-5.55815,-4.57573,-5.28971,-6.08859
95.5864365,-5.70496,-5.70496,-4.75042,-5.43839,-6.00383
95.58867849,-5.83727,-5.83727,-4.90978,-5.57245,-5.92264
95.59121003,-5.98173,-5.98173,-5.08561,-5.7189,-5.82827
95.59378799,-6.12354,-6.12354,-5.25975,-5.86278,-5.72929
95.59579614,-6.23038,-6.23038,-5.39171,-5.97127,-5.64982
95.59668383,-6.27637,-6.27637,-5.44873,-6.01802,-5.61468
95.5973365,-6.31019,-6.31019,-5.49064,-6.05239,-5.58816
95.59877696,-6.38319,-6.38319,-5.58129,-6.12664,-5.52961
95.59966122,-6.42664,-6.42664,-5.63604,-6.17088,-5.49279
95.60142975,-6.51353,-6.51353,-5.74355,-6.25937,-5.41915
95.6049668,-6.6792,-6.6792,-5.95081,-6.42842,-5.26737
95.61204089,-6.98326,-6.98326,-6.33576,-6.73995,-4.9488
95.6224912,-7.36716,-7.36716,-6.83574,-7.13671,-4.4433
95.63406687,-7.70311,-7.70311,-7.2974,-7.48941,-3.83783
95.63576311,-7.74349,-7.74349,-7.35595,-7.53248,-3.74466
95.63915561,-7.81951,-7.81951,-7.46826,-7.61404,-3.5561
95.64594059,-7.94898,-7.94898,-7.66989,-7.75518,-3.16868
95.65951057,-8.11586,-8.11586,-7.97907,-7.94769,-2.35458
95.67394834,-8.16067,-8.16067,-8.17159,-8.02282,-1.43679
95.6891027,-8.06475,-8.06475,-8.22557,-7.9615,-0.424717
95.70336949,-7.84553,-7.84553,-8.14169,-7.77686,0.564772
95.71094548,-7.67975,-7.67975,-8.04523,-7.63006,1.10155
95.71532588,-7.56869,-7.56869,-7.97336,-7.53012,1.4144
95.71811074,-7.49237,-7.49237,-7.92163,-7.46092,1.61398
95.71987783,-7.4417,-7.4417,-7.8864,-7.41477,1.74063
95.72341201,-7.33521,-7.33521,-7.81044,-7.31735,1.99392
95.73048036,-7.10206,-7.10206,-7.63687,-7.10237,2.49773
95.74235981,-6.65199,-6.65199,-7.28229,-6.68262,3.32402
95.75480469,-6.10611,-6.10611,-6.8299,-6.16782,4.13992
95.76492587,-5.60913,-5.60913,-6.40379,-5.69526,4.74777
95.76997065,-5.34437,-5.34437,-6.17258,-5.44232,5.0277
95.77247349,-5.20896,-5.20896,-6.05336,-5.31266,5.16017
95.7748864,-5.07594,-5.07594,-5.93568,-5.18512,5.28358
95.77715175,-4.94891,-4.94891,-5.82278,-5.06315,5.39557
95.77961231,-4.80861,-4.80861,-5.69755,-4.92829,5.51303
95.78345685,-4.5847,-4.5847,-5.49658,-4.71272,5.68806
95.78714411,-4.36471,-4.36471,-5.29788,-4.50056,5.84644
95.7910493,-4.12627,-4.12627,-5.08126,-4.2703,6.00427
95.79885968,-3.63349,-3.63349,-4.62977,-3.79347,6.29017
95.80926891,-2.94608,-2.94608,-3.99246,-3.12657,6.61081
95.82976141,-1.50542,-1.50542,-2.63359,-1.72374,7.04578
95.84932903,-0.0418484,-0.0418484,-1.22675,-0.292911,7.22453
95.86510444,1.18484,1.18484,-0.0294979,0.910427,7.20547
95.87273539,1.78864,1.78864,0.566625,1.50485,7.14517
95.87735856,2.15618,2.15618,0.932232,1.86759,7.09278
95.87946735,2.32384,2.32384,1.1,2.03355,7.06496
95.88149226,2.48482,2.48482,1.26158,2.1929,7.03597
95.88325966,2.62511,2.62511,1.40296,2.332,7.00886
95.8862941,2.86523,2.86523,1.64633,2.57046,6.95842
95.8887007,3.05482,3.05482,1.84,2.75909,6.91494
95.89140116,3.2664,3.2664,2.0573,2.96983,6.86253
95.8921684,3.32619,3.32619,2.11914,3.02971,6.84677
95.89303447,3.39368,3.39368,2.18893,3.09694,6.82898
95.89405752,3.47294,3.47294,2.27138,3.17636,6.80698
95.89513808,3.55666,3.55666,2.35846,3.25973,6.78374
95.89682966,3.68684,3.68684,2.49478,3.39024,6.7457
95.89996259,3.92554,3.92554,2.74666,3.62955,6.67142
95.90622843,4.39118,4.39118,3.24652,4.09783,6.50813
95.91876012,5.25473,5.25473,4.21155,4.97012,6.1247
95.9234846,5.55274,5.55274,4.55944,5.27207,5.96088
95.92629131,5.72166,5.72166,4.76075,5.44338,5.85869
95.92888694,5.87218,5.87218,4.94261,5.59612,5.76102
95.93192004,6.04112,6.04112,5.14911,5.76767,5.64312
95.93479287,6.19435,6.19435,5.33811,5.92344,5.52776
95.93680963,6.29804,6.29804,5.46673,6.02896,5.44465
95.9383943,6.3773,6.3773,5.56532,6.1097,5.37813
95.93933994,6.42308,6.42308,5.6231,6.15638,5.33759
95.94106836,6.50674,6.50674,5.72675,6.24171,5.26351
95.94452521,6.66616,6.66616,5.9266,6.40465,5.11097
95.95143891,6.95877,6.95877,6.29788,6.70497,4.7916
95.96192236,7.33702,7.33702,6.79205,7.0967,4.27269
95.97332695,7.66053,7.66053,7.23887,7.43728,3.66372
95.98712265,7.93165,7.93165,7.65647,7.73228,2.87068
96.00593425,8.09484,8.09484,8.01451,7.93301,1.70287
96.02321058,8.04137,8.04137,8.13382,7.91826,0.556135
96.04209196,7.77044,7.77044,8.04293,7.69306,-0.75885
96.04966695,7.60112,7.60112,7.94294,7.54287,-1.30017
96.05314157,7.51215,7.51215,7.88515,7.46279,-1.55036
96.05432573,7.47983,7.47983,7.86334,7.43352,-1.63562
96.0555039,7.44768,7.44768,7.84164,7.40439,-1.72062
96.05786025,7.38023,7.38023,7.79491,7.34303,-1.89061
96.06257294,7.23613,7.23613,7.69161,7.21111,-2.22991
96.07199831,6.91209,6.91209,7.44659,6.91143,-2.90048
96.08480157,6.39879,6.39879,7.03477,6.43084,-3.77538
96.09527392,5.91934,5.91934,6.63311,5.9775,-4.44245
96.10400571,5.4808,5.4808,6.25565,5.56004,-4.95189
96.10789627,5.27443,5.27443,6.07538,5.36282,-5.16309
96.11145127,5.0802,5.0802,5.90437,5.1768,-5.34677
96.1142048,4.92615,4.92615,5.76788,5.02899,-5.48286
96.1171054,4.76055,4.76055,5.62039,4.86987,-5.62045
96.11991588,4.59691,4.59691,5.47391,4.71242,-5.74823
96.12295485,4.41654,4.41654,5.31165,4.53865,-5.88039
96.12903279,4.04549,4.04549,4.97545,4.18057,-6.12648
96.13877225,3.42397,3.42397,4.40586,3.57922,-6.47138
96.15493298,2.32725,2.32725,3.38447,2.51439,-6.91274
96.17292337,1.02462,1.02462,2.14939,1.24484,-7.21644
96.20149474,-1.16857,-1.16857,0.0250291,-0.902776,-7.30899
96.21171665,-1.97865,-1.97865,-0.776001,-1.70106,-7.2286
96.2169378,-2.39441,-2.39441,-1.19179,-2.11229,-7.16507
96.21870861,-2.53542,-2.53542,-1.33369,-2.25199,-7.14013
96.22035755,-2.66673,-2.66673,-1.46614,-2.38207,-7.11538
96.22231452,-2.82183,-2.82183,-1.62368,-2.53646,-7.08412
96.22452707,-2.99719,-2.99719,-1.80234,-2.71025,-7.04635
96.22721322,-3.2087,-3.2087,-2.01924,-2.92123,-6.99703
96.22882834,-3.33524,-3.33524,-2.14993,-3.04732,-6.96556
96.22977903,-3.40933,-3.40933,-2.22686,-3.12153,-6.94615
96.23080405,-3.48922,-3.48922,-2.3098,-3.20108,-6.92523
96.23218445,-3.5962,-3.5962,-2.42149,-3.30819,-6.89586
96.23457868,-3.78044,-3.78044,-2.61502,-3.49263,-6.84262
96.23936715,-4.14283,-4.14283,-3.00048,-3.85626,-6.72747
96.24894408,-4.83444,-4.83444,-3.75713,-4.5529,-6.46342
96.25608455,-5.31367,-5.31367,-4.30178,-5.03724,-6.238
96.25971432,-5.54332,-5.54332,-4.5703,-5.26965,-6.11426
96.26161482,-5.65945,-5.65945,-4.7082,-5.38722,-6.04705
96.26338321,-5.76484,-5.76484,-4.83459,-5.49395,-5.98305
96.26561932,-5.89441,-5.89441,-4.99146,-5.62522,-5.90013
96.26781895,-6.01789,-6.01789,-5.14228,-5.75039,-5.8164
96.27006319,-6.13991,-6.13991,-5.29232,-5.87417,-5.72881
96.27243089,-6.26437,-6.26437,-5.44613,-6.00054,-5.63404
96.2736284,-6.32567,-6.32567,-5.52209,-6.06284,-5.58495
96.27459052,-6.37379,-6.37379,-5.58182,-6.11178,-5.54552
96.27554266,-6.42141,-6.42141,-5.64093,-6.16022,-5.50549
96.27744694,-6.51393,-6.51393,-5.75605,-6.25443,-5.42543
96.28125549,-6.69094,-6.69094,-5.97736,-6.43503,-5.2601
96.2888726,-7.01347,-7.01347,-6.38596,-6.76558,-4.91214
96.30040143,-7.4233,-7.4233,-6.92226,-7.18976,-4.34387
96.31177319,-7.73668,-7.73668,-7.35762,-7.51985,-3.7374
96.32669768,-8.01377,-8.01377,-7.79178,-7.82249,-2.87896
96.34620385,-8.15252,-8.15252,-8.13018,-8.00006,-1.66474
96.36361609,-8.06955,-8.06955,-8.21867,-7.95607,-0.506891
96.38468197,-7.72196,-7.72196,-8.0673,-7.65941,0.960095
96.39203091,-7.53881,-7.53881,-7.9494,-7.49479,1.48409
96.3947515,-7.4631,-7.4631,-7.89738,-7.42601,1.67908
96.3973745,-7.38618,-7.38618,-7.84305,-7.3558,1.86708
96.39975342,-7.31314,-7.31314,-7.79027,-7.28886,2.03759
96.40451128,-7.1579,-7.1579,-7.6749,-7.14583,2.37728
96.414027,-6.81191,-6.81191,-7.40588,-6.8242,3.04606
96.42633518,-6.2973,-6.2973,-6.98515,-6.34064,3.87256
96.43635391,-5.82531,-5.82531,-6.58463,-5.89323,4.49728
96.44470078,-5.39763,-5.39763,-6.21299,-5.48536,4.97301
96.44839458,-5.19872,-5.19872,-6.03783,-5.29498,5.1689
96.45176033,-5.01253,-5.01253,-5.87272,-5.11643,5.33896
96.45457847,-4.85311,-4.85311,-5.73052,-4.96328,5.47513
96.45767523,-4.67432,-4.67432,-5.57022,-4.79129,5.6183
96.46048135,-4.50914,-4.50914,-5.42137,-4.63216,5.74232
96.46369541,-4.31632,-4.31632,-5.24678,-4.44618,5.87782
96.47012353,-3.91956,-3.91956,-4.88491,-4.06283,6.12841
96.48042811,-3.25457,-3.25457,-4.27145,-3.41867,6.4747
96.49685776,-2.12895,-2.12895,-3.21648,-2.32453,6.88915
96.51590659,-0.739844,-0.739844,-1.89126,-0.969207,7.1632
96.54570894,1.548,1.548,0.345539,1.27895,7.16716
96.55508159,2.28451,2.28451,1.08346,2.00827,7.06376
96.55878368,2.57579,2.57579,1.37856,2.29775,7.00946
96.5601511,2.68339,2.68339,1.48808,2.40468,6.98703
96.5614286,2.7835,2.7835,1.59039,2.50457,6.96609
96.56340809,2.93864,2.93864,1.74948,2.65882,6.93119
96.56562508,3.11129,3.11129,1.92765,2.83158,6.88919
96.56640932,3.17237,3.17237,1.99068,2.89237,6.87434
96.56802067,3.29698,3.29698,2.12042,3.01728,6.84187
96.56890851,3.36564,3.36564,2.19191,3.08577,6.82317
96.56991593,3.44298,3.44298,2.27303,3.16349,6.80195
96.57111397,3.53494,3.53494,2.36949,3.25524,6.77515
96.57310681,3.68673,3.68673,2.52981,3.40788,6.73057
96.57703536,3.982,3.982,2.84494,3.70484,6.6356
96.58489245,4.55213,4.55213,3.46741,4.28031,6.42266
96.59128521,4.99104,4.99104,3.96172,4.72499,6.22731
96.5928834,5.09614,5.09614,4.08285,4.83172,6.17479
96.59607978,5.30168,5.30168,4.32225,5.04055,6.06647
96.59669274,5.33994,5.33994,4.36744,5.07945,6.0457
96.59791868,5.41648,5.41648,4.45782,5.15726,6.00248
96.59930646,5.50145,5.50145,4.55892,5.24365,5.95356
96.59963973,5.5215,5.5215,4.5832,5.26404,5.9415
96.60040393,5.56749,5.56749,4.6382,5.31079,5.91384
96.60096344,5.60062,5.60062,4.67847,5.34448,5.89359
96.60154512,5.63506,5.63506,4.71978,5.3795,5.87209
96.60270847,5.7028,5.7028,4.8024,5.44839,5.82909
96.60503518,5.83491,5.83491,4.96446,5.58279,5.74099
96.60948584,6.07547,6.07547,5.2631,5.82779,5.56587
96.61137013,6.1726,6.1726,5.38477,5.92683,5.4887
96.61245905,6.22705,6.22705,5.45324,5.98242,5.44411
96.61346743,6.27747,6.27747,5.51665,6.03389,5.40173
96.61452707,6.32874,6.32874,5.58132,6.08629,5.3572
96.61565379,6.38325,6.38325,5.65008,6.14201,5.30861
96.61772636,6.48024,6.48024,5.77281,6.24128,5.21923
96.62187149,6.66474,6.66474,6.00774,6.43057,5.03425
96.63016174,6.99656,6.99656,6.43749,6.77291,4.64403
96.64062354,7.34579,7.34579,6.90678,7.13719,4.11492
96.65316917,7.66411,7.66411,7.36576,7.47614,3.43035
96.66753587,7.89668,7.89668,7.75576,7.73553,2.58576
96.68989049,7.98754,7.98754,8.08287,7.87377,1.16329
96.70811911,7.82632,7.82632,8.10464,7.75518,-0.0767879
96.72055497,7.59976,7.59976,7.99703,7.5592,-0.954516
96.72600176,7.47158,7.47158,7.91928,7.44468,-1.34496
96.72902544,7.39296,7.39296,7.86819,7.37371,-1.56284
96.73024914,7.35966,7.35966,7.84594,7.34352,-1.65114
96.73269654,7.29056,7.29056,7.79875,7.28063,-1.82774
96.73759134,7.14247,7.14247,7.69374,7.14496,-2.18041
96.74738094,6.80783,6.80783,7.44222,6.83511,-2.87763
96.76696014,5.99455,5.99455,6.78221,6.07004,-4.18448
96.78006967,5.34924,5.34924,6.22936,5.45528,-4.9552
96.78620275,5.02101,5.02101,5.94151,5.14074,-5.28046
96.79186181,4.7042,4.7042,5.66027,4.83614,-5.55826
96.79686996,4.41319,4.41319,5.39935,4.55564,-5.78599
96.80143252,4.13975,4.13975,5.15218,4.29154,-5.97884
96.80617356,3.84754,3.84754,4.88611,4.00886,-6.16479
96.81565564,3.24012,3.24012,4.3273,3.4199,-6.49357
96.82631976,2.52313,2.52313,3.65912,2.72283,-6.79597
96.84764799,0.99921,0.99921,2.21373,1.23591,-7.19233
96.87021329,-0.714091,-0.714091,0.554718,-0.442882,-7.31836
96.88297737,-1.71522,-1.71522,-0.432282,-1.42913,-7.25976
96.88875201,-2.17272,-2.17272,-0.888434,-1.88137,-7.2031
96.89082498,-2.33695,-2.33695,-1.05346,-2.04441,-7.17781
96.89159436,-2.3979,-2.3979,-1.11489,-2.10493,-7.16843
96.89232297,-2.45563,-2.45563,-1.17307,-2.16224,-7.15854
96.8937802,-2.57108,-2.57108,-1.28969,-2.27685,-7.13877
96.89669465,-2.80139,-2.80139,-1.52355,-2.50595,-7.09525
96.8994141,-3.01536,-3.01536,-1.74244,-2.71921,-7.05058
96.90253668,-3.25961,-3.25961,-1.99444,-2.96303,-6.99447
96.90317421,-3.30913,-3.30913,-2.04589,-3.01281,-6.98223
96.90410517,-3.38144,-3.38144,-2.12112,-3.08512,-6.96436
96.90497658,-3.44912,-3.44912,-2.19154,-3.15282,-6.94686
96.90599094,-3.52733,-3.52733,-2.27351,-3.23121,-6.92648
96.90719731,-3.62033,-3.62033,-2.371,-3.32445,-6.90066
96.90921193,-3.77443,-3.77443,-2.53369,-3.47916,-6.85754
96.9132108,-4.07613,-4.07613,-2.85572,-3.78272,-6.76464
96.92120854,-4.65793,-4.65793,-3.49176,-4.37031,-6.55507
96.92747881,-5.08907,-5.08907,-3.97856,-4.80745,-6.36907
96.92904638,-5.19232,-5.19232,-4.09791,-4.91239,-6.31904
96.93218152,-5.39371,-5.39371,-4.33353,-5.11773,-6.21592
96.93263274,-5.4227,-5.4227,-4.36744,-5.14646,-6.20108
96.93402506,-5.50943,-5.50943,-4.47031,-5.23513,-6.15355
96.93438476,-5.53184,-5.53184,-4.49688,-5.25759,-6.14128
96.93467468,-5.54953,-5.54953,-4.5183,-5.27569,-6.13138
96.93497312,-5.56774,-5.56774,-4.54006,-5.29432,-6.12119
96.93533827,-5.59002,-5.59002,-4.56669,-5.31712,-6.1084
96.9357326,-5.61408,-5.61408,-4.59544,-5.34128,-6.09458
96.93621653,-5.64314,-5.64314,-4.63072,-5.37094,-6.07763
96.93666986,-5.67035,-5.67035,-4.66338,-5.39872,-6.06174
96.93757652,-5.72408,-5.72408,-4.72871,-5.4534,-6.02908
96.93938985,-5.82946,-5.82946,-4.85752,-5.5607,-5.96374
96.94284271,-6.02273,-6.02273,-5.09641,-5.75761,-5.8346
96.94603108,-6.19273,-6.19273,-5.30889,-5.93103,-5.7107
96.94748382,-6.26735,-6.26735,-5.40297,-6.00725,-5.65258
96.94781788,-6.28451,-6.28451,-5.42422,-6.02477,-5.63921
96.94813681,-6.30049,-6.30049,-5.4445,-6.04111,-5.62645
96.94877469,-6.33245,-6.33245,-5.48507,-6.07378,-5.60036
96.94944678,-6.36612,-6.36612,-5.52699,-6.1082,-5.57287
96.95027646,-6.40641,-6.40641,-5.57875,-6.14944,-5.53894
96.95190902,-6.4857,-6.4857,-5.67839,-6.2306,-5.47087
96.95471912,-6.6167,-6.6167,-5.84469,-6.36496,-5.35113
96.96020338,-6.85585,-6.85585,-6.15108,-6.61105,-5.10823
96.96997206,-7.22872,-7.22872,-6.64027,-6.99769,-4.64664
96.9803576,-7.55172,-7.55172,-7.08395,-7.3373,-4.11744
96.9940449,-7.86398,-7.86398,-7.55216,-7.67441,-3.36436
97.00979121,-8.06696,-8.06696,-7.93063,-7.90979,-2.42801
97.02926697,-8.09398,-8.09398,-8.16766,-7.98159,-1.18212
97.04806239,-7.89456,-7.89456,-8.16153,-7.82912,0.0945347
97.06122046,-7.62852,-7.62852,-8.02423,-7.59747,1.02081
97.0667918,-7.48539,-7.48539,-7.93382,-7.46917,1.41878
97.06875722,-7.43066,-7.43066,-7.89741,-7.4197,1.55982
97.07062863,-7.37654,-7.37654,-7.8606,-7.37059,1.69412
97.0724975,-7.32056,-7.32056,-7.82178,-7.31964,1.82824
97.07623525,-7.20293,-7.20293,-7.73801,-7.21204,2.09624
97.08371074,-6.94547,-6.94547,-7.54649,-6.97458,2.62834
97.09629418,-6.44803,-6.44803,-7.15444,-6.51036,3.49717
97.11123835,-5.75923,-5.75923,-6.58117,-5.85954,4.44893
97.11978335,-5.31999,-5.31999,-6.20312,-5.44106,4.93945
97.12418586,-5.08137,-5.08137,-5.9946,-5.2128,5.17397
97.1281721,-4.85844,-4.85844,-5.79808,-4.99902,5.37462
97.13126564,-4.68108,-4.68108,-5.64063,-4.82861,5.52258
97.13464228,-4.48327,-4.48327,-5.464,-4.63824,5.67644
97.13882501,-4.23235,-4.23235,-5.23846,-4.39636,5.85624
97.14324898,-3.96009,-3.96009,-4.99202,-4.13346,6.0337
97.15209692,-3.39565,-3.39565,-4.47605,-3.58721,6.35054
97.16269269,-2.68741,-2.68741,-3.82014,-2.89982,6.66454
97.18388424,-1.18209,-1.18209,-2.40047,-1.43316,7.08447
97.20345959,0.292749,0.292749,-0.981583,0.00985283,7.23251
97.21808406,1.43291,1.43291,0.133099,1.12988,7.19725
97.22425561,1.92067,1.92067,0.615448,1.61086,7.14571
97.22603266,2.06165,2.06165,0.755516,1.7502,7.12637
97.22705987,2.14314,2.14314,0.83675,1.83075,7.1152
97.22792379,2.21167,2.21167,0.90507,1.89849,7.1047
97.22884223,2.28453,2.28453,0.977915,1.97063,7.09355
97.22974721,2.35632,2.35632,1.04969,2.04172,7.08164
97.23076735,2.43715,2.43715,1.13084,2.12185,7.06822
97.23189655,2.52662,2.52662,1.22066,2.21054,7.05188
97.23367772,2.6675,2.6675,1.3627,2.35045,7.02611
97.2369407,2.92468,2.92468,1.62365,2.60628,6.97349
97.23942556,3.11952,3.11952,1.82307,2.80052,6.92963
97.24222063,3.33736,3.33736,2.0474,3.01797,6.87639
97.24297389,3.39572,3.39572,2.10796,3.07657,6.86117
97.24383976,3.46281,3.46281,2.17757,3.14355,6.84368
97.24487119,3.54223,3.54223,2.26049,3.22334,6.82184
97.24597854,3.62749,3.62749,2.34951,3.30843,6.79839
97.24772347,3.76087,3.76087,2.4895,3.44251,6.75969
97.25100215,4.00871,4.00871,2.75255,3.69171,6.68278
97.2575595,4.49077,4.49077,3.27374,4.17813,6.5128
97.27067422,5.37633,5.37633,4.27594,5.07636,6.11062
97.27312606,5.52911,5.52911,4.45643,5.23201,6.02601
97.27467061,5.62303,5.62303,4.56865,5.32774,5.97127
97.27518464,5.6537,5.6537,4.60551,5.359,5.95306
97.27580612,5.69078,5.69078,4.65007,5.39679,5.93058
97.27641145,5.72613,5.72613,4.69348,5.43283,5.90868
97.2776221,5.79684,5.79684,4.77918,5.50492,5.86379
97.27917506,5.88534,5.88534,4.88769,5.59517,5.80622
97.28228098,6.05644,6.05644,5.0995,5.76978,5.68703
97.28449816,6.17386,6.17386,5.24619,5.88974,5.59936
97.28637867,6.26981,6.26981,5.36746,5.98849,5.523
97.28722062,6.31277,6.31277,5.42049,6.03158,5.4888
97.28800258,6.35139,6.35139,5.46975,6.07159,5.45633
97.28877383,6.38947,6.38947,5.51721,6.1101,5.42431
97.2897197,6.43483,6.43483,5.57541,6.15733,5.38428
97.29100485,6.49646,6.49646,5.65282,6.22007,5.32989
97.29357517,6.61511,6.61511,5.80348,6.34195,5.21855
97.29864477,6.83494,6.83494,6.08501,6.56849,4.99107
97.30878398,7.21913,7.21913,6.589,6.96755,4.50609
97.31882041,7.52775,7.52775,7.01331,7.29281,3.98864
97.33333599,7.85047,7.85047,7.50024,7.64285,3.18011
97.3475863,8.02789,8.02789,7.83566,7.8505,2.324
97.36930723,8.04192,8.04192,8.08294,7.91596,0.920188
97.38978936,7.78379,7.78379,8.03381,7.71067,-0.489946
97.39979335,7.56531,7.56531,7.91288,7.51912,-1.20157
97.40540546,7.41709,7.41709,7.81792,7.38622,-1.60483
97.40733233,7.36203,7.36203,7.78088,7.33645,-1.74372
97.40910148,7.30964,7.30964,7.74492,7.28891,-1.87125
97.41263977,7.19968,7.19968,7.66746,7.18868,-2.12605
97.41971637,6.95955,6.95955,7.49079,6.96797,-2.63224
97.43386956,6.40207,6.40207,7.05384,6.44883,-3.61106
97.44516311,5.88695,5.88695,6.62847,5.9634,-4.33957
97.454632,5.40973,5.40973,6.22189,5.51018,-4.89803
97.45887596,5.18292,5.18292,6.02534,5.29381,-5.13005
97.46200386,5.01084,5.01084,5.875,5.12927,-5.29305
97.46483011,4.85189,4.85189,5.73527,4.97702,-5.43433
97.46739617,4.70479,4.70479,5.60527,4.83591,-5.5577
97.47015268,4.54388,4.54388,5.46236,4.68134,-5.68513
97.47312773,4.36694,4.36694,5.3044,4.51115,-5.81685
97.47907783,4.00325,4.00325,4.97727,4.16069,-6.06273
97.48815137,3.42484,3.42484,4.45101,3.60185,-6.39371
97.50425327,2.33507,2.33507,3.44278,2.54506,-6.85389
97.52053254,1.16214,1.16214,2.33765,1.40317,-7.15746
97.54945377,-1.0469,-1.0469,0.210059,-0.757885,-7.31177
97.56035181,-1.90835,-1.90835,-0.637817,-1.60639,-7.24503
97.56584738,-2.34544,-2.34544,-1.0731,-2.03859,-7.18612
97.56759058,-2.48408,-2.48408,-1.21211,-2.17607,-7.16339
97.56875785,-2.57692,-2.57692,-1.30548,-2.26812,-7.14816
97.56989066,-2.66678,-2.66678,-1.3961,-2.35746,-7.13147
97.57215629,-2.84651,-2.84651,-1.57785,-2.53576,-7.09807
97.5745328,-3.03416,-3.03416,-1.76918,-2.72278,-7.05938
97.57755603,-3.27152,-3.27152,-2.01258,-2.95942,-7.00587
97.57823906,-3.32484,-3.32484,-2.06769,-3.01288,-6.99296
97.57913369,-3.39467,-3.39467,-2.13988,-3.08254,-6.97604
97.58007868,-3.46804,-3.46804,-2.21613,-3.15612,-6.9573
97.58111241,-3.54829,-3.54829,-2.29954,-3.23617,-6.9368
97.58250691,-3.65592,-3.65592,-2.41206,-3.34416,-6.90794
97.58493782,-3.84211,-3.84211,-2.608,-3.53096,-6.85524
97.58979963,-4.20796,-4.20796,-2.99819,-3.89896,-6.74089
97.59952326,-4.90418,-4.90418,-3.7636,-4.60243,-6.47727
97.60647358,-5.3655,-5.3655,-4.29162,-5.07046,-6.26102
97.60964961,-5.56468,-5.56468,-4.52612,-5.27291,-6.15463
97.61137987,-5.66985,-5.66985,-4.65172,-5.37986,-6.09471
97.61300719,-5.76651,-5.76651,-4.76826,-5.47819,-6.03711
97.61497944,-5.88073,-5.88073,-4.90723,-5.59442,-5.9657
97.61716936,-6.00385,-6.00385,-5.05836,-5.71977,-5.88438
97.62154919,-6.23871,-6.23871,-5.34941,-5.9592,-5.71546
97.62299894,-6.31316,-6.31316,-5.4423,-6.0352,-5.65733
97.62420581,-6.3734,-6.3734,-5.51827,-6.09676,-5.60895
97.62533642,-6.42983,-6.42983,-5.5883,-6.15443,-5.56243
97.62650837,-6.48678,-6.48678,-5.65974,-6.21269,-5.51421
97.62885226,-6.59763,-6.59763,-5.79918,-6.32623,-5.41549
97.63354004,-6.80729,-6.80729,-6.06474,-6.54159,-5.21132
97.6429156,-7.17937,-7.17937,-6.54538,-6.92632,-4.77701
97.65316337,-7.51517,-7.51517,-6.99682,-7.27791,-4.26471
97.66684161,-7.85014,-7.85014,-7.4832,-7.63706,-3.52452
97.68106416,-8.06372,-8.06372,-7.85122,-7.87926,-2.69297
97.70108778,-8.13868,-8.13868,-8.13756,-7.99963,-1.43129
97.72206193,-7.94582,-7.94582,-8.15605,-7.85925,-0.0178405
97.73561298,-7.67951,-7.67951,-8.01963,-7.62878,0.933811
97.74160922,-7.52726,-7.52726,-7.92298,-7.49274,1.36186
97.74482177,-7.4372,-7.4372,-7.8622,-7.41142,1.59247
97.74607819,-7.40041,-7.40041,-7.83675,-7.37806,1.68266
97.74859103,-7.32423,-7.32423,-7.78309,-7.30874,1.86316
97.7536167,-7.16164,-7.16164,-7.66478,-7.15989,2.22335
97.76366805,-6.79684,-6.79684,-7.38542,-6.82244,2.93401
97.77571148,-6.29326,-6.29326,-6.9785,-6.35108,3.7516
97.78619733,-5.79882,-5.79882,-6.56289,-5.88386,4.41593
97.79487134,-5.35259,-5.35259,-6.17799,-5.45933,4.91915
97.79875162,-5.14245,-5.14245,-5.99411,-5.25862,5.12855
97.8017006,-4.97857,-4.97857,-5.8497,-5.10177,5.28057
97.80440687,-4.82509,-4.82509,-5.71371,-4.95464,5.41455
97.80685497,-4.68378,-4.68378,-5.58789,-4.81897,5.53123
97.80963898,-4.52027,-4.52027,-5.44165,-4.6618,5.6588
97.81262522,-4.34166,-4.34166,-5.28111,-4.48989,5.78972
97.81859772,-3.97478,-3.97478,-4.949,-4.13613,6.03366
97.8305427,-3.20512,-3.20512,-4.24327,-3.39176,6.4522
97.8443228,-2.26366,-2.26366,-3.36607,-2.47792,6.82304
97.86001182,-1.13196,-1.13196,-2.29489,-1.37561,7.10264
97.89138984,1.26142,1.26142,0.0220742,0.968069,7.22583
97.9015058,2.0578,2.0578,0.81114,1.75364,7.14435
97.90574877,2.39321,2.39321,1.14706,2.08593,7.093
97.90874034,2.62969,2.62969,1.38534,2.32022,7.05081
97.91085762,2.79654,2.79654,1.55452,2.48604,7.01803
97.9132866,2.98724,2.98724,1.7492,2.67585,6.97746
97.91544704,3.15589,3.15589,1.92237,2.84397,6.93822
97.91636562,3.22759,3.22759,1.99616,2.91544,6.92154
97.91702003,3.27831,3.27831,2.04874,2.96637,6.90885
97.91795676,3.35092,3.35092,2.12399,3.03888,6.89068
97.91883377,3.41889,3.41889,2.19445,3.10676,6.87287
97.91984747,3.49687,3.49687,2.27589,3.18483,6.85229
97.92104792,3.58921,3.58921,2.37234,3.27729,6.82634
97.92304604,3.74169,3.74169,2.53274,3.4302,6.78314
97.92698754,4.03844,4.03844,2.84822,3.72842,6.69072
97.93487054,4.61105,4.61105,3.47132,4.30615,6.4826
97.94118853,5.04508,5.04508,3.95874,4.7459,6.29386
97.94276803,5.149,5.149,4.07821,4.85148,6.24306
97.94592702,5.35226,5.35226,4.31436,5.05811,6.13864
97.94798161,5.48052,5.48052,4.46549,5.18859,6.06799
97.94901601,5.54357,5.54357,4.5406,5.25275,6.03242
97.94961982,5.58037,5.58037,4.58444,5.2902,6.01099
97.95084506,5.65356,5.65356,4.67218,5.36469,5.96751
97.95146189,5.6896,5.6896,4.71635,5.40138,5.94511
97.95269554,5.76168,5.76168,4.8035,5.47475,5.90029
97.95516285,5.9014,5.9014,4.97468,5.61704,5.80828
97.95996412,6.15928,6.15928,5.29451,5.87998,5.62116
97.96029907,6.17639,6.17639,5.31595,5.89745,5.60811
97.96164613,6.2452,6.2452,5.40217,5.96771,5.55349
97.96232725,6.27922,6.27922,5.44488,6.00248,5.52588
97.96305313,6.31548,6.31548,5.49039,6.03953,5.49592
97.96371185,6.34763,6.34763,5.53083,6.07242,5.46874
97.96465913,6.39387,6.39387,5.58898,6.11971,5.42881
97.96655368,6.48386,6.48386,5.70242,6.21187,5.34894
97.96953611,6.62013,6.62013,5.87496,6.35167,5.21959
97.97550097,6.87321,6.87321,6.19878,6.61231,4.95007
97.98525864,7.23229,7.23229,6.67031,6.9852,4.47941
97.99600771,7.55022,7.55022,7.10923,7.32044,3.92054
98.00980385,7.84124,7.84124,7.55254,7.63675,3.1464
98.02685407,8.02335,8.02335,7.91842,7.85439,2.11153
98.04856541,7.98144,7.98144,8.10159,7.86327,0.690139
98.06874612,7.68017,7.68017,7.99801,7.61319,-0.711152
98.07729577,7.47882,7.47882,7.8766,7.43437,-1.32204
98.08169653,7.35862,7.35862,7.79656,7.3259,-1.63891
98.08456673,7.27429,7.27429,7.73804,7.24925,-1.84598
98.08742679,7.18573,7.18573,7.67489,7.16836,-2.05233
98.09314689,6.99537,6.99537,7.53435,6.99333,-2.46311
98.10458711,6.56359,6.56359,7.19808,6.59196,-3.26749
98.12497464,5.63749,5.63749,6.42758,5.71796,-4.57421
98.13313206,5.21334,5.21334,6.06027,5.31362,-5.03605
98.13798216,4.94744,4.94744,5.82664,5.05914,-5.29062
98.14238379,4.69773,4.69773,5.6052,4.81953,-5.5077
98.14667477,4.44692,4.44692,5.38102,4.57835,-5.70649
98.15045081,4.2204,4.2204,5.17714,4.36013,-5.87111
98.15483949,3.95053,3.95053,4.93266,4.09974,-6.05059
98.16361685,3.3908,3.3908,4.42067,3.55849,-6.37233
98.17387036,2.7056,2.7056,3.78601,2.89408,-6.68659
98.19437737,1.2493,1.2493,2.41353,1.47672,-7.12125
98.21375818,-0.212224,-0.212224,1.00944,0.0485299,-7.30054
98.22846963,-1.36267,-1.36267,-0.113061,-1.07984,-7.29069
98.23487893,-1.87159,-1.87159,-0.615173,-1.58079,-7.24779
98.23666007,-2.0137,-2.0137,-0.755981,-1.72095,-7.23133
98.23750609,-2.08119,-2.08119,-0.823083,-1.78753,-7.22352
98.23831809,-2.14598,-2.14598,-0.887487,-1.85142,-7.21506
98.23917254,-2.21415,-2.21415,-0.955455,-1.91882,-7.20615
98.24011198,-2.2891,-2.2891,-1.03018,-1.99291,-7.19545
98.24104864,-2.36382,-2.36382,-1.10491,-2.06679,-7.18478
98.24210427,-2.44796,-2.44796,-1.18912,-2.15005,-7.17153
98.24341093,-2.5521,-2.5521,-1.29361,-2.25311,-7.15515
98.24559048,-2.72545,-2.72545,-1.46829,-2.42502,-7.12514
98.24860106,-2.96405,-2.96405,-1.71028,-2.66177,-7.07952
98.25055584,-3.1183,-3.1183,-1.8679,-2.81549,-7.04732
98.25297785,-3.3085,-3.3085,-2.06319,-3.00489,-7.00462
98.25378768,-3.37176,-3.37176,-2.12859,-3.06822,-6.98948
98.25467345,-3.44095,-3.44095,-2.20013,-3.13713,-6.97291
98.25569229,-3.52005,-3.52005,-2.28241,-3.2164,-6.95281
98.2568921,-3.6132,-3.6132,-2.37931,-3.30909,-6.92915
98.25885157,-3.76418,-3.76418,-2.53745,-3.46048,-6.8884
98.26271421,-4.05803,-4.05803,-2.84839,-3.75518,-6.80233
98.27043951,-4.62612,-4.62612,-3.46308,-4.32701,-6.60785
98.27237083,-4.76272,-4.76272,-3.61449,-4.46499,-6.5537
98.27623347,-5.03024,-5.03024,-3.9143,-4.73554,-6.44109
98.28239596,-5.43585,-5.43585,-4.38023,-5.14639,-6.24755
98.28426782,-5.55346,-5.55346,-4.51841,-5.26567,-6.18513
98.28460546,-5.57424,-5.57424,-4.54305,-5.28675,-6.17387
98.2856528,-5.6387,-5.6387,-4.61949,-5.35212,-6.13809
98.28613055,-5.66762,-5.66762,-4.65403,-5.38146,-6.12177
98.28657433,-5.69449,-5.69449,-4.68612,-5.40872,-6.10632
98.2874619,-5.7471,-5.7471,-4.74947,-5.46209,-6.07542
98.28864908,-5.81747,-5.81747,-4.83421,-5.53347,-6.03342
98.29102345,-5.95382,-5.95382,-5.00013,-5.67185,-5.94752
98.29560615,-6.20421,-6.20421,-5.30826,-5.92626,-5.77469
98.29742353,-6.29893,-6.29893,-5.42578,-6.02262,-5.70319
98.29850234,-6.35353,-6.35353,-5.49375,-6.07822,-5.66074
98.29953619,-6.40585,-6.40585,-5.55889,-6.13151,-5.61888
98.30095591,-6.4758,-6.4758,-5.64619,-6.20282,-5.5614
98.30237607,-6.54427,-6.54427,-5.7318,-6.27269,-5.50273
98.30521639,-6.67675,-6.67675,-5.89802,-6.40807,-5.38288
98.31089702,-6.92411,-6.92411,-6.21129,-6.66169,-5.13334
98.32082817,-7.3012,-7.3012,-6.70043,-7.0513,-4.66686
98.331422,-7.62706,-7.62706,-7.14315,-7.39269,-4.12916
98.33319046,-7.67272,-7.67272,-7.20805,-7.44119,-4.03488
98.33672739,-7.75887,-7.75887,-7.33263,-7.53318,-3.84381
98.34380123,-7.90654,-7.90654,-7.55676,-7.69318,-3.44999
98.35794892,-8.10141,-8.10141,-7.90254,-7.91532,-2.61782
98.37242333,-8.16423,-8.16423,-8.11628,-8.00927,-1.711
98.38972799,-8.06378,-8.06378,-8.19027,-7.94956,-0.56484
98.40734673,-7.77354,-7.77354,-8.06923,-7.70366,0.656361
98.41525038,-7.58358,-7.58358,-7.95209,-7.53431,1.21775
98.42307472,-7.36062,-7.36062,-7.79907,-7.33201,1.77718
98.42520597,-7.29396,-7.29396,-7.75108,-7.27102,1.92982
98.42730721,-7.22582,-7.22582,-7.70118,-7.20846,2.08032
98.43150969,-7.08247,-7.08247,-7.59378,-7.07628,2.38026
98.43991464,-6.76832,-6.76832,-7.34937,-6.7844,2.97229
98.45672456,-6.03656,-6.03656,-6.74795,-6.09612,4.08972
98.46935058,-5.40162,-5.40162,-6.20251,-5.49235,4.83894
98.47518025,-5.08493,-5.08493,-5.92464,-5.1895,5.15253
98.47970026,-4.82972,-4.82972,-5.69841,-4.94473,5.37978
98.48309875,-4.63249,-4.63249,-5.5223,-4.75517,5.54126
98.48665743,-4.42123,-4.42123,-5.33254,-4.55179,5.70175
98.49090528,-4.16293,-4.16293,-5.09908,-4.30273,5.88206
98.49663745,-3.80426,-3.80426,-4.77246,-3.95627,6.10643
98.50810179,-3.05464,-3.05464,-4.08184,-3.23024,6.49174
98.51976208,-2.25202,-2.25202,-3.33211,-2.45052,6.7987
98.53993794,-0.784156,-0.784156,-1.93837,-1.01957,7.13303
98.56110103,0.837651,0.837651,-0.369509,0.567796,7.22383
98.57235756,1.72413,1.72413,0.501831,1.43967,7.16647
98.57769311,2.14768,2.14768,0.922272,1.85755,7.11421
98.58026683,2.35199,2.35199,1.12656,2.05987,7.08332
98.58224539,2.50906,2.50906,1.28416,2.2154,7.0571
98.58446945,2.68528,2.68528,1.46177,2.39023,7.0251
98.58761011,2.93319,2.93319,1.71329,2.63634,6.97539
98.58959646,3.08926,3.08926,1.87283,2.79199,6.94123
98.59204177,3.28045,3.28045,2.06924,2.9825,6.89631
98.59286441,3.34441,3.34441,2.1354,3.04658,6.8803
98.59375078,3.41333,3.41333,2.20668,3.11527,6.86305
98.59477995,3.49286,3.49286,2.28945,3.19501,6.84196
98.59600403,3.58744,3.58744,2.38789,3.28919,6.81687
98.59801541,3.74163,3.74163,2.5495,3.44393,6.77344
98.60201795,4.04436,4.04436,2.87012,3.7478,6.68085
98.61002303,4.62841,4.62841,3.50309,4.33627,6.47164
98.61640271,5.06842,5.06842,3.99509,4.78137,6.28247
98.61799763,5.17375,5.17375,4.11562,4.88818,6.23148
98.62118747,5.37971,5.37971,4.35337,5.09715,6.12627
98.62171614,5.41291,5.41291,4.39278,5.13086,6.10883
98.62277346,5.47932,5.47932,4.47017,5.19827,6.07259
98.62376071,5.54011,5.54011,4.54244,5.26,6.03876
98.62406275,5.55871,5.55871,4.56427,5.27888,6.0284
98.62437583,5.57799,5.57799,4.5869,5.29846,6.01741
98.62508299,5.62069,5.62069,4.63802,5.34182,5.99256
98.62557445,5.65037,5.65037,4.67322,5.37195,5.97529
98.62603306,5.67755,5.67755,4.70606,5.39956,5.95888
98.62695028,5.73192,5.73192,4.77121,5.45477,5.92605
98.62878473,5.83816,5.83816,4.89984,5.56268,5.85906
98.6320792,6.022,6.022,5.1248,5.74954,5.73498
98.63439222,6.14586,6.14586,5.27777,5.87554,5.64501
98.63678027,6.26931,6.26931,5.43109,6.00126,5.54967
98.63800509,6.33091,6.33091,5.50783,6.06406,5.49957
98.63896036,6.3778,6.3778,5.56635,6.11191,5.46049
98.63994075,6.42593,6.42593,5.62642,6.16101,5.41932
98.64190154,6.51932,6.51932,5.74328,6.25642,5.33698
98.64582312,6.69756,6.69756,5.9675,6.43889,5.16672
98.65366627,7.02047,7.02047,6.37974,6.77113,4.80769
98.66493862,7.4077,7.4077,6.8917,7.17386,4.25063
98.67660201,7.71457,7.71457,7.32486,7.49931,3.62664
98.67843236,7.75294,7.75294,7.3828,7.54086,3.52384
98.68209308,7.82418,7.82418,7.49309,7.6186,3.31566
98.6894145,7.94037,7.94037,7.68691,7.74847,2.88752
98.70405735,8.06591,8.06591,7.96519,7.90386,1.98665
98.71820823,8.05423,8.05423,8.09715,7.92382,1.06561
98.73528367,7.87223,7.87223,8.08186,7.78284,-0.100079
98.74765642,7.62972,7.62972,7.95486,7.57149,-0.97368
98.75290131,7.49957,7.49957,7.87221,7.45484,-1.34953
98.75596324,7.41622,7.41622,7.81615,7.37942,-1.57003
98.75724646,7.37971,7.37971,7.79098,7.34625,-1.66256
98.75981291,7.30394,7.30394,7.73771,7.27716,-1.84763
98.7649458,7.14157,7.14157,7.61959,7.12816,-2.21708
98.77521158,6.77488,6.77488,7.33823,6.78814,-2.94637
98.79191672,6.06546,6.06546,6.75817,6.12114,-4.06745
98.80485657,5.42586,5.42586,6.21025,5.51293,-4.84541
98.81079711,5.10715,5.10715,5.93104,5.20806,-5.1694
98.81532675,4.85409,4.85409,5.70698,4.96527,-5.4005
98.81873529,4.65816,4.65816,5.53222,4.7769,-5.56503
98.82229589,4.44862,4.44862,5.34419,4.57512,-5.72835
98.8265154,4.1941,4.1941,5.11433,4.32961,-5.91082
98.83232212,3.83326,3.83326,4.78597,3.98093,-6.14275
98.84393555,3.07756,3.07756,4.09003,3.24874,-6.54195
98.85564251,2.2739,2.2739,3.33947,2.46771,-6.85889
98.87574885,0.812163,0.812163,1.95179,1.04225,-7.20828
98.89688054,-0.809482,-0.809482,0.383482,-0.545368,-7.31777
98.9083078,-1.71214,-1.71214,-0.503492,-1.43331,-7.2697
98.91365382,-2.13829,-2.13829,-0.926284,-1.8537,-7.22191
98.91624161,-2.34456,-2.34456,-1.1325,-2.05804,-7.19306
98.91824107,-2.50395,-2.50395,-1.29242,-2.21592,-7.16826
98.92055369,-2.68804,-2.68804,-1.47791,-2.39854,-7.13689
98.92355496,-2.9261,-2.9261,-1.71935,-2.63489,-7.0919
98.92549762,-3.07956,-3.07956,-1.87612,-2.78787,-7.06023
98.92793582,-3.27125,-3.27125,-2.07287,-2.97884,-7.01766
98.928752,-3.33509,-3.33509,-2.13883,-3.04277,-7.00252
98.92963924,-3.40448,-3.40448,-2.21054,-3.11191,-6.98606
98.93067808,-3.48523,-3.48523,-2.2945,-3.19286,-6.96571
98.93193632,-3.58304,-3.58304,-2.39619,-3.29021,-6.94107
98.93402285,-3.74396,-3.74396,-2.56469,-3.45164,-6.89784
98.93819591,-4.06139,-4.06139,-2.90067,-3.77015,-6.80472
98.94654203,-4.67291,-4.67291,-3.5635,-4.38601,-6.59243
98.95301523,-5.12038,-5.12038,-4.06427,-4.8383,-6.40439
98.95843483,-5.47281,-5.47281,-4.47063,-5.19523,-6.23163
98.96069896,-5.61344,-5.61344,-4.63627,-5.33777,-6.15539
98.9624425,-5.7189,-5.7189,-4.76188,-5.44468,-6.09506
98.96401866,-5.81205,-5.81205,-4.87381,-5.53915,-6.03879
98.96555361,-5.9008,-5.9008,-4.98123,-5.62917,-5.98399
98.9686235,-6.07256,-6.07256,-5.19089,-5.80351,-5.87017
98.97059656,-6.17898,-6.17898,-5.32177,-5.91164,-5.79428
98.9718419,-6.24428,-6.24428,-5.4024,-5.97803,-5.74639
98.9724845,-6.27797,-6.27797,-5.44401,-6.01229,-5.72099
98.97352406,-6.3313,-6.3313,-5.51001,-6.06655,-5.6799
98.97520748,-6.41592,-6.41592,-5.61488,-6.15272,-5.61215
98.97689084,-6.49841,-6.49841,-5.71732,-6.23681,-5.5432
98.98025758,-6.65709,-6.65709,-5.91514,-6.39884,-5.40175
98.98654351,-6.93127,-6.93127,-6.26045,-6.67983,-5.12531
98.99622261,-7.29823,-7.29823,-6.73385,-7.05882,-4.66949
99.00726227,-7.63644,-7.63644,-7.19075,-7.41301,-4.10752
99.02045316,-7.93027,-7.93027,-7.62387,-7.72896,-3.38191
99.03853191,-8.14256,-8.14256,-8.02285,-7.97639,-2.30302
99.05765729,-8.13502,-8.13502,-8.20616,-8.01111,-1.07152
99.0748857,-7.93201,-7.93201,-8.16759,-7.84965,0.102076
99.0878318,-7.66218,-7.66218,-8.01568,-7.61258,1.01386
99.09321256,-7.52124,-7.52124,-7.92218,-7.48555,1.3983
99.09510101,-7.46785,-7.46785,-7.88521,-7.43707,1.53384
99.0969081,-7.41489,-7.41489,-7.84784,-7.38883,1.66355
99.09858811,-7.36403,-7.36403,-7.81138,-7.34236,1.78413
99.10194813,-7.25773,-7.25773,-7.73352,-7.24483,2.02529
99.10866817,-7.02708,-7.02708,-7.55845,-7.03175,2.5049
99.12170013,-6.5142,-6.5142,-7.14806,-6.55258,3.40982
99.136681,-5.82403,-5.82403,-6.56664,-5.89993,4.37289
99.14816112,-5.22699,-5.22699,-6.04605,-5.33024,5.02761
99.15320063,-4.94707,-4.94707,-5.79776,-5.06187,5.28869
99.15789531,-4.67709,-4.67709,-5.55614,-4.80234,5.51622
99.1632471,-4.359,-4.359,-5.26907,-4.49586,5.75709
99.16754056,-4.09617,-4.09617,-5.0301,-4.24213,5.93631
99.17232701,-3.79548,-3.79548,-4.75492,-3.95139,6.12175
99.1818999,-3.17146,-3.17146,-4.17843,-3.3467,6.44837
99.1922705,-2.46408,-2.46408,-3.51717,-2.65942,6.73687
99.2130117,-0.967713,-0.967713,-2.09596,-1.20057,7.11538
99.23516324,0.722722,0.722722,-0.459552,0.454289,7.23621
99.24780518,1.71681,1.71681,0.519153,1.43255,7.17753
99.25350876,2.1693,2.1693,0.969532,1.87943,7.12137
99.25631215,2.39171,2.39171,1.19262,2.09992,7.08711
99.25846249,2.56231,2.56231,1.36437,2.26905,7.0579
99.26132961,2.78912,2.78912,1.59403,2.49437,7.01508
99.26390285,2.9918,2.9918,1.8009,2.69612,6.97289
99.26692563,3.22854,3.22854,2.04391,2.93209,6.91884
99.26762098,3.28269,3.28269,2.09991,2.98637,6.90556
99.26850852,3.35181,3.35181,2.17139,3.0553,6.88862
99.26948643,3.42756,3.42756,2.25015,3.13124,6.86902
99.2705383,3.50903,3.50903,2.33487,3.21247,6.84794
99.27204971,3.62539,3.62539,2.45659,3.32918,6.81625
99.2747459,3.83123,3.83123,2.67337,3.53565,6.75682
99.2801383,4.23476,4.23476,3.10445,3.94153,6.62687
99.2909231,4.99642,4.99642,3.94526,4.71107,6.32396
99.29774889,5.43947,5.43947,4.45537,5.16032,6.10335
99.2993262,5.53719,5.53719,4.57038,5.25957,6.04893
99.29964467,5.55653,5.55653,4.5936,5.27922,6.03794
99.29996879,5.57622,5.57622,4.61693,5.29922,6.02676
99.30073443,5.62273,5.62273,4.67204,5.34647,5.99965
99.30114187,5.64704,5.64704,4.70136,5.37116,5.98522
99.30185414,5.68953,5.68953,4.75182,5.41432,5.96
99.30327869,5.77296,5.77296,4.85274,5.49909,5.90848
99.3055423,5.90205,5.90205,5.00971,5.6303,5.82474
99.30984945,6.13623,6.13623,5.2976,5.86856,5.65914
99.31156879,6.22559,6.22559,5.40835,5.95959,5.59038
99.31258037,6.27672,6.27672,5.47193,6.01172,5.54993
99.31352759,6.3246,6.3246,5.53147,6.06054,5.51109
99.31456055,6.37519,6.37519,5.59455,6.11218,5.46873
99.31567655,6.42984,6.42984,5.6627,6.16798,5.42176
99.31772633,6.52701,6.52701,5.78421,6.26731,5.33547
99.32182589,6.71201,6.71201,6.0169,6.45686,5.15673
99.33002502,7.04544,7.04544,6.44297,6.80034,4.77906
99.34055938,7.40351,7.40351,6.91679,7.17321,4.25628
99.35297984,7.72591,7.72591,7.37276,7.51576,3.58942
99.35477487,7.7625,7.7625,7.42838,7.55552,3.48806
99.35836493,7.83037,7.83037,7.53426,7.62989,3.28289
99.36554506,7.94089,7.94089,7.72028,7.75402,2.86127
99.3799053,8.05929,8.05929,7.98714,7.90203,1.97533
99.39368254,8.04647,8.04647,8.11283,7.92021,1.07744
99.41097163,7.86143,7.86143,8.09477,7.77689,-0.103844
99.42339936,7.61639,7.61639,7.96429,7.56325,-0.982212
99.42866102,7.48514,7.48514,7.88004,7.44557,-1.35962
99.43181599,7.39875,7.39875,7.82138,7.36738,-1.58702
99.43316684,7.36004,7.36004,7.79443,7.33219,-1.68451
99.43586854,7.27959,7.27959,7.73729,7.25877,-1.87948
99.44127194,7.10672,7.10672,7.6102,7.1,-2.26852
99.45207873,6.71473,6.71473,7.30625,6.73608,-3.03486
99.47156936,5.86225,5.86225,6.59982,5.93264,-4.31881
99.48425266,5.21325,5.21325,6.03667,5.31381,-5.0492
99.49013782,4.8882,4.8882,5.7489,5.00216,-5.3547
99.49486474,4.6168,4.6168,5.50624,4.74122,-5.58333
99.49986249,4.32035,4.32035,5.23898,4.45556,-5.8086
99.50578808,3.95684,3.95684,4.90845,4.10452,-6.05418
99.51126612,3.60969,3.60969,4.5902,3.76864,-6.26089
99.52222221,2.88597,2.88597,3.91965,3.06673,-6.61722
99.53286841,2.14834,2.14834,3.22764,2.34939,-6.89181
99.55416083,0.5897,0.5897,1.74196,0.828497,-7.23465
99.57990923,-1.39961,-1.39961,-0.19631,-1.12323,-7.2948
99.58894161,-2.11502,-2.11502,-0.907233,-1.82942,-7.22599
99.59198207,-2.35683,-2.35683,-1.1496,-2.06896,-7.19252
99.59427342,-2.53907,-2.53907,-1.3331,-2.24947,-7.16393
99.59649702,-2.71557,-2.71557,-1.51171,-2.42465,-7.13346
99.59926618,-2.93459,-2.93459,-1.73475,-2.64222,-7.09183
99.60115537,-3.08317,-3.08317,-1.88733,-2.79066,-7.06108
99.60257363,-3.19472,-3.19472,-2.00188,-2.90152,-7.03652
99.60318745,-3.24268,-3.24268,-2.05146,-2.9495,-7.0259
99.6040209,-3.30779,-3.30779,-2.11886,-3.01465,-7.01065
99.60490669,-3.377,-3.377,-2.19049,-3.08356,-6.99444
99.60591163,-3.45498,-3.45498,-2.27176,-3.16174,-6.97504
99.60706015,-3.54411,-3.54411,-2.36464,-3.25051,-6.95287
99.60891658,-3.68717,-3.68717,-2.51477,-3.394,-6.9151
99.61248316,-3.95888,-3.95888,-2.80246,-3.66656,-6.8376
99.61961633,-4.48645,-4.48645,-3.37226,-4.19754,-6.66343
99.63245011,-5.35853,-5.35853,-4.3564,-5.07867,-6.28799
99.63488466,-5.51164,-5.51164,-4.53621,-5.23384,-6.20725
99.63551395,-5.55037,-5.55037,-4.58203,-5.27309,-6.18638
99.63608145,-5.58529,-5.58529,-4.62335,-5.30849,-6.16697
99.63665018,-5.6197,-5.6197,-4.66477,-5.34336,-6.14751
99.63736665,-5.66304,-5.66304,-4.71626,-5.38729,-6.12301
99.63806222,-5.70413,-5.70413,-4.76625,-5.42894,-6.09859
99.63945336,-5.7863,-5.7863,-4.86499,-5.51224,-6.04977
99.64223565,-5.94504,-5.94504,-5.05843,-5.67324,-5.94907
99.64711309,-6.20847,-6.20847,-5.383,-5.94078,-5.7643
99.64888928,-6.29979,-6.29979,-5.49639,-6.03365,-5.69444
99.65050671,-6.38084,-6.38084,-5.59731,-6.11616,-5.62912
99.65201896,-6.45484,-6.45484,-5.68966,-6.19156,-5.56804
99.65364575,-6.53255,-6.53255,-5.78687,-6.27083,-5.5007
99.65689932,-6.68214,-6.68214,-5.97479,-6.42367,-5.36273
99.66340645,-6.95839,-6.95839,-6.32578,-6.70703,-5.07393
99.67346441,-7.32623,-7.32623,-6.80602,-7.08755,-4.5953
99.6847461,-7.65475,-7.65475,-7.25777,-7.43266,-4.01459
99.68655676,-7.6981,-7.6981,-7.32062,-7.47893,-3.91657
99.69017807,-7.77941,-7.77941,-7.44086,-7.56624,-3.71795
99.6974207,-7.91636,-7.91636,-7.65516,-7.71588,-3.30871
99.71190595,-8.08572,-8.08572,-7.97676,-7.91322,-2.44469
99.72758768,-8.11469,-8.11469,-8.1659,-7.97595,-1.44826
99.7436135,-7.98374,-7.98374,-8.19245,-7.88253,-0.374676
99.7578451,-7.73666,-7.73666,-8.07895,-7.6707,0.616133
99.76512508,-7.56411,-7.56411,-7.97221,-7.51671,1.13354
99.7701475,-7.42742,-7.42742,-7.87982,-7.39296,1.49316
99.77323481,-7.33636,-7.33636,-7.81554,-7.3099,1.71492
99.77570352,-7.25979,-7.25979,-7.76011,-7.23975,1.89225
99.78064095,-7.09686,-7.09686,-7.63874,-7.08964,2.2461
99.79051582,-6.73301,-6.73301,-7.35496,-6.75134,2.94428
99.80764048,-5.98915,-5.98915,-6.73984,-6.05068,4.08527
99.82080681,-5.32603,-5.32603,-6.16654,-5.41915,4.86629
99.8267756,-5.00058,-5.00058,-5.87911,-5.10743,5.18616
99.83227431,-4.68791,-4.68791,-5.59992,-4.807,5.45943
99.83612828,-4.46171,-4.46171,-5.3963,-4.58917,5.63849
99.84024731,-4.21381,-4.21381,-5.17169,-4.35003,5.81862
99.84403639,-3.98036,-3.98036,-4.9589,-4.12449,5.97424
99.85161454,-3.49872,-3.49872,-4.51636,-3.65832,6.25728
99.86009894,-2.93765,-2.93765,-3.99549,-3.11401,6.53049
99.87706774,-1.75499,-1.75499,-2.8817,-1.96316,6.94193
99.89506656,-0.426876,-0.426876,-1.60949,-0.666166,7.18624
99.9123899,0.906167,0.906167,-0.312764,0.639914,7.23994
99.92220503,1.67837,1.67837,0.448162,1.39936,7.19326
99.92687625,2.04866,2.04866,0.815958,1.76442,7.15182
99.92916517,2.2301,2.2301,0.99736,1.94404,7.12705
99.93104098,2.37888,2.37888,1.14651,2.09124,7.10459
99.9322104,2.47164,2.47164,1.23979,2.183,7.08912
99.93377151,2.59505,2.59505,1.3643,2.30551,7.06846
99.93653085,2.81318,2.81318,1.58511,2.5216,7.02785
99.93910903,3.01594,3.01594,1.79216,2.7235,6.98622
99.94220095,3.25768,3.25768,2.04047,2.96425,6.93162
99.94288679,3.31099,3.31099,2.09566,3.01765,6.91866
99.9437756,3.38008,3.38008,2.16717,3.08649,6.90187
99.94474421,3.45497,3.45497,2.2451,3.1615,6.88266
99.94579226,3.53599,3.53599,2.32943,3.24221,6.86187
99.94727264,3.64975,3.64975,2.44854,3.35621,6.83116
99.94989798,3.84983,3.84983,2.65943,3.5567,6.77392
99.95514866,4.24225,4.24225,3.07895,3.95097,6.64891
99.96565002,4.98436,4.98436,3.8983,4.69976,6.35796
99.97248398,5.42911,5.42911,4.41031,5.15007,6.14004
99.97558556,5.6196,5.6196,4.63567,5.34319,6.03385
99.97764535,5.74185,5.74185,4.78241,5.46718,5.96087
99.97962486,5.85603,5.85603,4.9209,5.58304,5.88891
99.98148826,5.96057,5.96057,5.0488,5.68917,5.81956
99.98521505,6.16068,6.16068,5.29657,5.89311,5.6759
99.98559047,6.18084,6.18084,5.32072,5.91281,5.66143
99.98674889,6.24031,6.24031,5.39523,5.9736,5.61519
99.987066,6.25659,6.25659,5.4153,5.99024,5.60253
99.98739745,6.2736,6.2736,5.43627,6.00725,5.58929
99.98773419,6.29045,6.29045,5.45759,6.02453,5.57585
99.98840768,6.32414,6.32414,5.49953,6.05909,5.54834
99.98906529,6.35704,6.35704,5.54048,6.09213,5.52147
99.98995291,6.39999,6.39999,5.59489,6.13672,5.48522
99.99172815,6.48589,6.48589,5.70168,6.22373,5.41119
99.99460153,6.61898,6.61898,5.86895,6.35969,5.28858
100,6.85264,6.85264,6.16529,6.59915,5.04906
