"TIME","SIN1","SIN2","SIN3","SIN4","SIN5"
90,4.36686,4.36686,5.36879,4.5209,-2.80923
90.0010365,4.30707,4.30707,5.3188,4.46169,-2.88223
90.00310949,4.18653,4.18653,5.21774,4.34229,-3.02767
90.00725547,3.94103,3.94103,5.01054,4.09895,-3.31542
90.01554743,3.43257,3.43257,4.57586,3.5944,-3.87378
90.03213136,2.35235,2.35235,3.63129,2.52097,-4.88323
90.03755713,1.98159,1.98159,3.3014,2.15224,-5.17763
90.04282177,1.61446,1.61446,2.9722,1.78704,-5.44417
90.04641379,1.36006,1.36006,2.74269,1.53395,-5.61503
90.05034827,1.07801,1.07801,2.48695,1.25333,-5.79206
90.05821724,0.504249,0.504249,1.9628,0.682431,-6.11532
90.06622811,-0.0917207,-0.0917207,1.41308,0.0893141,-6.40329
90.08224985,-1.3098,-1.3098,0.272144,-1.12475,-6.85856
90.08740515,-1.70738,-1.70738,-0.105803,-1.52192,-6.97117
90.0892777,-1.85232,-1.85232,-0.244283,-1.66689,-7.00765
90.08992774,-1.90263,-1.90263,-0.292495,-1.71722,-7.02032
90.09086607,-1.97526,-1.97526,-0.362208,-1.78987,-7.03733
90.09185577,-2.05186,-2.05186,-0.435881,-1.86661,-7.05527
90.09309903,-2.14809,-2.14809,-0.528634,-1.96302,-7.07599
90.09476751,-2.27701,-2.27701,-0.653453,-2.09241,-7.1038
90.09768531,-2.50246,-2.50246,-0.872623,-2.31854,-7.14729
90.1035209,-2.95003,-2.95003,-1.31383,-2.76884,-7.219
90.10615717,-3.1505,-3.1505,-1.51423,-2.97102,-7.24472
90.10945234,-3.39903,-3.39903,-1.76544,-3.22211,-7.27109
90.11033394,-3.46496,-3.46496,-1.83265,-3.28883,-7.27679
90.11134644,-3.54068,-3.54068,-1.90994,-3.36545,-7.28334
90.11280499,-3.64903,-3.64903,-2.02127,-3.47521,-7.29134
90.11518132,-3.82404,-3.82404,-2.20267,-3.65273,-7.3017
90.11993399,-4.16741,-4.16741,-2.56439,-4.00185,-7.31259
90.12943931,-4.81925,-4.81925,-3.27719,-4.66784,-7.29558
90.13635182,-5.25735,-5.25735,-3.78105,-5.11806,-7.25118
90.13939266,-5.43926,-5.43926,-3.99769,-5.30566,-7.22321
90.1411711,-5.54235,-5.54235,-4.12268,-5.41213,-7.20448
90.14285899,-5.63787,-5.63787,-4.23995,-5.51089,-7.1851
90.14469878,-5.7394,-5.7394,-4.36611,-5.61596,-7.16221
90.14762886,-5.89566,-5.89566,-4.56308,-5.77788,-7.12199
90.15348901,-6.18883,-6.18883,-4.94017,-6.08239,-7.02786
90.15631266,-6.32107,-6.32107,-5.11314,-6.22009,-6.97603
90.15778425,-6.38711,-6.38711,-5.20089,-6.28898,-6.94695
90.15889422,-6.43693,-6.43693,-5.26548,-6.34094,-6.92501
90.1599105,-6.48082,-6.48082,-5.32462,-6.38679,-6.90367
90.1610935,-6.53191,-6.53191,-5.39189,-6.44017,-6.87883
90.16334965,-6.62583,-6.62583,-5.51714,-6.53843,-6.82889
90.16720503,-6.77817,-6.77817,-5.7222,-6.69813,-6.7376
90.1749158,-7.0523,-7.0523,-6.09993,-6.98685,-6.53301
90.18336006,-7.30631,-7.30631,-6.46595,-7.25664,-6.27618
90.1915429,-7.50689,-7.50689,-6.77454,-7.47238,-5.99569
90.2004404,-7.67472,-7.67472,-7.05967,-7.65655,-5.65684
90.2182354,-7.85674,-7.85674,-7.47582,-7.87073,-4.88101
90.24082483,-7.8032,-7.8032,-7.71565,-7.8561,-3.72701
90.28166032,-6.96817,-6.96817,-7.38358,-7.08037,-1.26429
90.30165501,-6.2369,-6.2369,-6.88096,-6.37173,0.0857155
90.31611154,-5.58839,-5.58839,-6.38844,-5.73658,1.10222
90.32227356,-5.28318,-5.28318,-6.14706,-5.43628,1.54228
90.32451865,-5.16788,-5.16788,-6.0546,-5.32264,1.70325
90.32662733,-5.05768,-5.05768,-5.96564,-5.21395,1.85444
90.33083932,-4.83227,-4.83227,-5.78198,-4.99139,2.15601
90.3392633,-4.36122,-4.36122,-5.39171,-4.5254,2.75326
90.35611126,-3.3453,-3.3453,-4.5258,-3.51764,3.89013
90.36849773,-2.5413,-2.5413,-3.82179,-2.71842,4.64741
90.3750402,-2.09871,-2.09871,-3.42836,-2.27808,5.01188
90.37819209,-1.88137,-1.88137,-3.23377,-2.06178,5.1774
90.38123495,-1.66918,-1.66918,-3.04297,-1.85059,5.3305
90.38448602,-1.44005,-1.44005,-2.83606,-1.62253,5.48676
90.38796305,-1.19237,-1.19237,-2.61138,-1.37598,5.64568
90.3949171,-0.689503,-0.689503,-2.15217,-0.875378,5.93895
90.40406099,-0.0146994,-0.0146994,-1.52986,-0.203483,6.27633
90.41788126,1.02835,1.02835,-0.554571,0.83585,6.68544
90.42375459,1.47827,1.47827,-0.128562,1.28486,6.82306
90.42774052,1.78517,1.78517,0.164027,1.59139,6.90429
90.42901589,1.88336,1.88336,0.258206,1.68979,6.92792
90.42978354,1.94247,1.94247,0.315016,1.74902,6.94214
90.4307164,2.01437,2.01437,0.38417,1.821,6.95828
90.4317739,2.09588,2.09588,0.462715,1.90259,6.97657
90.43297536,2.18849,2.18849,0.552141,1.99536,6.99553
90.43475578,2.32533,2.32533,0.685013,2.13282,7.02363
90.4379466,2.57059,2.57059,0.924124,2.37889,7.06804
90.44268896,2.93245,2.93245,1.28151,2.74307,7.12272
90.44529893,3.13007,3.13007,1.47907,2.94237,7.14706
90.44853585,3.37315,3.37315,1.72478,3.18797,7.17161
90.44943384,3.44003,3.44003,1.79294,3.25565,7.17707
90.4503741,3.51006,3.51006,1.86441,3.32652,7.18278
90.45331988,3.72732,3.72732,2.08832,3.54673,7.19653
90.45631375,3.94499,3.94499,2.31564,3.76782,7.20529
90.4623015,4.36865,4.36865,2.76778,4.19948,7.2072
90.474277,5.15206,5.15206,3.64809,5.0028,7.14979
90.47877353,5.42101,5.42101,3.96754,5.28025,7.10739
90.48137816,5.56983,5.56983,4.14896,5.43416,7.07769
90.48386463,5.70693,5.70693,4.31915,5.57616,7.04588
90.48624558,5.83367,5.83367,4.47899,5.70761,7.01226
90.48982353,6.01592,6.01592,4.7127,5.89697,6.95602
90.49382446,6.20837,6.20837,4.96372,6.09737,6.88508
90.49621095,6.31755,6.31755,5.10784,6.2113,6.83876
90.49821554,6.40608,6.40608,5.22546,6.30381,6.79755
90.50013904,6.48832,6.48832,5.33526,6.38987,6.75605
90.5014992,6.5449,6.5449,5.41111,6.44914,6.72556
90.50421952,6.65417,6.65417,5.55845,6.56376,6.66175
90.50966016,6.85729,6.85729,5.83643,6.77752,6.52301
90.51691671,7.09655,7.09655,6.17393,7.03079,6.31538
90.5247675,7.31511,7.31511,6.49779,7.26435,6.06247
90.53443319,7.5274,7.5274,6.83926,7.49493,5.71232
90.54456532,7.68357,7.68357,7.13067,7.67006,5.3014
90.5648296,7.79785,7.79785,7.51403,7.82128,4.35648
90.58950891,7.59594,7.59594,7.63312,7.66128,3.01074
90.61541231,7.00781,7.00781,7.36763,7.11137,1.40737
90.63180875,6.44915,6.44915,7.00304,6.57313,0.308686
90.65146914,5.60727,5.60727,6.38033,5.75138,-1.06638
90.65832545,5.27166,5.27166,6.11738,5.42165,-1.55632
90.66097637,5.13633,5.13633,6.00957,5.28844,-1.74663
90.66348754,5.00541,5.00541,5.90442,5.15944,-1.92691
90.66850007,4.73649,4.73649,5.686,4.89413,-2.28592
90.67852511,4.16988,4.16988,5.21649,4.33389,-2.99359
90.69857521,2.93375,2.93375,4.15783,3.10804,-4.30712
90.70987991,2.18176,2.18176,3.49562,2.36086,-4.95879
90.71520935,1.81463,1.81463,3.16815,1.99584,-5.23905
90.72032009,1.45573,1.45573,2.84562,1.63894,-5.48982
90.72497368,1.12357,1.12357,2.54514,1.30858,-5.70268
90.7300711,0.754322,0.754322,2.20896,0.941292,-5.9192
90.74026593,0.00095975,0.00095975,1.5165,0.191752,-6.30174
90.75098288,-0.808984,-0.808984,0.762597,-0.61454,-6.63304
90.75834331,-1.37363,-1.37363,0.23097,-1.17735,-6.8192
90.76186197,-1.64549,-1.64549,-0.0268288,-1.44854,-6.89642
90.76298886,-1.73256,-1.73256,-0.109865,-1.53573,-6.91917
90.76407048,-1.81634,-1.81634,-0.189767,-1.61941,-6.94101
90.76504747,-1.89201,-1.89201,-0.262101,-1.695,-6.95951
90.76601032,-1.9666,-1.9666,-0.333535,-1.76966,-6.97774
90.76695084,-2.03945,-2.03945,-0.403449,-1.84258,-6.99441
90.76803573,-2.12348,-2.12348,-0.484259,-1.9267,-7.01365
90.76927756,-2.21967,-2.21967,-0.576967,-2.02299,-7.03445
90.77125628,-2.37275,-2.37275,-0.725129,-2.17642,-7.06567
90.774961,-2.65851,-2.65851,-1.00387,-2.46331,-7.11781
90.77868429,-2.94401,-2.94401,-1.28556,-2.75054,-7.16195
90.78141447,-3.15194,-3.15194,-1.49294,-2.96013,-7.18907
90.78456605,-3.39002,-3.39002,-1.73307,-3.20055,-7.21491
90.78553513,-3.46263,-3.46263,-1.8069,-3.27399,-7.22141
90.78646097,-3.53201,-3.53201,-1.87755,-3.34416,-7.22762
90.78773823,-3.62712,-3.62712,-1.97502,-3.44014,-7.23431
90.78959651,-3.76457,-3.76457,-2.11683,-3.57979,-7.24404
90.79301337,-4.01402,-4.01402,-2.37725,-3.83309,-7.25543
90.79984709,-4.49709,-4.49709,-2.89448,-4.32542,-7.25804
90.80986371,-5.15496,-5.15496,-3.634,-4.99998,-7.21416
90.81398932,-5.40601,-5.40601,-3.92997,-5.25879,-7.17976
90.81628662,-5.54024,-5.54024,-4.092,-5.39749,-7.15653
90.81844854,-5.66277,-5.66277,-4.2423,-5.52426,-7.13204
90.82100901,-5.80311,-5.80311,-4.41719,-5.66966,-7.09975
90.82334705,-5.92681,-5.92681,-4.57365,-5.79799,-7.06719
90.82802312,-6.16188,-6.16188,-4.87597,-6.04233,-6.99336
90.83095363,-6.30098,-6.30098,-5.05759,-6.18724,-6.94123
90.83262466,-6.37698,-6.37698,-5.15825,-6.26656,-6.90912
90.83348918,-6.41631,-6.41631,-5.20918,-6.30759,-6.89251
90.83430303,-6.45208,-6.45208,-5.25713,-6.34497,-6.87596
90.83526033,-6.49415,-6.49415,-5.31212,-6.38894,-6.8565
90.83628258,-6.53808,-6.53808,-5.37084,-6.43488,-6.83451
90.83810987,-6.61477,-6.61477,-5.47303,-6.51517,-6.79521
90.84176447,-6.76119,-6.76119,-5.66973,-6.66876,-6.7106
90.84907367,-7.02651,-7.02651,-6.03378,-6.94826,-6.52156
90.85811218,-7.30445,-7.30445,-6.43212,-7.24354,-6.25227
90.86652832,-7.51394,-7.51394,-6.75308,-7.46905,-5.96738
90.87463643,-7.67133,-7.67133,-7.01777,-7.64176,-5.66296
90.89085265,-7.85798,-7.85798,-7.41883,-7.85869,-4.97195
90.91236125,-7.8505,-7.8505,-7.69305,-7.88989,-3.90249
90.95090399,-7.16614,-7.16614,-7.49175,-7.26589,-1.63571
90.9709258,-6.49318,-6.49318,-7.05406,-6.61838,-0.311278
90.98825642,-5.75226,-5.75226,-6.50513,-5.89561,0.892683
90.99526007,-5.41347,-5.41347,-6.24048,-5.56308,1.39007
90.99750264,-5.30038,-5.30038,-6.15069,-5.45187,1.55039
91.00032205,-5.1552,-5.1552,-6.03446,-5.30894,1.75196
91.00308818,-5.00962,-5.00962,-5.91692,-5.16549,1.94972
91.00862043,-4.70946,-4.70946,-5.67169,-4.86929,2.34393
91.01968493,-4.07514,-4.07514,-5.14243,-4.24187,3.11799
91.04181392,-2.68668,-2.68668,-3.94358,-2.86439,4.52647
91.05046685,-2.10372,-2.10372,-3.42704,-2.28499,5.00846
91.05568335,-1.74247,-1.74247,-3.10365,-1.92578,5.27617
91.06040514,-1.40972,-1.40972,-2.80371,-1.59486,5.50244
91.06487253,-1.09026,-1.09026,-2.51399,-1.2771,5.70241
91.07134964,-0.619802,-0.619802,-2.08433,-0.809097,5.96854
91.08256591,0.21246,0.21246,-1.31601,0.0190752,6.36498
91.09440879,1.11048,1.11048,-0.475366,0.913511,6.69716
91.09961002,1.50974,1.50974,-0.0974695,1.31177,6.81537
91.1031725,1.7844,1.7844,0.164098,1.58611,6.8867
91.1043106,1.87215,1.87215,0.248105,1.67375,6.90756
91.1051427,1.9363,1.9363,0.309653,1.73802,6.92281
91.10606675,2.00761,2.00761,0.378122,1.80939,6.93863
91.10710439,2.08768,2.08768,0.455154,1.88954,6.95641
91.10826759,2.17744,2.17744,0.541687,1.97939,6.97466
91.10987752,2.30139,2.30139,0.661752,2.10374,6.99992
91.11266848,2.51627,2.51627,0.870669,2.31917,7.03902
91.11825041,2.94283,2.94283,1.291,2.74819,7.10319
91.12096617,3.14858,3.14858,1.49654,2.95562,7.12766
91.12441045,3.40725,3.40725,1.75793,3.21691,7.1524
91.12528589,3.47242,3.47242,1.82437,3.28285,7.15731
91.12625527,3.54458,3.54458,1.89803,3.35587,7.16276
91.12762485,3.64587,3.64587,2.00209,3.45847,7.16915
91.1297601,3.80254,3.80254,2.16432,3.61736,7.17693
91.13383971,4.09698,4.09698,2.47354,3.91664,7.1844
91.14199893,4.66142,4.66142,3.08521,4.49291,7.17061
91.14825574,5.06752,5.06752,3.54431,4.9098,7.13441
91.1526406,5.33585,5.33585,3.85887,5.18644,7.09596
91.15457958,5.44986,5.44986,3.99572,5.30427,7.0749
91.15579092,5.51957,5.51957,4.08009,5.37638,7.06175
91.15694888,5.58508,5.58508,4.16074,5.44421,7.04737
91.15832856,5.66173,5.66173,4.25558,5.52361,7.03023
91.16045671,5.77696,5.77696,4.39987,5.64311,7.0011
91.16471301,5.99689,5.99689,4.68031,5.8716,6.93556
91.16824677,6.16909,6.16909,4.90407,6.0509,6.87383
91.17118749,6.30537,6.30537,5.08335,6.19308,6.81745
91.17329602,6.39921,6.39921,5.2078,6.29115,6.77424
91.17505399,6.47502,6.47502,5.3088,6.37048,6.73647
91.17612788,6.52026,6.52026,5.36927,6.41786,6.71206
91.17812316,6.60214,6.60214,5.47919,6.50372,6.66672
91.18211373,6.75758,6.75758,5.68985,6.66707,6.56893
91.19009488,7.0355,7.0355,6.07617,6.96063,6.34979
91.20066662,7.33685,7.33685,6.51918,7.28244,6.01277
91.20962887,7.53347,7.53347,6.83523,7.49621,5.68685
91.21897662,7.68181,7.68181,7.108,7.66229,5.30943
91.23767211,7.80922,7.80922,7.48341,7.82441,4.44915
91.26136165,7.65957,7.65957,7.64269,7.71618,3.18001
91.29050469,7.03163,7.03163,7.37862,7.13257,1.39334
91.30829174,6.42352,6.42352,6.98062,6.54706,0.202045
91.32475578,5.72212,5.72212,6.46328,5.86315,-0.94953
91.33113073,5.41652,5.41652,6.22598,5.56341,-1.40468
91.33335642,5.30552,5.30552,6.13842,5.45434,-1.56452
91.33505824,5.21921,5.21921,6.06987,5.36945,-1.68674
91.33672224,5.13364,5.13364,6.00153,5.28524,-1.80631
91.34005024,4.95909,4.95909,5.86106,5.11331,-2.04546
91.34670624,4.59683,4.59683,5.56526,4.75588,-2.52111
91.36001825,3.82308,3.82308,4.91745,3.99042,-3.44633
91.37549932,2.84853,2.84853,4.07692,3.0238,-4.43876
91.38390502,2.28843,2.28843,3.58375,2.46746,-4.92545
91.38803066,2.00611,2.00611,3.33275,2.18691,-5.14812
91.39196294,1.73286,1.73286,3.08836,1.91531,-5.34936
91.39490341,1.526,1.526,2.90246,1.70969,-5.4927
91.39806758,1.30112,1.30112,2.69952,1.48613,-5.64022
91.40439591,0.844772,0.844772,2.28509,1.03241,-5.91496
91.41160458,0.315123,0.315123,1.79997,0.505723,-6.1959
91.42602193,-0.769736,-0.769736,0.793147,-0.573702,-6.65896
91.43394839,-1.37774,-1.37774,0.220853,-1.17959,-6.85829
91.43786094,-1.68002,-1.68002,-0.0660799,-1.48126,-6.9424
91.43914565,-1.77957,-1.77957,-0.160898,-1.58071,-6.96756
91.4401969,-1.86102,-1.86102,-0.238691,-1.66209,-6.98815
91.44106281,-1.92812,-1.92812,-0.302902,-1.72912,-7.00401
91.44204093,-2.00391,-2.00391,-0.375574,-1.80498,-7.02193
91.44304708,-2.08187,-2.08187,-0.450477,-1.88302,-7.03913
91.44421602,-2.17245,-2.17245,-0.537686,-1.97368,-7.05912
91.44582471,-2.29687,-2.29687,-0.658018,-2.09845,-7.0848
91.44862878,-2.51375,-2.51375,-0.868587,-2.31583,-7.12583
91.45423692,-2.94447,-2.94447,-1.2924,-2.74887,-7.1938
91.45692973,-3.14957,-3.14957,-1.49699,-2.95558,-7.21977
91.46034772,-3.40774,-3.40774,-1.75748,-3.21626,-7.24657
91.46121397,-3.47261,-3.47261,-1.82349,-3.28188,-7.25201
91.46219187,-3.54584,-3.54584,-1.89813,-3.35595,-7.25816
91.4635851,-3.64951,-3.64951,-2.00446,-3.46092,-7.2656
91.46576881,-3.81072,-3.81072,-2.17112,-3.62435,-7.27498
91.469985,-4.1168,-4.1168,-2.49219,-3.93535,-7.28526
91.47841737,-4.70279,-4.70279,-3.12711,-4.53346,-7.27526
91.48052547,-4.84207,-4.84207,-3.28349,-4.67632,-7.26517
91.48474165,-5.1132,-5.1132,-3.59302,-4.95495,-7.23903
91.48809407,-5.32007,-5.32007,-3.8349,-5.16813,-7.21148
91.48841205,-5.33915,-5.33915,-3.85785,-5.18783,-7.20886
91.48938503,-5.39754,-5.39754,-3.92712,-5.24811,-7.19942
91.49001582,-5.43481,-5.43481,-3.97203,-5.28662,-7.1933
91.49033606,-5.45373,-5.45373,-3.99461,-5.30617,-7.1902
91.49154306,-5.52397,-5.52397,-4.07973,-5.37879,-7.1772
91.49229924,-5.56699,-5.56699,-4.13242,-5.4233,-7.16906
91.49350188,-5.63542,-5.63542,-4.21624,-5.49411,-7.15508
91.49590717,-5.76806,-5.76806,-4.38114,-5.63152,-7.12477
91.49987842,-5.97725,-5.97725,-4.64603,-5.8486,-7.06793
91.50555441,-6.25581,-6.25581,-5.00625,-6.13844,-6.9722
91.5080151,-6.36925,-6.36925,-5.15514,-6.25675,-6.92546
91.50939926,-6.4305,-6.4305,-5.23683,-6.32139,-6.89731
91.51069677,-6.48792,-6.48792,-5.31203,-6.38074,-6.87093
91.51213317,-6.5494,-6.5494,-5.39371,-6.44506,-6.83964
91.51368876,-6.61436,-6.61436,-5.48033,-6.51309,-6.80575
91.51679994,-6.73923,-6.73923,-5.64801,-6.64407,-6.73317
91.5230223,-6.96903,-6.96903,-5.96199,-6.88599,-6.57362
91.53020548,-7.20155,-7.20155,-6.29034,-7.13235,-6.36607
91.53681602,-7.3848,-7.3848,-6.56119,-7.32824,-6.15354
91.54449882,-7.56114,-7.56114,-6.83914,-7.51919,-5.88146
91.55986443,-7.79773,-7.79773,-7.27885,-7.78472,-5.26122
91.57919399,-7.88134,-7.88134,-7.61656,-7.90379,-4.34868
91.61039339,-7.54218,-7.54218,-7.67653,-7.61718,-2.61285
91.63542073,-6.87591,-6.87591,-7.31409,-6.9866,-1.0272
91.65200087,-6.25556,-6.25556,-6.88424,-6.38603,0.0988992
91.66454517,-5.69889,-5.69889,-6.46471,-5.84204,0.98015
91.66985213,-5.44182,-5.44182,-6.2637,-5.58974,1.35851
91.6729989,-5.28357,-5.28357,-6.13809,-5.43414,1.58399
91.67433376,-5.21519,-5.21519,-6.08342,-5.36685,1.67964
91.67700349,-5.07625,-5.07625,-5.97163,-5.23001,1.87106
91.68234295,-4.7899,-4.7899,-5.73854,-4.9476,2.25292
91.69302188,-4.1851,-4.1851,-5.23585,-4.34972,3.00499
91.71437973,-2.86165,-2.86165,-4.09767,-3.0373,4.38973
91.72344359,-2.25771,-2.25771,-3.56445,-2.43723,4.91012
91.72836394,-1.92025,-1.92025,-3.26332,-2.10175,5.17141
91.73305238,-1.593,-1.593,-2.96929,-1.77634,5.40485
91.73646261,-1.35169,-1.35169,-2.75128,-1.53637,5.56499
91.74022592,-1.0824,-1.0824,-2.50685,-1.26855,5.73238
91.74775254,-0.535261,-0.535261,-2.00663,-0.724326,6.0387
91.75653463,0.115969,0.115969,-1.40533,-0.0763944,6.3495
91.76920825,1.07498,1.07498,-0.508336,0.878544,6.71195
91.77454688,1.48433,1.48433,-0.121009,1.28677,6.83454
91.77828361,1.77219,1.77219,0.15308,1.57405,6.90987
91.77946819,1.86344,1.86344,0.240455,1.66542,6.93166
91.78030114,1.92761,1.92761,0.302024,1.72966,6.94697
91.78124356,2.00028,2.00028,0.371811,1.80235,6.96316
91.78225582,2.07835,2.07835,0.446911,1.88042,6.98055
91.78341053,2.16739,2.16739,0.532756,1.96953,6.99875
91.78495252,2.28606,2.28606,0.647673,2.08852,7.02306
91.78759245,2.48921,2.48921,0.845114,2.29223,7.06041
91.7928723,2.89282,2.89282,1.24229,2.69797,7.12252
91.79574521,3.11064,3.11064,1.4595,2.91746,7.14929
91.7992939,3.37734,3.37734,1.72865,3.18674,7.17558
91.8001709,3.44268,3.44268,1.79516,3.25283,7.18068
91.80109885,3.51182,3.51182,1.86565,3.32275,7.18608
91.80410436,3.73356,3.73356,2.09394,3.54739,7.1993
91.8071796,3.95714,3.95714,2.32724,3.77437,7.20736
91.81333009,4.39185,4.39185,2.79115,4.21715,7.20702
91.82563106,5.19286,5.19286,3.69283,5.03848,7.14187
91.83018392,5.46303,5.46303,4.01472,5.31719,7.09622
91.83300329,5.62249,5.62249,4.20983,5.48209,7.06219
91.83571456,5.76997,5.76997,4.39375,5.63487,7.02538
91.8381584,5.89801,5.89801,4.55601,5.7677,6.9888
91.84304609,6.14051,6.14051,4.86889,6.01982,6.90608
91.84645765,6.29928,6.29928,5.07718,6.1853,6.84087
91.84803269,6.36917,6.36917,5.17036,6.25829,6.80832
91.84898529,6.41144,6.41144,5.22541,6.30243,6.78863
91.84989445,6.45021,6.45021,5.27795,6.34298,6.76871
91.85129919,6.51012,6.51012,5.35727,6.40564,6.73792
91.8527241,6.569,6.569,5.43612,6.46731,6.70533
91.85557391,6.68249,6.68249,5.58908,6.58635,6.63705
91.86127354,6.89257,6.89257,5.87679,6.80746,6.48835
91.86846555,7.12583,7.12583,6.20656,7.05448,6.27808
91.87586449,7.32914,7.32914,6.50834,7.27182,6.03615
91.88738011,7.57267,7.57267,6.9047,7.53697,5.61023
91.89843007,7.7241,7.7241,7.20262,7.70892,5.14773
91.92052999,7.79313,7.79313,7.56264,7.81776,4.0801
91.94640903,7.49707,7.49707,7.59889,7.56461,2.62024
91.96820949,6.95181,6.95181,7.32192,7.05084,1.24351
91.98276317,6.44672,6.44672,6.9881,6.56389,0.262489
92.00042411,5.69563,5.69563,6.43411,5.83134,-0.974914
92.00667905,5.39486,5.39486,6.20009,5.53621,-1.42238
92.00896726,5.28046,5.28046,6.10968,5.42375,-1.58702
92.01089848,5.18217,5.18217,6.03145,5.32703,-1.72597
92.01280342,5.08368,5.08368,5.95258,5.23006,-1.86303
92.01661331,4.88227,4.88227,5.78987,5.03156,-2.13696
92.02423309,4.46242,4.46242,5.44523,4.617,-2.68063
92.03947266,3.55976,3.55976,4.68374,3.72329,-3.72625
92.05128258,2.80723,2.80723,4.0317,2.97653,-4.47407
92.06118747,2.14394,2.14394,3.44639,2.31761,-5.04005
92.06548718,1.84746,1.84746,3.18194,2.02296,-5.26609
92.06944954,1.57005,1.57005,2.93302,1.7472,-5.46308
92.07433381,1.22295,1.22295,2.61969,1.40215,-5.69094
92.07934937,0.861021,0.861021,2.29084,1.04232,-5.90814
92.08938049,0.1224,0.1224,1.61336,0.307816,-6.2933
92.09982505,-0.66451,-0.664511,0.882668,-0.475077,-6.62639
92.10754406,-1.25549,-1.25549,0.327771,-1.06361,-6.82878
92.11120101,-1.53765,-1.53765,0.0608214,-1.34492,-6.91181
92.11226651,-1.62013,-1.62013,-0.0174256,-1.42723,-6.93423
92.11296313,-1.67405,-1.67405,-0.0686898,-1.48105,-6.94888
92.11399909,-1.75425,-1.75425,-0.145076,-1.56107,-6.96947
92.11502341,-1.83363,-1.83363,-0.220776,-1.64041,-6.98983
92.11591283,-1.90256,-1.90256,-0.286641,-1.7093,-7.00644
92.11690634,-1.97956,-1.97956,-0.360359,-1.78626,-7.02499
92.11786968,-2.05422,-2.05422,-0.431982,-1.86087,-7.04183
92.11896996,-2.13949,-2.13949,-0.513953,-1.94619,-7.06107
92.12029422,-2.24212,-2.24212,-0.61284,-2.04887,-7.08286
92.12247063,-2.41053,-2.41053,-0.775881,-2.21762,-7.11638
92.12673631,-2.73938,-2.73938,-1.09713,-2.54767,-7.17382
92.13030688,-3.01281,-3.01281,-1.36752,-2.82269,-7.21354
92.13283077,-3.20449,-3.20449,-1.55943,-3.01589,-7.23704
92.13390803,-3.2863,-3.2863,-1.64134,-3.09836,-7.24571
92.13459061,-3.33775,-3.33775,-1.69339,-3.1503,-7.25119
92.13560505,-3.41421,-3.41421,-1.77074,-3.22749,-7.25823
92.1365844,-3.48752,-3.48752,-1.84541,-3.3016,-7.26502
92.13771862,-3.57243,-3.57243,-1.9319,-3.38743,-7.27136
92.13917661,-3.6808,-3.6808,-2.04307,-3.4971,-7.2795
92.14168035,-3.86522,-3.86522,-2.23398,-3.68398,-7.28976
92.14668784,-4.22653,-4.22653,-2.61455,-4.05105,-7.29938
92.1567028,-4.90919,-4.90919,-3.36291,-4.74821,-7.27567
92.16341456,-5.33026,-5.33026,-3.84935,-5.18084,-7.2282
92.16639641,-5.50686,-5.50686,-4.06046,-5.3629,-7.19907
92.16885534,-5.64729,-5.64729,-4.23165,-5.50791,-7.17138
92.1709301,-5.76208,-5.76208,-4.37376,-5.6266,-7.14545
92.17305413,-5.87611,-5.87611,-4.5168,-5.74463,-7.1165
92.1773022,-6.09387,-6.09387,-4.79442,-5.97044,-7.05138
92.18055996,-6.25179,-6.25179,-4.99894,-6.13453,-6.99497
92.18271369,-6.35193,-6.35193,-5.12984,-6.23875,-6.95407
92.1837051,-6.39663,-6.39663,-5.18858,-6.28533,-6.93524
92.184485,-6.43179,-6.43179,-5.23478,-6.32197,-6.91948
92.18522387,-6.46416,-6.46416,-5.27749,-6.35573,-6.90456
92.18630124,-6.51136,-6.51136,-5.33976,-6.40497,-6.88174
92.18749842,-6.56254,-6.56254,-5.4075,-6.45841,-6.85639
92.18989277,-6.66189,-6.66189,-5.53962,-6.56227,-6.80284
92.19468149,-6.84868,-6.84868,-5.7909,-6.75803,-6.68711
92.20162714,-7.09168,-7.09168,-6.1259,-7.0139,-6.49919
92.20945513,-7.32634,-7.32634,-6.4632,-7.26294,-6.25971
92.21788062,-7.533,-7.533,-6.77994,-7.48498,-5.97025
92.22692171,-7.70246,-7.70246,-7.0675,-7.67087,-5.62455
92.24500388,-7.88267,-7.88267,-7.48359,-7.88347,-4.83228
92.2678372,-7.8188,-7.8188,-7.71405,-7.85877,-3.65971
92.30882193,-6.95969,-6.95969,-7.35658,-7.05931,-1.17854
92.32868424,-6.22357,-6.22357,-6.84654,-6.34598,0.165315
92.34251474,-5.59893,-5.59893,-6.37081,-5.73449,1.13821
92.3486349,-5.29489,-5.29489,-6.13017,-5.43553,1.57496
92.35085041,-5.18082,-5.18082,-6.03865,-5.32319,1.73364
92.35292417,-5.0722,-5.0722,-5.95093,-5.21613,1.88217
92.3570717,-4.84983,-4.84983,-5.76973,-4.99673,2.17872
92.36536674,-4.38544,-4.38544,-5.38509,-4.5377,2.76595
92.38195683,-3.38489,-3.38489,-4.53303,-3.54601,3.88427
92.39437,-2.57928,-2.57928,-3.82847,-2.74588,4.64275
92.40088875,-2.13828,-2.13828,-3.43695,-2.30749,5.0057
92.40404191,-1.92083,-1.92083,-3.24252,-2.09127,5.17121
92.4070817,-1.70882,-1.70882,-3.05214,-1.88044,5.32409
92.41021842,-1.48775,-1.48775,-2.85279,-1.66059,5.47492
92.41361303,-1.24599,-1.24599,-2.63383,-1.42014,5.63036
92.42040226,-0.755232,-0.755232,-2.18646,-0.932024,5.91779
92.42959225,-0.0772193,-0.0772193,-1.56235,-0.257531,6.2587
92.44313071,0.944634,0.944634,-0.608961,0.759675,6.66311
92.45008044,1.47737,1.47737,-0.105397,1.29083,6.82612
92.45429582,1.80236,1.80236,0.204207,1.61518,6.91044
92.45568233,1.90926,1.90926,0.306687,1.72222,6.93549
92.45638189,1.96319,1.96319,0.358506,1.77623,6.94813
92.45730378,2.03434,2.03434,0.426904,1.8474,6.96363
92.45843259,2.12145,2.12145,0.510818,1.93454,6.9826
92.4598348,2.22966,2.22966,0.615298,2.04284,7.0047
92.46205888,2.40101,2.40101,0.781538,2.21461,7.0373
92.46643073,2.73643,2.73643,1.10999,2.55139,7.09271
92.47003589,3.01105,3.01105,1.38227,2.82772,7.12976
92.47256654,3.20218,3.20218,1.57415,3.02044,7.15114
92.47351545,3.27384,3.27384,1.6461,3.09271,7.15797
92.47421113,3.32598,3.32598,1.69885,3.14537,7.16299
92.47522135,3.4017,3.4017,1.77562,3.22183,7.16917
92.47621805,3.47588,3.47588,1.85136,3.29684,7.17527
92.47735152,3.56024,3.56024,1.93749,3.38215,7.18067
92.47882838,3.66935,3.66935,2.04972,3.4926,7.1877
92.48137235,3.85554,3.85554,2.24293,3.68134,7.19597
92.48646028,4.22001,4.22001,2.62794,4.05176,7.2012
92.49663614,4.90713,4.90713,3.38399,4.75375,7.16723
92.50333363,5.3223,5.3223,3.86587,5.18049,7.113
92.50631873,5.49678,5.49678,4.0755,5.36044,7.08077
92.50918542,5.65777,5.65777,4.27303,5.52678,7.04522
92.51146141,5.78098,5.78098,4.42684,5.65426,7.0138
92.51389173,5.90808,5.90808,4.5878,5.78595,6.97717
92.51875238,6.14888,6.14888,4.89804,6.03595,6.89448
92.52156323,6.28013,6.28013,5.06974,6.17252,6.84097
92.52318542,6.35275,6.35275,5.16609,6.2482,6.80784
92.52404501,6.39123,6.39123,5.21601,6.28831,6.79029
92.52486229,6.42652,6.42652,5.26347,6.32514,6.77266
92.52598151,6.47485,6.47485,5.3272,6.37558,6.74853
92.5271734,6.52499,6.52499,5.39395,6.42797,6.72187
92.52942877,6.61714,6.61714,5.5172,6.52436,6.66945
92.53393951,6.79081,6.79081,5.75208,6.70645,6.55692
92.54197685,7.06549,7.06549,6.13393,6.99598,6.33163
92.55073573,7.31474,7.31474,6.49861,7.26121,6.05101
92.55957523,7.51397,7.51397,6.81385,7.47643,5.73204
92.56903671,7.66977,7.66977,7.09372,7.64919,5.35259
92.58795968,7.80771,7.80771,7.47899,7.82037,4.4852
92.61175172,7.66579,7.66579,7.6429,7.71783,3.21259
92.64231162,7.00531,7.00531,7.35807,7.10101,1.33565
92.66068417,6.36683,6.36683,6.93266,6.48414,0.0996283
92.67603795,5.70615,5.70615,6.44063,5.83848,-0.977877
92.6821714,5.4115,5.4115,6.2107,5.54903,-1.41653
92.68433921,5.30332,5.30332,6.12501,5.44258,-1.57248
92.68618118,5.20981,5.20981,6.05045,5.3505,-1.70498
92.68800108,5.11603,5.11603,5.97523,5.25808,-1.8359
92.69164087,4.9244,4.9244,5.82024,5.06906,-2.09763
92.69892046,4.52548,4.52548,5.49264,4.67491,-2.61762
92.71347963,3.66959,3.66959,4.77104,3.82704,-3.62222
92.72497488,2.94338,2.94338,4.14266,3.10607,-4.36036
92.73461803,2.30309,2.30309,3.57856,2.46971,-4.92472
92.7386413,2.02807,2.02807,3.33371,2.19625,-5.1429
92.74201987,1.79379,1.79379,3.12401,1.96327,-5.31742
92.74468669,1.60683,1.60683,2.95596,1.77733,-5.44945
92.74746264,1.41041,1.41041,2.77875,1.58197,-5.58155
92.75301455,1.01235,1.01235,2.41764,1.18605,-5.82995
92.76411837,0.197711,0.197711,1.67084,0.375654,-6.266
92.77462005,-0.592239,-0.592239,0.937296,-0.410499,-6.60598
92.78267811,-1.20872,-1.20872,0.358406,-1.02454,-6.82009
92.78655548,-1.50787,-1.50787,0.0753054,-1.32283,-6.90881
92.78810551,-1.6279,-1.6279,-0.0386437,-1.44255,-6.9414
92.78871255,-1.67491,-1.67491,-0.083385,-1.48944,-6.95416
92.78977499,-1.75718,-1.75718,-0.161839,-1.57171,-6.97513
92.79078359,-1.83539,-1.83539,-0.236485,-1.64981,-6.99504
92.79168073,-1.90496,-1.90496,-0.303017,-1.71928,-7.01167
92.7926616,-1.98102,-1.98102,-0.375901,-1.79537,-7.02986
92.79364167,-2.05702,-2.05702,-0.448869,-1.87139,-7.04685
92.79475632,-2.14346,-2.14346,-0.532029,-1.95786,-7.06617
92.79615543,-2.25181,-2.25181,-0.636661,-2.06639,-7.08895
92.79849497,-2.43299,-2.43299,-0.812212,-2.24787,-7.1244
92.80317407,-2.79359,-2.79359,-1.16528,-2.6099,-7.18547
92.80659608,-3.05542,-3.05542,-1.42493,-2.87334,-7.22185
92.80986805,-3.30375,-3.30375,-1.67415,-3.12368,-7.25013
92.81063484,-3.36153,-3.36153,-1.73255,-3.18201,-7.25562
92.81159671,-3.434,-3.434,-1.80598,-3.25517,-7.26251
92.81390836,-3.6069,-3.6069,-1.98244,-3.42995,-7.27632
92.81578168,-3.7458,-3.7458,-2.12544,-3.57054,-7.28522
92.81927636,-4.00154,-4.00154,-2.39188,-3.82985,-7.29636
92.82626571,-4.49657,-4.49657,-2.92088,-4.33355,-7.29753
92.83500554,-5.07588,-5.07588,-3.56786,-4.92613,-7.25999
92.83920309,-5.33594,-5.33594,-3.87076,-5.19338,-7.22673
92.84137539,-5.46537,-5.46537,-4.02503,-5.32669,-7.20568
92.84270538,-5.54279,-5.54279,-4.11811,-5.4065,-7.19104
92.84397805,-5.61552,-5.61552,-4.20719,-5.48154,-7.17704
92.84538242,-5.69427,-5.69427,-4.3041,-5.56285,-7.16005
92.84819115,-5.8471,-5.8471,-4.49469,-5.72081,-7.12288
92.85331325,-6.1103,-6.1103,-4.82956,-5.99342,-7.04426
92.85721955,-6.29793,-6.29793,-5.07269,-6.18825,-6.97499
92.85901811,-6.38058,-6.38058,-5.1808,-6.27421,-6.93993
92.86004758,-6.42648,-6.42648,-5.24114,-6.32201,-6.91986
92.86102326,-6.46999,-6.46999,-5.29832,-6.36731,-6.89956
92.86230086,-6.52486,-6.52486,-5.37152,-6.42453,-6.87297
92.86365928,-6.5832,-6.5832,-5.44792,-6.48537,-6.84345
92.86637611,-6.69481,-6.69481,-5.59642,-6.60195,-6.78161
92.87180978,-6.90274,-6.90274,-5.8769,-6.81974,-6.64684
92.87858361,-7.13367,-7.13367,-6.19691,-7.06286,-6.4586
92.88551332,-7.33777,-7.33777,-6.49138,-7.27933,-6.24336
92.89625971,-7.5908,-7.5908,-6.88416,-7.55143,-5.86609
92.90671406,-7.76385,-7.76385,-7.19312,-7.74289,-5.45057
92.92762276,-7.89974,-7.89974,-7.59982,-7.91486,-4.48874
92.95223549,-7.71601,-7.71601,-7.72897,-7.77105,-3.15992
92.98221651,-7.02747,-7.02747,-7.40423,-7.12437,-1.30886
93.00052742,-6.37337,-6.37337,-6.95953,-6.49126,-0.0762201
93.01548343,-5.71902,-5.71902,-6.46711,-5.85114,0.971727
93.02153959,-5.42492,-5.42492,-6.23601,-5.56202,1.40362
93.02364239,-5.31902,-5.31902,-6.15161,-5.45775,1.55438
93.02530934,-5.23374,-5.23374,-6.08324,-5.37372,1.67388
93.02694592,-5.1489,-5.1489,-6.01487,-5.29007,1.79121
93.03021909,-4.97598,-4.97598,-5.87451,-5.11944,2.02588
93.03676542,-4.61764,-4.61764,-5.57971,-4.76532,2.49264
93.04985809,-3.85424,-3.85424,-4.93672,-4.00905,3.40107
93.07604343,-2.16771,-2.16771,-3.46212,-2.33393,4.97555
93.08525078,-1.52863,-1.52863,-2.88806,-1.69828,5.43781
93.09361683,-0.930372,-0.930372,-2.34436,-1.10304,5.81099
93.10335267,-0.216391,-0.216391,-1.68819,-0.392486,6.188
93.11388151,0.573546,0.573546,-0.953536,0.39395,6.52746
93.12199505,1.19234,1.19234,-0.371656,1.0105,6.74146
93.12596479,1.49759,1.49759,-0.0823946,1.31495,6.83123
93.1280108,1.65546,1.65546,0.0677729,1.47251,6.87328
93.12866548,1.70598,1.70598,0.115973,1.52293,6.88673
93.12965396,1.78226,1.78226,0.188876,1.59925,6.90564
93.1305987,1.85524,1.85524,0.258693,1.6722,6.92371
93.13150851,1.92552,1.92552,0.326056,1.74245,6.94006
93.13248235,2.00075,2.00075,0.398293,1.81765,6.95755
93.13348907,2.07852,2.07852,0.473112,1.89547,6.9744
93.1346245,2.16623,2.16623,0.557665,1.98325,6.9934
93.13615101,2.28391,2.28391,0.671612,2.10126,7.01724
93.13877521,2.4862,2.4862,0.868181,2.30398,7.05494
93.1440236,2.88817,2.88817,1.26355,2.70788,7.11787
93.14680575,3.09956,3.09956,1.47418,2.92077,7.14453
93.15024956,3.35905,3.35905,1.73567,3.18256,7.17113
93.15123369,3.43257,3.43257,1.8104,3.25686,7.17718
93.15212672,3.49929,3.49929,1.8783,3.32428,7.18267
93.15341436,3.59491,3.59491,1.97621,3.42068,7.18869
93.15522417,3.72841,3.72841,2.11383,3.55617,7.19716
93.15851776,3.96832,3.96832,2.36391,3.7995,7.20639
93.16510492,4.43372,4.43372,2.86068,4.27307,7.206
93.17827926,5.28372,5.28372,3.82155,5.14363,7.13136
93.1800157,5.38718,5.38718,3.94442,5.2502,7.11383
93.18048847,5.4148,5.4148,3.97787,5.27867,7.10906
93.1813948,5.46774,5.46774,4.04129,5.33326,7.09903
93.18211418,5.50892,5.50892,4.09163,5.37575,7.09106
93.1828661,5.55195,5.55195,4.1436,5.42016,7.082
93.18404073,5.61791,5.61791,4.22479,5.48827,7.06786
93.18634984,5.74431,5.74431,4.38184,5.61892,7.03738
93.19022397,5.94702,5.94702,4.63828,5.82877,6.9798
93.19797222,6.31872,6.31872,5.11967,6.21482,6.84077
93.20070951,6.4395,6.4395,5.27909,6.34065,6.78412
93.20319726,6.54461,6.54461,5.41892,6.45036,6.72927
93.20548337,6.63735,6.63735,5.54317,6.5473,6.67608
93.20799472,6.73502,6.73502,5.67505,6.64958,6.61459
93.21301743,6.91728,6.91728,5.92482,6.84098,6.48221
93.21963559,7.13104,7.13104,6.22641,7.06666,6.28898
93.22625754,7.31516,7.31516,6.49775,7.26261,6.07479
93.23555229,7.52395,7.52395,6.82859,7.48787,5.74025
93.24740604,7.70729,7.70729,7.16742,7.692,5.25897
93.26949882,7.80834,7.80834,7.55647,7.83071,4.21348
93.29552855,7.54476,7.54476,7.62426,7.60807,2.76604
93.31935041,6.96447,6.96447,7.33428,7.06015,1.27161
93.33485639,6.42392,6.42392,6.9738,6.53747,0.226946
93.35307276,5.6401,5.6401,6.38998,5.77099,-1.0499
93.35949874,5.32699,5.32699,6.1442,5.46304,-1.50951
93.36195833,5.2023,5.2023,6.0448,5.34019,-1.68627
93.36429377,5.08153,5.08153,5.94779,5.22111,-1.85412
93.36783245,4.89429,4.89429,5.79605,5.03629,-2.10826
93.37490982,4.50505,4.50505,5.47594,4.65149,-2.61318
93.38906454,3.67178,3.67178,4.77305,3.82568,-3.58975
93.40038963,2.95652,2.95652,4.1542,3.11534,-4.31867
93.40988237,2.3268,2.3268,3.59961,2.4893,-4.8773
93.41390139,2.05239,2.05239,3.3554,2.21636,-5.09687
93.41647738,1.87422,1.87422,3.19607,2.03912,-5.23173
93.41893177,1.70288,1.70288,3.04232,1.86868,-5.3558
93.42121055,1.54247,1.54247,2.8979,1.7091,-5.46714
93.42576811,1.21804,1.21804,2.60447,1.38634,-5.67896
93.43488324,0.555982,0.555982,2.00039,0.727622,-6.06093
93.44537985,-0.225507,-0.225507,1.27879,-0.0501063,-6.43431
93.4592258,-1.27978,-1.27978,0.290394,-1.10068,-6.82122
93.4641513,-1.65972,-1.65972,-0.0703983,-1.48001,-6.93022
93.4657689,-1.78498,-1.78498,-0.189863,-1.6052,-6.96234
93.46662808,-1.85152,-1.85152,-0.253497,-1.6717,-6.9794
93.4675259,-1.92104,-1.92104,-0.320119,-1.74118,-6.99605
93.46847389,-1.99446,-1.99446,-0.390599,-1.81469,-7.01363
93.46957297,-2.07957,-2.07957,-0.47248,-1.89992,-7.03264
93.47077165,-2.17239,-2.17239,-0.561982,-1.99287,-7.05336
93.47263359,-2.31625,-2.31625,-0.701405,-2.13726,-7.08323
93.47602779,-2.57848,-2.57848,-0.956716,-2.4002,-7.1323
93.48036102,-2.91103,-2.91103,-1.28455,-2.73462,-7.18495
93.48286721,-3.10206,-3.10206,-1.47499,-2.92709,-7.21029
93.48594047,-3.3346,-3.3346,-1.70921,-3.16176,-7.23629
93.48681466,-3.40025,-3.40025,-1.77584,-3.2281,-7.24242
93.48776537,-3.47164,-3.47164,-1.84841,-3.30025,-7.24909
93.4905206,-3.67672,-3.67672,-2.05872,-3.50781,-7.26471
93.49315838,-3.87069,-3.87069,-2.26007,-3.70447,-7.27551
93.49843394,-4.25015,-4.25015,-2.66116,-4.09018,-7.28503
93.50898505,-4.9636,-4.9636,-3.44801,-4.81915,-7.25651
93.51548704,-5.36659,-5.36659,-3.91725,-5.23332,-7.20781
93.51864917,-5.55138,-5.55138,-4.13985,-5.42384,-7.17565
93.52154893,-5.71404,-5.71404,-4.33993,-5.59182,-7.14135
93.52431809,-5.86326,-5.86326,-4.52679,-5.74619,-7.10436
93.52733714,-6.01928,-6.01928,-4.72526,-5.90783,-7.05934
93.53337524,-6.31112,-6.31112,-5.10292,-6.21094,-6.95489
93.5353686,-6.40163,-6.40163,-5.22163,-6.30518,-6.91622
93.53707769,-6.47698,-6.47698,-5.32094,-6.3837,-6.88142
93.53870727,-6.54689,-6.54689,-5.41346,-6.45665,-6.84622
93.54022576,-6.61037,-6.61037,-5.49781,-6.52294,-6.81342
93.54326273,-6.73251,-6.73251,-5.66119,-6.6507,-6.74305
93.54933669,-6.95776,-6.95776,-5.9676,-6.88708,-6.58857
93.55632617,-7.18587,-7.18587,-6.28782,-7.12785,-6.38861
93.56285864,-7.36926,-7.36926,-6.55672,-7.32298,-6.1808
93.57058955,-7.54948,-7.54948,-6.83793,-7.517,-5.90961
93.58605136,-7.7923,-7.7923,-7.28259,-7.78713,-5.2899
93.60533271,-7.88113,-7.88113,-7.62172,-7.90909,-4.38438
93.63598153,-7.5611,-7.5611,-7.68917,-7.63732,-2.68779
93.66197598,-6.877,-6.877,-7.31677,-6.98753,-1.04591
93.67895175,-6.241,-6.241,-6.87302,-6.36991,0.106613
93.69158259,-5.67844,-5.67844,-6.44643,-5.81876,0.994104
93.69693379,-5.41824,-5.41824,-6.24185,-5.5628,1.37568
93.6987679,-5.32617,-5.32617,-6.16855,-5.47209,1.50713
93.70173478,-5.17424,-5.17424,-6.04665,-5.32228,1.71976
93.70468009,-5.01987,-5.01987,-5.92169,-5.16992,1.93085
93.71057071,-4.70092,-4.70092,-5.66027,-4.85466,2.3516
93.72235194,-4.02457,-4.02457,-5.09359,-4.18457,3.1764
93.7459144,-2.53764,-2.53764,-3.80284,-2.70729,4.65882
93.74753578,-2.42845,-2.42845,-3.70593,-2.59863,4.75138
93.75077853,-2.20842,-2.20842,-3.51007,-2.37964,4.93203
93.7530704,-2.05141,-2.05141,-3.36981,-2.22336,5.0555
93.75467083,-1.94101,-1.94101,-3.27091,-2.11346,5.13942
93.75576848,-1.86474,-1.86474,-3.2024,-2.03754,5.19585
93.75709371,-1.77267,-1.77267,-3.11969,-1.94588,5.26277
93.75974417,-1.58691,-1.58691,-2.95224,-1.76096,5.39275
93.76501998,-1.21243,-1.21243,-2.61288,-1.38816,5.63667
93.77557159,-0.446498,-0.446498,-1.9118,-0.625581,6.0682
93.7859715,0.327601,0.327601,-1.19431,0.145338,6.42271
93.79677114,1.14726,1.14726,-0.424926,0.962298,6.71855
93.80150093,1.51019,1.51019,-0.080843,1.3245,6.82522
93.80476384,1.76159,1.76159,0.158798,1.57567,6.89077
93.80579968,1.84139,1.84139,0.235243,1.65541,6.90991
93.80674812,1.91447,1.91447,0.305383,1.72863,6.92744
93.8076492,1.98394,1.98394,0.372145,1.79819,6.94301
93.80867321,2.06289,2.06289,0.448157,1.87725,6.96072
93.80980243,2.14994,2.14994,0.53215,1.96443,6.97868
93.81129122,2.26472,2.26472,0.64315,2.07937,7.00237
93.81379865,2.45762,2.45762,0.830737,2.27289,7.03837
93.81881352,2.84135,2.84135,1.20801,2.65863,7.09903
93.82212697,3.09282,3.09282,1.45858,2.91201,7.13085
93.82587008,3.37423,3.37423,1.74253,3.19614,7.15892
93.82771751,3.51188,3.51188,1.88291,3.33536,7.16971
93.82903099,3.60915,3.60915,1.98272,3.43383,7.17616
93.83095586,3.75067,3.75067,2.12899,3.57726,7.18379
93.83451555,4.00879,4.00879,2.39903,3.83935,7.19218
93.84163492,4.50759,4.50759,2.93476,4.34764,7.18701
93.84847948,4.96014,4.96014,3.44023,4.81109,7.15478
93.85404449,5.30465,5.30465,3.84097,5.1655,7.10916
93.85639708,5.44336,5.44336,4.00705,5.30861,7.08469
93.85785891,5.52735,5.52735,4.10909,5.39536,7.06738
93.85925503,5.60595,5.60595,4.2056,5.47662,7.05086
93.8608016,5.69119,5.69119,4.31135,5.56481,7.03069
93.86341139,5.83072,5.83072,4.4868,5.70934,6.99372
93.86863098,6.09415,6.09415,4.82478,5.9828,6.90888
93.87258205,6.28004,6.28004,5.06789,6.17629,6.83507
93.87436962,6.36039,6.36039,5.17401,6.26007,6.79851
93.87542196,6.40623,6.40623,5.23488,6.30794,6.77698
93.87642229,6.44981,6.44981,5.29275,6.35344,6.75512
93.87798818,6.51601,6.51601,5.38104,6.42264,6.7209
93.87948517,6.57769,6.57769,5.46362,6.48718,6.68663
93.88247913,6.69634,6.69634,5.62357,6.61153,6.61469
93.88846707,6.91501,6.91501,5.92347,6.8415,6.45742
93.89570064,7.14639,7.14639,6.25156,7.08638,6.24417
93.90282555,7.33958,7.33958,6.53928,7.29273,6.00991
93.91238554,7.54537,7.54537,6.87156,7.51602,5.65931
93.92597946,7.73431,7.73431,7.24013,7.72951,5.0932
93.94771932,7.79132,7.79132,7.58216,7.82445,4.03839
93.97634078,7.43173,7.43173,7.58711,7.51019,2.41052
93.9973084,6.87413,6.87413,7.28447,6.98099,1.07328
94.01197669,6.34618,6.34618,6.92682,6.47,0.0785392
94.02645106,5.72288,5.72288,6.46356,5.86086,-0.938031
94.03205972,5.45521,5.45521,6.25558,5.59797,-1.33905
94.03514285,5.30208,5.30208,6.13468,5.44729,-1.56069
94.03634993,5.24101,5.24101,6.08611,5.38715,-1.64759
94.03876408,5.11706,5.11706,5.98695,5.265,-1.8214
94.04359239,4.86204,4.86204,5.78065,5.01337,-2.16853
94.053249,4.32484,4.32484,5.33737,4.48218,-2.85506
94.07256222,3.15257,3.15257,4.33775,3.31952,-4.14461
94.08564884,2.29126,2.29126,3.58134,2.46352,-4.91689
94.09143762,1.89439,1.89439,3.22765,2.06882,-5.22612
94.09699052,1.50552,1.50552,2.87826,1.68199,-5.50162
94.10097181,1.22214,1.22214,2.62198,1.40005,-5.68619
94.10548805,0.896394,0.896394,2.32577,1.07595,-5.8826
94.11452053,0.232765,0.232765,1.71715,0.415567,-6.23538
94.12499818,-0.554478,-0.554478,0.986667,-0.368121,-6.57944
94.13348346,-1.20313,-1.20313,0.377833,-1.01441,-6.80774
94.13746186,-1.50995,-1.50995,0.0874837,-1.32046,-6.89944
94.13911741,-1.63811,-1.63811,-0.0342015,-1.44835,-6.93441
94.1397352,-1.68593,-1.68593,-0.0797338,-1.49608,-6.94746
94.14077342,-1.7663,-1.7663,-0.156396,-1.57648,-6.96804
94.14175719,-1.84256,-1.84256,-0.229198,-1.65267,-6.98753
94.14265567,-1.91221,-1.91221,-0.295823,-1.72225,-7.00427
94.14363528,-1.98814,-1.98814,-0.368605,-1.79825,-7.02252
94.1446193,-2.06442,-2.06442,-0.44186,-1.87459,-7.03967
94.14573586,-2.15098,-2.15098,-0.525155,-1.96121,-7.05913
94.14715144,-2.26056,-2.26056,-0.631012,-2.07103,-7.08229
94.14952877,-2.44458,-2.44458,-0.809395,-2.25547,-7.11848
94.15428342,-2.81077,-2.81077,-1.16819,-2.62333,-7.18067
94.15770564,-3.07239,-3.07239,-1.42788,-2.88673,-7.21709
94.16097934,-3.3206,-3.3206,-1.67725,-3.13713,-7.24541
94.16175271,-3.3788,-3.3788,-1.73616,-3.19593,-7.25096
94.16271154,-3.45096,-3.45096,-1.80936,-3.26884,-7.25783
94.16507305,-3.62735,-3.62735,-1.98963,-3.44729,-7.27192
94.16702085,-3.77151,-3.77151,-2.13833,-3.59334,-7.28109
94.17071654,-4.04121,-4.04121,-2.42004,-3.86708,-7.29241
94.17810794,-4.56166,-4.56166,-2.97877,-4.39734,-7.29148
94.18409411,-4.96078,-4.96078,-3.42356,-4.80591,-7.26795
94.18559065,-5.05646,-5.05646,-3.53319,-4.9042,-7.25827
94.18858373,-5.2438,-5.2438,-3.75054,-5.09688,-7.23592
94.19046099,-5.35806,-5.35806,-3.88495,-5.21459,-7.21911
94.19143023,-5.41577,-5.41577,-3.95434,-5.27413,-7.21044
94.19197255,-5.44807,-5.44807,-3.99266,-5.30744,-7.20492
94.19313499,-5.51602,-5.51602,-4.07481,-5.37759,-7.1931
94.19499098,-5.62221,-5.62221,-4.20443,-5.4873,-7.17242
94.19704477,-5.73648,-5.73648,-4.34581,-5.60548,-7.14735
94.20056057,-5.92444,-5.92444,-4.58229,-5.80015,-7.09917
94.20759216,-6.27258,-6.27258,-5.0304,-6.16176,-6.98316
94.21031107,-6.39746,-6.39746,-5.19407,-6.29184,-6.93133
94.21196165,-6.47068,-6.47068,-5.29065,-6.36822,-6.89732
94.21354555,-6.53912,-6.53912,-5.38131,-6.43969,-6.86468
94.21528058,-6.61208,-6.61208,-5.47834,-6.51595,-6.82673
94.21788106,-6.71751,-6.71751,-5.61943,-6.62632,-6.76698
94.22308201,-6.91439,-6.91439,-5.88653,-6.833,-6.63736
94.22966861,-7.13723,-7.13723,-6.19702,-7.06813,-6.45422
94.2363271,-7.33267,-7.33267,-6.48034,-7.2759,-6.24803
94.2461752,-7.5674,-7.5674,-6.84466,-7.52875,-5.90574
94.2569786,-7.7513,-7.7513,-7.17064,-7.73236,-5.48128
94.2785854,-7.89463,-7.89463,-7.59691,-7.91423,-4.49232
94.30292463,-7.71291,-7.71291,-7.72787,-7.77324,-3.18125
94.33343135,-7.01064,-7.01064,-7.39937,-7.11483,-1.30026
94.35192956,-6.34578,-6.34578,-6.94777,-6.47172,-0.0550816
94.36677505,-5.69297,-5.69297,-6.4569,-5.83338,0.985045
94.37280545,-5.39904,-5.39904,-6.22616,-5.54454,1.41496
94.37492422,-5.29197,-5.29197,-6.14092,-5.43915,1.5668
94.37671592,-5.19995,-5.19995,-6.0672,-5.34851,1.6952
94.37848568,-5.10777,-5.10777,-5.99294,-5.25765,1.82203
94.3820252,-4.91965,-4.91965,-5.8402,-5.07205,2.07553
94.38910425,-4.52891,-4.52891,-5.51834,-4.68591,2.57921
94.40326233,-3.69363,-3.69363,-4.81287,-3.85834,3.55377
94.41477823,-2.96552,-2.96552,-4.18214,-3.13533,4.29314
94.42441601,-2.32572,-2.32572,-3.61795,-2.49929,4.85816
94.42854703,-2.04352,-2.04352,-3.36647,-2.2186,5.08257
94.43102768,-1.87191,-1.87191,-3.21281,-2.04789,5.21164
94.43337968,-1.70779,-1.70779,-3.06535,-1.88461,5.32989
94.43570006,-1.54458,-1.54458,-2.91825,-1.72223,5.44263
94.44006078,-1.23458,-1.23458,-2.63758,-1.41379,5.64423
94.44878223,-0.602801,-0.602801,-2.06079,-0.785141,6.00878
94.45979773,0.214629,0.214629,-1.30552,0.0284715,6.39828
94.47284548,1.20441,1.20441,-0.377473,1.01471,6.76025
94.47788072,1.59115,1.59115,-0.010483,1.40073,6.87148
94.4795837,1.7225,1.7225,0.114671,1.53195,6.90514
94.48036775,1.78297,1.78297,0.172455,1.59237,6.92063
94.48120793,1.84777,1.84777,0.234484,1.6571,6.93613
94.48214438,1.92,1.92,0.303746,1.72942,6.95341
94.48313636,1.99651,1.99651,0.377256,1.80603,6.97057
94.48416095,2.07553,2.07553,0.453331,1.88516,6.9883
94.48530875,2.16406,2.16406,0.538728,1.97381,7.0065
94.48689051,2.28581,2.28581,0.656702,2.09596,7.03158
94.48963405,2.497,2.497,0.862075,2.30773,7.07053
94.49512114,2.91639,2.91639,1.27526,2.72951,7.13484
94.49788593,3.12593,3.12593,1.4845,2.94075,7.1604
94.50134816,3.38606,3.38606,1.74729,3.20348,7.18599
94.502267,3.4545,3.4545,1.81703,3.27272,7.19133
94.50320183,3.52412,3.52412,1.88807,3.34316,7.19677
94.50450733,3.62075,3.62075,1.98729,3.44102,7.20314
94.50649262,3.76662,3.76662,2.13817,3.58891,7.21091
94.51018851,4.03424,4.03424,2.41851,3.86077,7.21923
94.51758029,4.55029,4.55029,2.97427,4.38705,7.21218
94.52357462,4.94613,4.94613,3.41701,4.79271,7.18354
94.5250732,5.04095,5.04095,3.52607,4.89022,7.17255
94.52807036,5.22652,5.22652,3.74229,5.08133,7.14757
94.52994889,5.33955,5.33955,3.87585,5.19794,7.12911
94.5309193,5.39667,5.39667,3.94485,5.25693,7.11958
94.53146022,5.4285,5.4285,3.98281,5.28982,7.11361
94.53257603,5.49297,5.49297,4.06111,5.35647,7.10129
94.53439873,5.59606,5.59606,4.18753,5.46313,7.07943
94.53627407,5.69931,5.69931,4.31582,5.57006,7.05505
94.53970922,5.88126,5.88126,4.54566,5.75877,7.00546
94.54657954,6.2184,6.2184,4.98181,6.10946,6.88743
94.54931757,6.34302,6.34302,5.14615,6.23947,6.83345
94.55091386,6.41316,6.41316,5.23928,6.31275,6.79955
94.55240346,6.47698,6.47698,5.32436,6.37949,6.76793
94.55399944,6.54361,6.54361,5.41355,6.44925,6.73211
94.5557228,6.61355,6.61355,5.5076,6.52256,6.69198
94.55916954,6.74723,6.74723,5.68889,6.66294,6.60723
94.56175458,6.84161,6.84161,5.81849,6.76232,6.53942
94.56520132,6.96077,6.96077,5.98427,6.8881,6.4442
94.57065788,7.13299,7.13299,6.22975,7.07071,6.28182
94.5760039,7.28219,7.28219,6.45035,7.23001,6.10906
94.582754,7.44315,7.44315,6.70123,7.40364,5.87208
94.59623693,7.67429,7.67429,7.11172,7.6598,5.33885
94.61535522,7.80061,7.80061,7.49102,7.82068,4.45642
94.64235916,7.59564,7.59564,7.63589,7.66113,2.99057
94.6737255,6.83748,6.83748,7.26329,6.94738,1.02854
94.69085956,6.20343,6.20343,6.82727,6.33307,-0.13918
94.70346483,5.64587,5.64587,6.40833,5.78775,-1.02946
94.70883584,5.38601,5.38601,6.20553,5.53249,-1.41458
94.71073323,5.29113,5.29113,6.13051,5.43915,-1.55133
94.71253775,5.19947,5.19947,6.05758,5.34891,-1.68138
94.71442878,5.10195,5.10195,5.97952,5.25284,-1.81766
94.71821085,4.90255,4.90255,5.81851,5.0562,-2.09013
94.72577498,4.48688,4.48688,5.47747,4.64555,-2.63134
94.74090325,3.59329,3.59329,4.72396,3.7603,-3.67465
94.75269111,2.84412,2.84412,4.07505,3.01643,-4.42761
94.76257952,2.18344,2.18344,3.4922,2.35971,-4.99973
94.76662605,1.90512,1.90512,3.24404,2.08293,-5.21592
94.77050554,1.63431,1.63431,3.00119,1.81357,-5.4125
94.77387018,1.39646,1.39646,2.78683,1.57699,-5.57444
94.7776386,1.12698,1.12698,2.54279,1.30891,-5.74653
94.78517545,0.579059,0.579059,2.04296,0.763792,-6.06229
94.79476972,-0.133742,-0.133742,1.38583,0.0544538,-6.41104
94.80921553,-1.23157,-1.23157,0.358405,-1.03939,-6.827
94.81430619,-1.62389,-1.62389,-0.013662,-1.43106,-6.94267
94.81571474,-1.73293,-1.73293,-0.117472,-1.54001,-6.97148
94.81657715,-1.79969,-1.79969,-0.181201,-1.60671,-6.98912
94.81741365,-1.86444,-1.86444,-0.243133,-1.67141,-7.00517
94.81843122,-1.94321,-1.94321,-0.318618,-1.75031,-7.0247
94.81939593,-2.01789,-2.01789,-0.390329,-1.8251,-7.04208
94.82047543,-2.10146,-2.10146,-0.470737,-1.90879,-7.06153
94.82168023,-2.19472,-2.19472,-0.56068,-2.0022,-7.08135
94.82359619,-2.3429,-2.3429,-0.704128,-2.15075,-7.11286
94.82712858,-2.61537,-2.61537,-0.969838,-2.42434,-7.1639
94.83133944,-2.93821,-2.93821,-1.28842,-2.74921,-7.21497
94.83380383,-3.12585,-3.12585,-1.47566,-2.9384,-7.23994
94.83681799,-3.35367,-3.35367,-1.70534,-3.16849,-7.26559
94.83769063,-3.41912,-3.41912,-1.77183,-3.23469,-7.27177
94.83864444,-3.49067,-3.49067,-1.84463,-3.30706,-7.27852
94.84137102,-3.69337,-3.69337,-2.05272,-3.5124,-7.29416
94.84396077,-3.8836,-3.8836,-2.25037,-3.70544,-7.305
94.84914028,-4.25582,-4.25582,-2.64416,-4.08421,-7.31499
94.85949929,-4.95648,-4.95648,-3.41732,-4.80107,-7.28901
94.8660133,-5.36077,-5.36077,-3.88827,-5.2173,-7.24174
94.86921025,-5.54782,-5.54782,-4.11379,-5.41053,-7.2099
94.87211157,-5.71071,-5.71071,-4.31443,-5.57911,-7.17616
94.87466951,-5.8489,-5.8489,-4.48767,-5.72235,-7.14262
94.87752423,-5.99719,-5.99719,-4.67644,-5.8763,-7.10104
94.88323366,-6.27566,-6.27566,-5.03717,-6.16608,-7.00492
94.88550093,-6.37964,-6.37964,-5.17378,-6.27455,-6.962
94.88682941,-6.43825,-6.43825,-5.25196,-6.33578,-6.93517
94.88809685,-6.49416,-6.49416,-5.32524,-6.39421,-6.90957
94.88962918,-6.55953,-6.55953,-5.41212,-6.4626,-6.87637
94.89123159,-6.62614,-6.62614,-5.501,-6.53235,-6.84165
94.89443643,-6.754,-6.754,-5.67288,-6.66649,-6.76706
94.9008461,-6.98856,-6.98856,-5.99403,-6.91347,-6.60256
94.90772886,-7.2093,-7.2093,-6.30654,-7.14741,-6.40367
94.91454864,-7.39654,-7.39654,-6.58414,-7.34762,-6.18449
94.92178079,-7.5612,-7.5612,-6.84445,-7.52595,-5.92877
94.93624508,-7.78759,-7.78759,-7.26206,-7.77941,-5.34946
94.95597561,-7.88099,-7.88099,-7.61486,-7.90873,-4.42524
94.98638734,-7.56507,-7.56507,-7.68832,-7.64363,-2.74286
95.01221021,-6.88944,-6.88944,-7.32649,-7.00443,-1.11264
95.02903619,-6.26269,-6.26269,-6.89301,-6.39735,0.0295405
95.04249629,-5.66406,-5.66406,-6.44117,-5.81191,0.976099
95.04804424,-5.3934,-5.3934,-6.22879,-5.54599,1.37244
95.04993072,-5.29829,-5.29829,-6.15319,-5.4524,1.50792
95.05276863,-5.1524,-5.1524,-6.03634,-5.30872,1.71173
95.05557702,-5.00481,-5.00481,-5.91711,-5.16322,1.91343
95.06119381,-4.70037,-4.70037,-5.66818,-4.86264,2.31564
95.07242738,-4.05646,-4.05646,-5.13038,-4.22539,3.10577
95.09489453,-2.64556,-2.64556,-3.91046,-2.82487,4.54271
95.10365225,-2.05466,-2.05466,-3.38606,-2.23727,5.03222
95.10886216,-1.69333,-1.69333,-3.0621,-1.87779,5.30043
95.11363015,-1.35687,-1.35687,-2.75835,-1.543,5.5296
95.1179324,-1.0489,-1.0489,-2.47864,-1.23651,5.72298
95.1250399,-0.531899,-0.531899,-2.0057,-0.721948,6.01521
95.13627275,0.30309,0.30309,-1.23333,0.109364,6.41015
95.14856099,1.2359,1.2359,-0.357891,1.03919,6.75071
95.15333069,1.60213,1.60213,-0.0102365,1.40487,6.85746
95.15469379,1.7072,1.7072,0.0898739,1.50987,6.88504
95.1554838,1.7681,1.7681,0.148037,1.57073,6.90103
95.15637773,1.83701,1.83701,0.21397,1.6396,6.91803
95.15729368,1.90761,1.90761,0.281653,1.71031,6.93544
95.158293,1.98464,1.98464,0.355638,1.78747,6.95329
95.15927939,2.06068,2.06068,0.428808,1.86362,6.97091
95.16039305,2.14653,2.14653,0.511584,1.9496,6.98928
95.16177545,2.25293,2.25293,0.61457,2.05633,7.01208
95.16407447,2.42988,2.42988,0.786389,2.23383,7.04665
95.16867251,2.78196,2.78196,1.13185,2.58784,7.10623
95.17228196,3.0562,3.0562,1.40449,2.86424,7.14409
95.17562698,3.30814,3.30814,1.65811,3.1187,7.17221
95.17635911,3.36286,3.36286,1.71362,3.17406,7.17727
95.17733919,3.43611,3.43611,1.78808,3.24817,7.18403
95.17954132,3.59949,3.59949,1.95539,3.41366,7.19668
95.18119079,3.72087,3.72087,2.08071,3.53678,7.20429
95.18412749,3.93455,3.93455,2.30361,3.75388,7.21387
95.19000088,4.35075,4.35075,2.74709,4.17806,7.21798
95.20174766,5.12239,5.12239,3.61164,4.96957,7.16714
95.2062224,5.39182,5.39182,3.93037,5.24769,7.12729
95.20879184,5.53973,5.53973,4.10994,5.40076,7.09937
95.21121598,5.6745,5.6745,4.27654,5.54045,7.06969
95.21383017,5.81465,5.81465,4.45272,5.68593,7.0341
95.21655183,5.95494,5.95494,4.63187,5.83178,6.99313
95.22199516,6.21886,6.21886,4.97509,6.10682,6.89936
95.22433343,6.32552,6.32552,5.1159,6.21825,6.85427
95.22559843,6.3811,6.3811,5.19031,6.2764,6.82834
95.22664589,6.42711,6.42711,5.25053,6.32455,6.80687
95.2276537,6.46979,6.46979,5.30847,6.36928,6.78505
95.22878558,6.51773,6.51773,5.37208,6.41951,6.76054
95.23090322,6.60423,6.60423,5.48837,6.51029,6.71238
95.23493468,6.76027,6.76027,5.70024,6.67444,6.61443
95.24299759,7.03873,7.03873,6.08837,6.96893,6.39438
95.25259975,7.31264,7.31264,6.49116,7.26166,6.09162
95.26131568,7.50758,7.50758,6.80249,7.47352,5.77986
95.27059545,7.65977,7.65977,7.07844,7.64352,5.41102
95.28915499,7.79713,7.79713,7.46245,7.81574,4.56811
95.3124875,7.66629,7.66629,7.63664,7.72619,3.33129
95.34460794,6.97429,6.97429,7.3455,7.08307,1.36679
95.36360487,6.30512,6.30512,6.89919,6.4375,0.087985
95.37912515,5.62767,5.62767,6.39377,5.77601,-1.0028
95.38533581,5.32536,5.32536,6.1575,5.47921,-1.44756
95.38757216,5.2123,5.2123,6.06781,5.36801,-1.6086
95.38970437,5.10252,5.10252,5.9801,5.25996,-1.76214
95.39189411,4.98784,4.98784,5.88784,5.14698,-1.91983
95.3962736,4.75269,4.75269,5.69683,4.91506,-2.23467
95.40503256,4.26033,4.26033,5.28978,4.42848,-2.8575
95.4225505,3.1954,3.1954,4.38284,3.37298,-4.0365
95.43532685,2.35758,2.35758,3.64912,2.54078,-4.80697
95.44097817,1.97178,1.97178,3.30627,2.15724,-5.11734
95.44446975,1.72912,1.72912,3.08917,1.91595,-5.29844
95.44739649,1.52336,1.52336,2.90425,1.71131,-5.44366
95.4504006,1.31005,1.31005,2.71176,1.49915,-5.58648
95.4564088,0.87745,0.87745,2.31904,1.06885,-5.85365
95.46698838,0.0985121,0.0985121,1.60447,0.293843,-6.26651
95.47813657,-0.742284,-0.742284,0.82296,-0.543174,-6.6244
95.48556732,-1.3118,-1.3118,0.287451,-1.11078,-6.81979
95.48912684,-1.58671,-1.58671,0.0271357,-1.38496,-6.9013
95.4901092,-1.66258,-1.66258,-0.0451185,-1.46093,-6.92217
95.49094711,-1.7275,-1.7275,-0.106879,-1.52574,-6.93997
95.49193198,-1.80381,-1.80381,-0.17962,-1.6019,-6.9598
95.49276049,-1.86801,-1.86801,-0.240934,-1.66613,-6.97648
95.49368241,-1.93944,-1.93944,-0.309287,-1.7376,-6.994
95.49466278,-2.0154,-2.0154,-0.382117,-1.8136,-7.01264
95.49568358,-2.09449,-2.09449,-0.458104,-1.89274,-7.03079
95.49682275,-2.18275,-2.18275,-0.543082,-1.9811,-7.05104
95.49840538,-2.30515,-2.30515,-0.661443,-2.10386,-7.07738
95.5011607,-2.51824,-2.51824,-0.868301,-2.31759,-7.11964
95.50667136,-2.9415,-2.9415,-1.28461,-2.74326,-7.19051
95.50937655,-3.14758,-3.14758,-1.49007,-2.95103,-7.21867
95.51280215,-3.40638,-3.40638,-1.75105,-3.21243,-7.24809
95.51368603,-3.47259,-3.47259,-1.81839,-3.27942,-7.25431
95.51464518,-3.54443,-3.54443,-1.89158,-3.35211,-7.26105
95.51598575,-3.64422,-3.64422,-1.99387,-3.45319,-7.26922
95.51806367,-3.79775,-3.79775,-2.15242,-3.60887,-7.2798
95.52199513,-4.08377,-4.08377,-2.45185,-3.89953,-7.29295
95.52985803,-4.6337,-4.6337,-3.04498,-4.46077,-7.29254
95.53593768,-5.03445,-5.03445,-3.49488,-4.87193,-7.26811
95.53745759,-5.13027,-5.13027,-3.60563,-4.97061,-7.25808
95.54064946,-5.32682,-5.32682,-3.8358,-5.17332,-7.23345
95.54095354,-5.34507,-5.34507,-3.85773,-5.19218,-7.23111
95.54192793,-5.40357,-5.40357,-3.92713,-5.2526,-7.22227
95.54256102,-5.44088,-5.44088,-3.97221,-5.29119,-7.21653
95.5428718,-5.4592,-5.4592,-3.99414,-5.31013,-7.21372
95.54331571,-5.48536,-5.48536,-4.02546,-5.33718,-7.20923
95.5440041,-5.52513,-5.52513,-4.07402,-5.37834,-7.20227
95.54473162,-5.56716,-5.56716,-4.12479,-5.42183,-7.19492
95.54583176,-5.62958,-5.62958,-4.20156,-5.48648,-7.18226
95.54802077,-5.75091,-5.75091,-4.35207,-5.61223,-7.15707
95.55159181,-5.94082,-5.94082,-4.59174,-5.80937,-7.10935
95.5587339,-6.29207,-6.29207,-5.04528,-6.17508,-6.9936
95.56116635,-6.40316,-6.40316,-5.19131,-6.29108,-6.94804
95.56276232,-6.47374,-6.47374,-5.28464,-6.36488,-6.91585
95.56429161,-6.53969,-6.53969,-5.37218,-6.4339,-6.88499
95.56592035,-6.60811,-6.60811,-5.46338,-6.5056,-6.85014
95.5684668,-6.7114,-6.7114,-5.60186,-6.61399,-6.79296
95.5735597,-6.90457,-6.90457,-5.86433,-6.81728,-6.66883
95.58012767,-7.12755,-7.12755,-6.17537,-7.05319,-6.48994
95.58687204,-7.32615,-7.32615,-6.46363,-7.26496,-6.2847
95.59751661,-7.57778,-7.57778,-6.85631,-7.53722,-5.91814
95.60759071,-7.74708,-7.74708,-7.15899,-7.72587,-5.52516
95.62773892,-7.89023,-7.89023,-7.56795,-7.90694,-4.61617
95.65211236,-7.72966,-7.72966,-7.72325,-7.78959,-3.32278
95.6861366,-6.94395,-6.94395,-7.35656,-7.0553,-1.23445
95.70611223,-6.2005,-6.2005,-6.84281,-6.33606,0.11501
95.71990411,-5.57587,-5.57587,-6.36797,-5.72526,1.0842
95.7258487,-5.28018,-5.28018,-6.13438,-5.43479,1.50827
95.72799917,-5.16944,-5.16944,-6.04572,-5.32582,1.66227
95.73002108,-5.06358,-5.06358,-5.96041,-5.22157,1.80707
95.73329133,-4.88891,-4.88891,-5.81856,-5.04938,2.04126
95.73983183,-4.5272,-4.5272,-5.52087,-4.69227,2.50692
95.75291283,-3.75772,-3.75772,-4.87262,-3.9306,3.41269
95.77538679,-2.311,-2.311,-3.61138,-2.49453,4.79256
95.78297031,-1.79,-1.79,-3.14625,-1.97657,5.19551
95.79031483,-1.27177,-1.27177,-2.67874,-1.46115,5.54998
95.795094,-0.927984,-0.927984,-2.36611,-1.11916,5.76121
95.80044033,-0.537898,-0.537898,-2.00912,-0.731057,5.97946
95.811133,0.257153,0.257153,-1.27442,0.0602017,6.36029
95.8227946,1.14223,1.14223,-0.445385,0.941917,6.69301
95.82773997,1.52199,1.52199,-0.0858138,1.3208,6.8084
95.83112863,1.78327,1.78327,0.163035,1.58182,6.87873
95.83221372,1.86694,1.86694,0.243122,1.66541,6.89947
95.8330793,1.93368,1.93368,0.307138,1.73228,6.91601
95.83400157,2.00485,2.00485,0.37547,1.80353,6.93254
95.83502351,2.08372,2.08372,0.451329,1.88248,6.95085
95.83616557,2.17185,2.17185,0.536278,1.97071,6.96972
95.83768529,2.28888,2.28888,0.64959,2.08812,6.99482
95.84027284,2.48815,2.48815,0.843195,2.28793,7.03344
95.84544793,2.8841,2.8841,1.23261,2.68612,7.09858
95.8483502,3.10437,3.10437,1.45211,2.90816,7.12807
95.85192079,3.37297,3.37297,1.72301,3.17948,7.15745
95.85277807,3.43691,3.43691,1.78805,3.24418,7.16314
95.8537076,3.50624,3.50624,1.85869,3.31433,7.1693
95.85661449,3.72099,3.72099,2.07958,3.53198,7.18456
95.85949127,3.93062,3.93062,2.29796,3.74488,7.19478
95.86524484,4.33922,4.33922,2.73256,4.16115,7.20076
95.87675196,5.09871,5.09871,3.58073,4.93984,7.156
95.88121298,5.36929,5.36929,3.89934,5.21905,7.11852
95.88387614,5.5237,5.5237,4.08598,5.37881,7.09086
95.88631399,5.66014,5.66014,4.25399,5.5202,7.06211
95.8884607,5.77639,5.77639,4.39941,5.64083,7.03411
95.8908171,5.89984,5.89984,4.556,5.7691,7.0005
95.8955299,6.13413,6.13413,4.85838,6.01303,6.92437
95.89883739,6.28872,6.28872,5.06116,6.17437,6.86391
95.90062757,6.36843,6.36843,5.16745,6.25836,6.82833
95.90159651,6.41158,6.41158,5.22355,6.30254,6.80908
95.90252118,6.45111,6.45111,5.27709,6.34469,6.78951
95.90380495,6.50599,6.50599,5.34978,6.40114,6.76234
95.90516187,6.56229,6.56229,5.42517,6.46081,6.73238
95.90787569,6.67102,6.67102,5.57163,6.57502,6.66965
95.91330335,6.87312,6.87312,5.84797,6.78801,6.53308
95.92044472,7.1082,7.1082,6.17921,7.03725,6.33132
95.92804345,7.32027,7.32027,6.49268,7.26421,6.08987
95.93772922,7.53438,7.53438,6.83563,7.49715,5.74359
95.94802709,7.6939,7.6939,7.132,7.67648,5.33023
95.96862282,7.80827,7.80827,7.51874,7.82945,4.37589
95.99334912,7.60096,7.60096,7.63184,7.66536,3.03238
96.01936514,7.00408,7.00408,7.35789,7.10806,1.42573
96.03581378,6.43922,6.43922,6.98707,6.56439,0.325208
96.05547453,5.59212,5.59212,6.35845,5.73818,-1.04859
96.06233514,5.25457,5.25457,6.09337,5.40676,-1.53858
96.06497764,5.11902,5.11902,5.98518,5.27341,-1.72823
96.06748467,4.98771,4.98771,5.87952,5.1441,-1.90816
96.0718124,4.75508,4.75508,5.69045,4.91475,-2.21825
96.08046786,4.26826,4.26826,5.28785,4.43383,-2.83182
96.09777878,3.21615,3.21615,4.39198,3.39145,-3.99476
96.1105175,2.38135,2.38135,3.66119,2.56255,-4.76324
96.11620308,1.99342,1.99342,3.3166,2.17703,-5.07583
96.11951874,1.76316,1.76316,3.1107,1.94813,-5.24821
96.12264655,1.54341,1.54341,2.9133,1.72965,-5.40375
96.12551319,1.33995,1.33995,2.72978,1.52736,-5.54028
96.13124648,0.927555,0.927555,2.35569,1.11728,-5.79649
96.14059371,0.241115,0.241115,1.72703,0.434538,-6.1678
96.15349826,-0.730438,-0.730438,0.825189,-0.532333,-6.58903
96.16111416,-1.31427,-1.31427,0.276303,-1.11408,-6.78879
96.16484302,-1.60225,-1.60225,0.00345579,-1.40139,-6.87354
96.16591748,-1.68552,-1.68552,-0.0756392,-1.48452,-6.8961
96.16678459,-1.75272,-1.75272,-0.139615,-1.55161,-6.9143
96.16774623,-1.82724,-1.82724,-0.210709,-1.62601,-6.93339
96.1685943,-1.89297,-1.89297,-0.273529,-1.69178,-6.95022
96.16959549,-1.97056,-1.97056,-0.347836,-1.76942,-6.96895
96.17055377,-2.04482,-2.04482,-0.4191,-1.84373,-6.98688
96.1716323,-2.12841,-2.12841,-0.49947,-1.92737,-7.00567
96.17285598,-2.22324,-2.22324,-0.590859,-2.02234,-7.02698
96.1748166,-2.37503,-2.37503,-0.737716,-2.17449,-7.05862
96.17848173,-2.65794,-2.65794,-1.01355,-2.4585,-7.11157
96.18215326,-2.93971,-2.93971,-1.29137,-2.74196,-7.15656
96.18485483,-3.14565,-3.14565,-1.49661,-2.94953,-7.18455
96.18795656,-3.38023,-3.38023,-1.73295,-3.1864,-7.21134
96.1889427,-3.45422,-3.45422,-1.80809,-3.26123,-7.21841
96.18986564,-3.52346,-3.52346,-1.87853,-3.33126,-7.22501
96.19114217,-3.61865,-3.61865,-1.97595,-3.42731,-7.23227
96.19298586,-3.75521,-3.75521,-2.11665,-3.56604,-7.24276
96.19637546,-4.00306,-4.00306,-2.37502,-3.81771,-7.25561
96.20315466,-4.48332,-4.48332,-2.88824,-4.30716,-7.26143
96.21492231,-5.25027,-5.25027,-3.75329,-5.09405,-7.20986
96.21889266,-5.48757,-5.48757,-4.03549,-5.33892,-7.17498
96.22156897,-5.64081,-5.64081,-4.22207,-5.49739,-7.14657
96.22382209,-5.76549,-5.76549,-4.37645,-5.6265,-7.11962
96.22613135,-5.88918,-5.88918,-4.53179,-5.75476,-7.08915
96.23074988,-6.12444,-6.12444,-4.83236,-5.99919,-7.01968
96.2346065,-6.30875,-6.30875,-5.0719,-6.19115,-6.95301
96.23616163,-6.37977,-6.37977,-5.16536,-6.26526,-6.92375
96.23653174,-6.39667,-6.39667,-5.18716,-6.2829,-6.91679
96.23763263,-6.4455,-6.4455,-5.25201,-6.33391,-6.89503
96.23837119,-6.47826,-6.47826,-5.29456,-6.36813,-6.88043
96.23931902,-6.51873,-6.51873,-5.34916,-6.41047,-6.86055
96.24121469,-6.59969,-6.59969,-5.45567,-6.49517,-6.82079
96.24434154,-6.7267,-6.7267,-5.62528,-6.62834,-6.75048
96.25059525,-6.96051,-6.96051,-5.94281,-6.87434,-6.59523
96.25769507,-7.1936,-7.1936,-6.26959,-7.12113,-6.39586
96.26435223,-7.38122,-7.38122,-6.54447,-7.3215,-6.18716
96.2724188,-7.56889,-7.56889,-6.83768,-7.52453,-5.90702
96.28855194,-7.81615,-7.81615,-7.29605,-7.80223,-5.26255
96.307676,-7.89397,-7.89397,-7.62285,-7.91521,-4.36502
96.33896609,-7.54704,-7.54704,-7.67268,-7.62112,-2.63254
96.36428229,-6.86542,-6.86542,-7.29577,-6.97567,-1.03348
96.38101888,-6.23265,-6.23265,-6.85357,-6.36284,0.10102
96.39361439,-5.6684,-5.6684,-6.42579,-5.8113,0.984453
96.39894209,-5.40809,-5.40809,-6.22123,-5.55576,1.36371
96.40074955,-5.31695,-5.31695,-6.14813,-5.46615,1.49302
96.40216434,-5.24425,-5.24425,-6.09091,-5.3946,1.59425
96.40355434,-5.17282,-5.17282,-6.03321,-5.32431,1.69369
96.40633433,-5.0268,-5.0268,-5.91519,-5.18046,1.8927
96.41189432,-4.72565,-4.72565,-5.6689,-4.88338,2.28954
96.42301429,-4.08894,-4.08894,-5.13714,-4.25374,3.06975
96.44525423,-2.69433,-2.69433,-3.93196,-2.87035,4.49327
96.45404901,-2.10176,-2.10176,-3.40651,-2.28146,4.98706
96.45889699,-1.76611,-1.76611,-3.10588,-1.94772,5.23858
96.46353246,-1.43976,-1.43976,-2.81167,-1.62317,5.46398
96.46834584,-1.09574,-1.09574,-2.49959,-1.28101,5.68231
96.47323904,-0.741032,-0.741032,-2.17583,-0.928185,5.88815
96.48302546,-0.0184436,-0.0184436,-1.51039,-0.209265,6.2528
96.49315582,0.74521,0.74521,-0.798855,0.550892,6.56581
96.50058366,1.31313,1.31313,-0.264003,1.11682,6.7544
96.50406235,1.58099,1.58099,-0.0100006,1.38393,6.83093
96.50497941,1.6516,1.6516,0.0573163,1.45461,6.84963
96.50578757,1.71401,1.71401,0.116754,1.51689,6.86611
96.50679182,1.79155,1.79155,0.190757,1.59429,6.88548
96.50766561,1.85902,1.85902,0.255272,1.66177,6.90233
96.50857696,1.92939,1.92939,0.322682,1.73216,6.91886
96.50956067,2.00534,2.00534,0.395581,1.80813,6.9367
96.51055805,2.08236,2.08236,0.469635,1.88516,6.95357
96.51167879,2.1689,2.1689,0.553013,1.97176,6.97253
96.51313334,2.28099,2.28099,0.661475,2.08415,6.99555
96.5155992,2.47103,2.47103,0.845961,2.27468,7.03165
96.52053093,2.84887,2.84887,1.21695,2.65439,7.09286
96.52377707,3.09558,3.09558,1.46239,2.9029,7.12519
96.52744147,3.37151,3.37151,1.74037,3.18144,7.15413
96.52832013,3.4371,3.4371,1.80703,3.24777,7.15965
96.52924223,3.50593,3.50593,1.87708,3.31738,7.16543
96.53053217,3.60164,3.60164,1.97509,3.41394,7.17166
96.53236357,3.73662,3.73662,2.11422,3.55104,7.18049
96.53566201,3.97664,3.97664,2.36446,3.79471,7.1902
96.54225891,4.44214,4.44214,2.86153,4.26894,7.1907
96.55545271,5.29178,5.29178,3.82283,5.14062,7.11766
96.55741124,5.40809,5.40809,3.96138,5.2607,7.09813
96.55777812,5.42943,5.42943,3.9871,5.28275,7.09447
96.55859964,5.47722,5.47722,4.0447,5.33214,7.08544
96.55931855,5.51824,5.51824,4.09465,5.37458,7.07754
96.5600721,5.56124,5.56124,4.14701,5.41905,7.06854
96.56127652,5.62864,5.62864,4.22991,5.48882,7.05416
96.56365644,5.7584,5.7584,4.39144,5.62325,7.02293
96.56763807,5.96561,5.96561,4.65419,5.83831,6.96385
96.57264996,6.20944,6.20944,4.96979,6.09202,6.87749
96.57506502,6.32031,6.32031,5.11534,6.20765,6.83115
96.57731034,6.41958,6.41958,5.24659,6.31134,6.78533
96.57942068,6.50962,6.50962,5.36624,6.40552,6.73989
96.58100927,6.57532,6.57532,5.45396,6.47433,6.70417
96.58418645,6.70142,6.70142,5.62353,6.60663,6.6289
96.59054082,6.93267,6.93267,5.94018,6.85015,6.46327
96.59792993,7.16677,7.16677,6.27216,7.09837,6.24591
96.60499159,7.35589,7.35589,6.55416,7.30086,6.01402
96.61378939,7.54475,7.54475,6.8585,7.50625,5.6933
96.63084677,7.76612,7.76612,7.30347,7.75922,4.97751
96.65059194,7.79081,7.79081,7.58497,7.81924,4.00771
96.6837944,7.30901,7.30901,7.52089,7.39074,2.0939
96.70365004,6.72634,6.72634,7.17542,6.83495,0.806584
96.72134145,6.03727,6.03727,6.6868,6.16601,-0.409315
96.73132712,5.58217,5.58217,6.33956,5.72057,-1.11709
96.73634905,5.33617,5.33617,6.14623,5.47896,-1.47704
96.73809145,5.24822,5.24822,6.07629,5.39246,-1.60243
96.73971724,5.16499,5.16499,6.00975,5.31055,-1.71943
96.74239878,5.02534,5.02534,5.89734,5.17299,-1.9124
96.74776188,4.73736,4.73736,5.6628,4.88895,-2.29744
96.75848806,4.12859,4.12859,5.15652,4.28709,-3.05549
96.77994044,2.79461,2.79461,4.00863,2.96425,-4.44883
96.78866821,2.21081,2.21081,3.49307,2.38425,-4.95089
96.79347724,1.87989,1.87989,3.19782,2.05532,-5.20746
96.79805283,1.55948,1.55948,2.91005,1.73678,-5.43687
96.80153665,1.31213,1.31213,2.68667,1.49083,-5.6018
96.80556695,1.02254,1.02254,2.42387,1.20288,-5.78226
96.81362755,0.433388,0.433388,1.8851,0.61697,-6.11092
96.82354719,-0.307657,-0.307657,1.20007,-0.120231,-6.45805
96.83380712,-1.0892,-1.0892,0.468834,-0.898329,-6.75206
96.83863974,-1.46157,-1.46157,0.117078,-1.26951,-6.8679
96.842118,-1.7308,-1.7308,-0.138721,-1.53809,-6.9424
96.84319719,-1.81433,-1.81433,-0.218513,-1.62169,-6.96369
96.84418682,-1.89107,-1.89107,-0.291849,-1.69835,-6.98321
96.84515384,-1.96605,-1.96605,-0.363658,-1.77327,-7.00111
96.84609809,-2.03926,-2.03926,-0.433913,-1.84652,-7.01859
96.8471813,-2.12325,-2.12325,-0.514669,-1.93056,-7.03725
96.84845305,-2.22186,-2.22186,-0.609695,-2.02922,-7.05915
96.8504973,-2.38016,-2.38016,-0.762908,-2.18782,-7.09165
96.85437583,-2.67955,-2.67955,-1.05503,-2.48824,-7.1464
96.85792864,-2.95217,-2.95217,-1.32407,-2.76237,-7.18865
96.86052896,-3.15039,-3.15039,-1.52171,-2.96204,-7.21481
96.86308489,-3.3439,-3.3439,-1.7165,-3.15727,-7.23661
96.86402084,-3.41426,-3.41426,-1.78783,-3.22835,-7.24336
96.8650033,-3.48812,-3.48812,-1.86282,-3.30297,-7.25044
96.86780652,-3.69694,-3.69694,-2.07678,-3.51426,-7.26676
96.87064388,-3.90562,-3.90562,-2.2932,-3.72579,-7.27861
96.87631861,-4.31293,-4.31293,-2.72413,-4.13989,-7.28831
96.88766806,-5.07291,-5.07291,-3.56648,-4.91704,-7.25277
96.89220343,-5.353,-5.353,-3.8931,-5.20514,-7.2183
96.8947092,-5.50122,-5.50122,-4.07036,-5.35798,-7.19436
96.89710504,-5.63832,-5.63832,-4.23723,-5.49955,-7.16824
96.89927014,-5.75831,-5.75831,-4.38555,-5.62361,-7.14195
96.90123882,-5.86422,-5.86422,-4.51818,-5.73324,-7.11584
96.9051762,-6.06719,-6.06719,-4.7762,-5.94366,-7.05741
96.90825615,-6.21789,-6.21789,-4.9707,-6.10021,-7.00597
96.91083518,-6.33876,-6.33876,-5.12817,-6.22596,-6.95907
96.9127764,-6.42657,-6.42657,-5.24328,-6.31745,-6.92147
96.91466786,-6.50955,-6.50955,-5.35252,-6.40401,-6.88297
96.91604511,-6.56839,-6.56839,-5.43025,-6.46545,-6.85378
96.91879961,-6.6821,-6.6821,-5.5813,-6.58434,-6.79251
96.9243086,-6.89377,-6.89377,-5.86637,-6.8063,-6.65855
96.92687856,-6.98491,-6.98491,-5.99124,-6.90221,-6.59056
96.93030516,-7.09987,-7.09987,-6.15099,-7.0235,-6.49523
96.93458798,-7.23251,-7.23251,-6.33938,-7.164,-6.36824
96.93939308,-7.36668,-7.36668,-6.53594,-7.30694,-6.21552
96.94900327,-7.58885,-7.58885,-6.8828,-7.54659,-5.87855
96.96740611,-7.84574,-7.84574,-7.37826,-7.83657,-5.12335
96.98877728,-7.87482,-7.87482,-7.68209,-7.90282,-4.08192
97.02088569,-7.40983,-7.40983,-7.61656,-7.4882,-2.24143
97.04214472,-6.78778,-6.78778,-7.24548,-6.89424,-0.87137
97.05754037,-6.19296,-6.19296,-6.82344,-6.31661,0.180318
97.06866673,-5.69308,-5.69308,-6.44283,-5.82733,0.963605
97.07355673,-5.45565,-5.45565,-6.25622,-5.59408,1.31245
97.07616578,-5.32469,-5.32469,-6.15194,-5.46522,1.49947
97.07721853,-5.27058,-5.27058,-6.10846,-5.41193,1.57494
97.07932403,-5.16236,-5.16236,-6.0215,-5.30533,1.72596
97.08353501,-4.93968,-4.93968,-5.84059,-5.0857,2.02801
97.09195699,-4.47383,-4.47383,-5.45565,-4.62532,2.62744
97.10880095,-3.46719,-3.46719,-4.59964,-3.62762,3.77495
97.12100959,-2.6806,-2.6806,-3.91243,-2.84626,4.53577
97.12805239,-2.20691,-2.20691,-3.49218,-2.37528,4.93765
97.13145511,-1.97316,-1.97316,-3.28321,-2.14279,5.12036
97.13410275,-1.78924,-1.78924,-3.11808,-1.95984,5.25684
97.13652609,-1.6194,-1.6194,-2.96506,-1.79088,5.37731
97.13877616,-1.46047,-1.46047,-2.82143,-1.63277,5.48537
97.1432763,-1.13925,-1.13925,-2.52984,-1.3132,5.69084
97.15227659,-0.484556,-0.484556,-1.93053,-0.661804,6.06086
97.16261544,0.285038,0.285038,-1.21788,0.104121,6.42081
97.17464492,1.1987,1.1987,-0.360407,1.01432,6.75447
97.17941877,1.56548,1.56548,-0.0124019,1.38027,6.8618
97.18123733,1.70579,1.70579,0.121235,1.52031,6.89856
97.18197273,1.76252,1.76252,0.175434,1.57694,6.91342
97.18285331,1.83046,1.83046,0.240443,1.64491,6.93005
97.18377037,1.90122,1.90122,0.308271,1.71569,6.94736
97.184768,1.97819,1.97819,0.382198,1.79269,6.96504
97.18575907,2.05465,2.05465,0.455781,1.86919,6.9826
97.18687822,2.141,2.141,0.539037,1.95562,7.00089
97.18829135,2.24987,2.24987,0.644406,2.06476,7.02398
97.19065939,2.43232,2.43232,0.821547,2.24764,7.05916
97.19539547,2.79528,2.79528,1.17773,2.61225,7.11937
97.19879741,3.054,3.054,1.4349,2.87274,7.15429
97.2020786,3.30144,3.30144,1.68381,3.12236,7.18142
97.20285698,3.3597,3.3597,1.74285,3.18122,7.18669
97.20381825,3.43164,3.43164,1.8159,3.25391,7.1932
97.20620075,3.60858,3.60858,1.99696,3.4329,7.20642
97.20817591,3.7539,3.7539,2.14706,3.58012,7.21485
97.21194157,4.02693,4.02693,2.43267,3.85726,7.22459
97.2194729,4.55313,4.55313,2.99866,4.39342,7.21943
97.22550498,4.95151,4.95151,3.44372,4.80129,7.19189
97.227013,5.04691,5.04691,3.55331,4.8993,7.18113
97.23002904,5.23357,5.23357,3.77053,5.09133,7.15655
97.23179105,5.33963,5.33963,3.89562,5.20061,7.13962
97.2327398,5.39554,5.39554,3.96298,5.25829,7.1305
97.23326379,5.42643,5.42643,3.99971,5.29014,7.12486
97.23434985,5.48929,5.48929,4.07584,5.35504,7.11316
97.23614454,5.59103,5.59103,4.20019,5.46016,7.09215
97.2379437,5.69039,5.69039,4.3232,5.56292,7.06932
97.24134521,5.87125,5.87125,4.55074,5.75022,7.02137
97.24814822,6.20668,6.20668,4.98276,6.09857,6.90692
97.25087272,6.33138,6.33138,5.14642,6.22845,6.85422
97.25246811,6.4019,6.4019,5.2396,6.30199,6.82094
97.2539478,6.46567,6.46567,5.3242,6.36857,6.79008
97.2554651,6.52946,6.52946,5.40913,6.43523,6.75599
97.25710204,6.59646,6.59646,5.49873,6.50531,6.71922
97.26037592,6.72485,6.72485,5.67173,6.63985,6.64033
97.26692368,6.95942,6.95942,5.99405,6.8866,6.46653
97.27458522,7.19667,7.19667,6.33258,7.13793,6.23672
97.28158039,7.37858,7.37858,6.60635,7.33258,6.00267
97.28949822,7.54496,7.54496,6.87652,7.51328,5.71086
97.30533388,7.75421,7.75421,7.29306,7.75076,5.0469
97.32581975,7.7878,7.7878,7.59262,7.81961,4.04314
97.35887527,7.31451,7.31451,7.53412,7.39717,2.13697
97.37873698,6.73592,6.73592,7.19209,6.8442,0.848359
97.39583476,6.07561,6.07561,6.72506,6.20236,-0.327442
97.40609886,5.61183,5.61183,6.37193,5.74795,-1.05564
97.41091148,5.37779,5.37779,6.18827,5.51787,-1.40121
97.4125705,5.29474,5.29474,6.12234,5.43611,-1.5209
97.41413867,5.21515,5.21515,6.05883,5.35771,-1.63403
97.41587991,5.12558,5.12558,5.98697,5.26942,-1.75964
97.4193624,4.9427,4.9427,5.83908,5.089,-2.01087
97.42632738,4.56257,4.56257,5.52713,4.71336,-2.51083
97.44025733,3.74878,3.74878,4.84208,3.90709,-3.48215
97.45239067,2.9864,2.9864,4.1832,3.15004,-4.27378
97.46244803,2.32023,2.32023,3.59641,2.48771,-4.87258
97.46675917,2.02576,2.02576,3.33414,2.19479,-5.1102
97.46936141,1.84559,1.84559,3.17287,2.01554,-5.24745
97.47182923,1.67314,1.67314,3.01795,1.84396,-5.37311
97.47420477,1.50573,1.50573,2.86707,1.67739,-5.48995
97.47895585,1.16701,1.16701,2.56033,1.34035,-5.7118
97.48845802,0.475404,0.475404,1.92829,0.652107,-6.11016
97.4992749,-0.331863,-0.331863,1.18146,-0.151463,-6.49257
97.5103761,-1.17779,-1.17779,0.388423,-0.994282,-6.80845
97.51504764,-1.5379,-1.5379,0.0473361,-1.35357,-6.91847
97.51706703,-1.69422,-1.69422,-0.101355,-1.50964,-6.96142
97.51778793,-1.75002,-1.75002,-0.15461,-1.56536,-6.97675
97.51867217,-1.81847,-1.81847,-0.220048,-1.63389,-6.99433
97.51957449,-1.88839,-1.88839,-0.286952,-1.70382,-7.01228
97.52057745,-1.96611,-1.96611,-0.361465,-1.78154,-7.03107
97.52155187,-2.04163,-2.04163,-0.434004,-1.85706,-7.04933
97.52265549,-2.12715,-2.12715,-0.516331,-1.94268,-7.06854
97.52399822,-2.2312,-2.2312,-0.616728,-2.04685,-7.0919
97.52621459,-2.4027,-2.4027,-0.782985,-2.21879,-7.12734
97.53058928,-2.7399,-2.7399,-1.11291,-2.55741,-7.18861
97.53417697,-3.01456,-3.01456,-1.38499,-2.83383,-7.23031
97.53759782,-3.27433,-3.27433,-1.64551,-3.09578,-7.26292
97.53830051,-3.3273,-3.3273,-1.69903,-3.14928,-7.26854
97.53930147,-3.40276,-3.40276,-1.77545,-3.22549,-7.27656
97.54143892,-3.5628,-3.5628,-1.93862,-3.38731,-7.29126
97.54293695,-3.67416,-3.67416,-2.05299,-3.50004,-7.29996
97.54552968,-3.86509,-3.86509,-2.25092,-3.69358,-7.31191
97.55071514,-4.23884,-4.23884,-2.64533,-4.0734,-7.32407
97.56108608,-4.94293,-4.94293,-3.41972,-4.79262,-7.30225
97.56768598,-5.35428,-5.35428,-3.89698,-5.21528,-7.25676
97.57063765,-5.52798,-5.52798,-4.1054,-5.39433,-7.22855
97.57348465,-5.6891,-5.6891,-4.30269,-5.5607,-7.1968
97.57584342,-5.81779,-5.81779,-4.46297,-5.69377,-7.16715
97.57843622,-5.95429,-5.95429,-4.63543,-5.83511,-7.1311
97.58362183,-6.2122,-6.2122,-4.96686,-6.10273,-7.04824
97.58640039,-6.34226,-6.34226,-5.13643,-6.238,-6.998
97.58790056,-6.41017,-6.41017,-5.22551,-6.30871,-6.96867
97.58925116,-6.4693,-6.4693,-5.30418,-6.37037,-6.94226
97.59056897,-6.52699,-6.52699,-5.37953,-6.43052,-6.9146
97.59195458,-6.58568,-6.58568,-5.45726,-6.49179,-6.88552
97.59448437,-6.68937,-6.68937,-5.59536,-6.60019,-6.82905
97.59954397,-6.88349,-6.88349,-5.85721,-6.80364,-6.70644
97.60616295,-7.11099,-7.11099,-6.17201,-7.04323,-6.52699
97.61311639,-7.31803,-7.31803,-6.46994,-7.26285,-6.31579
97.62239363,-7.54385,-7.54385,-6.81665,-7.50535,-5.99908
97.6321116,-7.71936,-7.71936,-7.11873,-7.69821,-5.62626
97.65154755,-7.88768,-7.88768,-7.53955,-7.90062,-4.76456
97.67510723,-7.77782,-7.77782,-7.73114,-7.82992,-3.53533
97.71838863,-6.76573,-6.76573,-7.2404,-6.87709,-0.873964
97.73731647,-6.01679,-6.01679,-6.70187,-6.14787,0.422659
97.74954902,-5.44268,-5.44268,-6.25654,-5.58425,1.28867
97.75771859,-5.02291,-5.02291,-5.91917,-5.17048,1.87246
97.76039362,-4.87938,-4.87938,-5.80196,-5.02873,2.06378
97.76283378,-4.74597,-4.74597,-5.69225,-4.89688,2.2383
97.76771408,-4.47235,-4.47235,-5.46515,-4.62617,2.58519
97.7774747,-3.89943,-3.89943,-4.98151,-4.05833,3.26486
97.79699593,-2.66211,-2.66211,-3.90684,-2.82918,4.5099
97.80484042,-2.13304,-2.13304,-3.43695,-2.30285,4.95393
97.80917839,-1.83328,-1.83328,-3.16835,-2.00454,5.18265
97.8133062,-1.54371,-1.54371,-2.90736,-1.71633,5.38812
97.81674553,-1.2994,-1.2994,-2.68605,-1.47315,5.55017
97.82061664,-1.02133,-1.02133,-2.43297,-1.19636,5.72278
97.82835887,-0.456284,-0.456284,-1.915,-0.633851,6.03793
97.83803589,0.264611,0.264611,-1.24728,0.0839665,6.37711
97.84931706,1.1213,1.1213,-0.443873,0.937656,6.6977
97.85420851,1.49704,1.49704,-0.0878506,1.31258,6.81196
97.85764965,1.7625,1.7625,0.165103,1.57776,6.88347
97.85873492,1.84622,1.84622,0.245287,1.66139,6.90422
97.85961121,1.91382,1.91382,0.310162,1.72912,6.92098
97.86054098,1.9856,1.9856,0.379122,1.80099,6.93764
97.86155016,2.0635,2.0635,0.454112,1.87899,6.95574
97.86268382,2.15102,2.15102,0.538522,1.96662,6.97449
97.86415943,2.26494,2.26494,0.648652,2.08068,6.9989
97.86664921,2.45672,2.45672,0.8351,2.27306,7.03624
97.87162876,2.83829,2.83829,1.21006,2.65655,7.09969
97.87492668,3.08895,3.08895,1.45968,2.90907,7.13352
97.87865152,3.36943,3.36943,1.74256,3.1922,7.16391
97.87952814,3.43486,3.43486,1.80913,3.25836,7.16962
97.88044621,3.50339,3.50339,1.87896,3.32765,7.1756
97.88174134,3.59948,3.59948,1.97746,3.42457,7.18215
97.88359753,3.73626,3.73626,2.11864,3.56349,7.19154
97.88695412,3.98042,3.98042,2.37354,3.81129,7.20211
97.89366729,4.45357,4.45357,2.87974,4.29315,7.20362
97.90709363,5.31481,5.31481,3.8573,5.1761,7.12991
97.9118729,5.59105,5.59105,4.19039,5.46104,7.07928
97.91618423,5.82545,5.82545,4.48152,5.7035,7.02284
97.91972458,6.00736,6.00736,4.71262,5.8921,6.96897
97.92370714,6.20076,6.20076,4.96256,6.09306,6.90038
97.92622466,6.31698,6.31698,5.11457,6.21406,6.85269
97.92830511,6.40955,6.40955,5.23647,6.31057,6.81078
97.93026265,6.49381,6.49381,5.34796,6.39854,6.7693
97.93180352,6.55823,6.55823,5.43356,6.46586,6.73526
97.93488525,6.68205,6.68205,5.59922,6.59548,6.66355
97.94104871,6.90989,6.90989,5.90925,6.83481,6.50586
97.9483645,7.14643,7.14643,6.24192,7.08482,6.29453
97.9556255,7.34522,7.34522,6.53541,7.29684,6.05959
97.96562557,7.5611,7.5611,6.88145,7.5308,5.69656
97.97860124,7.74287,7.74287,7.23203,7.73573,5.16102
98.00101431,7.80358,7.80358,7.58236,7.83512,4.08084
98.02866765,7.46,7.46,7.58663,7.53497,2.51567
98.04982676,6.90435,6.90435,7.28568,7.00787,1.17266
98.0642611,6.38927,6.38927,6.93676,6.50943,0.197042
98.08132422,5.65073,5.65073,6.38461,5.7873,-0.999915
98.08739251,5.35569,5.35569,6.15301,5.49722,-1.43408
98.08964541,5.24198,5.24198,6.06246,5.38524,-1.59614
98.09180841,5.13079,5.13079,5.97328,5.27565,-1.75174
98.09393283,5.01969,5.01969,5.88359,5.16606,-1.90456
98.09818168,4.79204,4.79204,5.6981,4.94128,-2.20977
98.10667937,4.31587,4.31587,5.30354,4.47023,-2.81406
98.12367476,3.28737,3.28737,4.42678,3.45006,-3.96254
98.13625931,2.4663,2.4663,3.70771,2.63401,-4.73009
98.14272527,2.02634,2.02634,3.3166,2.1964,-5.08865
98.1461828,1.78641,1.78641,3.10176,1.95769,-5.26904
98.14945151,1.5568,1.5568,2.89521,1.72923,-5.43187
98.15251179,1.33951,1.33951,2.69892,1.51302,-5.57753
98.15863234,0.898714,0.898714,2.29832,1.07437,-5.84968
98.16902493,0.133326,0.133326,1.59561,0.3126,-6.25546
98.18013437,-0.704736,-0.704736,0.816343,-0.521866,-6.61315
98.1876813,-1.28345,-1.28345,0.272124,-1.09866,-6.81213
98.19129977,-1.56313,-1.56313,0.0072895,-1.37759,-6.89505
98.19218114,-1.63125,-1.63125,-0.0575846,-1.44581,-6.91382
98.1929308,-1.6894,-1.6894,-0.112868,-1.50382,-6.92979
98.19395179,-1.76859,-1.76859,-0.188311,-1.58284,-6.95044
98.19484797,-1.8381,-1.8381,-0.254669,-1.65237,-6.96856
98.19575786,-1.90867,-1.90867,-0.32217,-1.72296,-6.9859
98.19673987,-1.98484,-1.98484,-0.395165,-1.79915,-7.00462
98.19773,-2.06164,-2.06164,-0.46891,-1.87596,-7.0223
98.19884487,-2.14811,-2.14811,-0.552115,-1.96253,-7.0422
98.20026985,-2.2585,-2.2585,-0.658721,-2.07318,-7.06612
98.2026699,-2.44443,-2.44443,-0.838886,-2.25954,-7.10364
98.20747001,-2.81438,-2.81438,-1.20126,-2.63118,-7.16831
98.21073781,-3.06441,-3.06441,-1.44929,-2.8829,-7.20446
98.21442524,-3.34409,-3.34409,-1.73012,-3.16504,-7.23763
98.21619994,-3.4776,-3.4776,-1.86557,-3.29994,-7.25073
98.21918195,-3.6999,-3.6999,-2.09318,-3.52489,-7.26857
98.22219865,-3.92172,-3.92172,-2.32326,-3.7498,-7.28132
98.22823203,-4.35386,-4.35386,-2.78105,-4.18927,-7.29103
98.24029881,-5.15451,-5.15451,-3.67272,-5.00834,-7.24841
98.24484263,-5.43066,-5.43066,-3.99727,-5.29244,-7.21117
98.24746863,-5.58322,-5.58322,-4.18118,-5.44976,-7.18443
98.24996717,-5.72337,-5.72337,-4.35312,-5.59449,-7.15549
98.25241313,-5.85584,-5.85584,-4.51817,-5.73148,-7.12387
98.25606697,-6.0452,-6.0452,-4.75791,-5.92762,-7.07067
98.25920757,-6.19999,-6.19999,-4.9568,-6.08825,-7.01927
98.26180481,-6.32253,-6.32253,-5.1158,-6.21563,-6.97283
98.26366767,-6.40742,-6.40742,-5.22663,-6.30398,-6.93702
98.26437403,-6.4387,-6.4387,-5.26763,-6.33658,-6.92344
98.26540531,-6.48437,-6.48437,-5.32749,-6.38416,-6.90236
98.26649441,-6.53152,-6.53152,-5.38946,-6.43333,-6.8801
98.26854208,-6.61791,-6.61791,-5.50345,-6.52351,-6.83606
98.27263741,-6.78193,-6.78193,-5.72183,-6.69508,-6.74163
98.28082808,-7.07543,-7.07543,-6.12204,-7.0035,-6.52785
98.28901121,-7.32315,-7.32315,-6.47508,-7.26599,-6.282
98.29738623,-7.53015,-7.53015,-6.78943,-7.48799,-5.99811
98.3064595,-7.70194,-7.70194,-7.07752,-7.67595,-5.65521
98.32460603,-7.88558,-7.88558,-7.49355,-7.89145,-4.8673
98.34727382,-7.8261,-7.8261,-7.72107,-7.87004,-3.71153
98.38899916,-6.95209,-6.95209,-7.34853,-7.05507,-1.19543
98.4091665,-6.19978,-6.19978,-6.82129,-6.32495,0.167371
98.42311149,-5.56546,-5.56546,-6.33404,-5.70321,1.14764
98.42932153,-5.25477,-5.25477,-6.08632,-5.39736,1.59049
98.43156794,-5.13828,-5.13828,-5.99219,-5.2825,1.75126
98.43366897,-5.02744,-5.02744,-5.90207,-5.17314,1.90162
98.43787101,-4.80053,-4.80053,-5.71594,-4.94902,2.20177
98.44627511,-4.32669,-4.32669,-5.32105,-4.48016,2.79578
98.4630833,-3.30604,-3.30604,-4.44711,-3.46761,3.92453
98.47562409,-2.48698,-2.48698,-3.72734,-2.65346,4.6848
98.48211072,-2.04562,-2.04562,-3.3338,-2.2144,5.0421
98.48549177,-1.81113,-1.81113,-3.12325,-1.98107,5.21726
98.48865522,-1.58917,-1.58917,-2.92307,-1.76019,5.37383
98.49191592,-1.35795,-1.35795,-2.71365,-1.53009,5.5278
98.49683796,-1.00454,-1.00454,-2.39189,-1.17837,5.74628
98.50668204,-0.283577,-0.283577,-1.72958,-0.460765,6.13494
98.51723624,0.507357,0.507357,-0.994315,0.326737,6.48225
98.52579919,1.16007,1.16007,-0.380742,0.977113,6.7124
98.53000784,1.4837,1.4837,-0.0740644,1.29993,6.80878
98.53310999,1.72316,1.72316,0.153934,1.539,6.87282
98.53406045,1.79653,1.79653,0.224108,1.61225,6.891
98.53493149,1.86376,1.86376,0.28854,1.67959,6.90767
98.53584302,1.9342,1.9342,0.356089,1.75007,6.92407
98.53682144,2.0098,2.0098,0.428729,1.82571,6.94168
98.53784984,2.08927,2.08927,0.505225,1.90522,6.95892
98.53900738,2.17872,2.17872,0.591502,1.99471,6.97831
98.54066188,2.30625,2.30625,0.715124,2.12263,7.00411
98.54357838,2.53107,2.53107,0.933861,2.34796,7.04555
98.54834006,2.89569,2.89569,1.29292,2.71446,7.10221
98.55092293,3.09203,3.09203,1.48855,2.9122,7.12725
98.55413188,3.33407,3.33407,1.73227,3.15639,7.15283
98.55513102,3.40883,3.40883,1.80815,3.23193,7.15928
98.55603269,3.4763,3.4763,1.87672,3.3001,7.16509
98.5590381,3.69902,3.69902,2.10529,3.52549,7.18014
98.56217055,3.92784,3.92784,2.34323,3.75751,7.19018
98.56843544,4.37279,4.37279,2.81622,4.2101,7.19318
98.58096522,5.19228,5.19228,3.7345,5.04885,7.1322
98.58559691,5.46807,5.46807,4.06141,5.33274,7.08733
98.58883301,5.65114,5.65114,4.28443,5.52165,7.04894
98.5914141,5.7913,5.7913,4.45851,5.66653,7.01421
98.59405245,5.92923,5.92923,4.63247,5.80931,6.975
98.59932914,6.18933,6.18933,4.96632,6.07915,6.88545
98.60178106,6.30315,6.30315,5.11459,6.19751,6.83883
98.60404862,6.40452,6.40452,5.24754,6.30307,6.79292
98.60608917,6.49259,6.49259,5.36363,6.3949,6.74934
98.60772272,6.56096,6.56096,5.45416,6.46628,6.7129
98.61098983,6.69209,6.69209,5.62901,6.6034,6.63597
98.61752403,6.93211,6.93211,5.95491,6.8553,6.46611
98.62500061,7.17078,7.17078,6.29041,7.1074,6.24623
98.63212661,7.36291,7.36291,6.57421,7.31223,6.01201
98.64096954,7.55397,7.55397,6.87883,7.51892,5.68917
98.65841152,7.78018,7.78018,7.32885,7.77556,4.95488
98.67820254,7.80194,7.80194,7.60265,7.83064,3.97883
98.7117929,7.30549,7.30549,7.51993,7.38474,2.0353
98.73146013,6.72215,6.72215,7.16659,6.82618,0.756262
98.74960668,6.00896,6.00896,6.65452,6.13201,-0.493783
98.75932802,5.56216,5.56216,6.31039,5.69379,-1.18388
98.76513232,5.2751,5.2751,6.08276,5.4113,-1.60006
98.76707972,5.17548,5.17548,6.00276,5.31313,-1.74015
98.76887346,5.08232,5.08232,5.92751,5.22126,-1.8692
98.77246093,4.89207,4.89207,5.77263,5.03347,-2.12705
98.77963588,4.49642,4.49642,5.44585,4.64232,-2.63921
98.79398579,3.64896,3.64896,4.72818,3.80241,-3.62874
98.80534457,2.92917,2.92917,4.10328,3.08756,-4.35813
98.81487198,2.29517,2.29517,3.54326,2.45726,-4.91643
98.81886056,2.02205,2.02205,3.29954,2.1856,-5.13323
98.82205088,1.80054,1.80054,3.10088,1.96527,-5.29867
98.82461597,1.62058,1.62058,2.93885,1.78624,-5.42642
98.82725709,1.43363,1.43363,2.76993,1.60026,-5.5531
98.83253933,1.05499,1.05499,2.42606,1.22357,-5.79206
98.84310381,0.280735,0.280735,1.716,0.453218,-6.21472
98.85350576,-0.500673,-0.500673,0.990525,-0.324509,-6.56104
98.8620427,-1.15343,-1.15343,0.377724,-0.974674,-6.79461
98.86623727,-1.47716,-1.47716,0.0713661,-1.29745,-6.89283
98.86934635,-1.71812,-1.71812,-0.15774,-1.53791,-6.95867
98.87029545,-1.79167,-1.79167,-0.228009,-1.61131,-6.97733
98.87116642,-1.85917,-1.85917,-0.292621,-1.67889,-6.99447
98.87208852,-1.93074,-1.93074,-0.361155,-1.75044,-7.01156
98.87306204,-2.0063,-2.0063,-0.433651,-1.82598,-7.02962
98.8741022,-2.08703,-2.08703,-0.511265,-1.90668,-7.04761
98.87526835,-2.17754,-2.17754,-0.598463,-1.9972,-7.06778
98.87700003,-2.31164,-2.31164,-0.728295,-2.13161,-7.09568
98.88009835,-2.55158,-2.55158,-0.961552,-2.3721,-7.14109
98.8844636,-2.88756,-2.88756,-1.29202,-2.70962,-7.19531
98.88696095,-3.07853,-3.07853,-1.48191,-2.90181,-7.22122
98.89002469,-3.31116,-3.31116,-1.71555,-3.13629,-7.24794
98.89089816,-3.377,-3.377,-1.78216,-3.20275,-7.2543
98.89185039,-3.44877,-3.44877,-1.85489,-3.27521,-7.26123
98.89459772,-3.6541,-3.6541,-2.06474,-3.48275,-7.27752
98.89721977,-3.84778,-3.84778,-2.26501,-3.67886,-7.28896
98.90246387,-4.22693,-4.22693,-2.66398,-4.06371,-7.29986
98.91295207,-4.9411,-4.9411,-3.44691,-4.79229,-7.27458
98.91960767,-5.35703,-5.35703,-3.92765,-5.219,-7.22644
98.92259331,-5.53314,-5.53314,-4.13809,-5.40024,-7.19685
98.92546959,-5.69624,-5.69624,-4.33694,-5.56838,-7.16371
98.92785676,-5.82669,-5.82669,-4.49867,-5.70304,-7.1328
98.93048779,-5.96537,-5.96537,-4.67305,-5.8464,-7.09518
98.93574984,-6.22718,-6.22718,-5.00768,-6.1176,-7.00893
98.93799198,-6.33254,-6.33254,-5.14414,-6.22697,-6.96774
98.94024308,-6.43467,-6.43467,-5.27722,-6.33312,-6.92375
98.94241227,-6.52967,-6.52967,-5.4016,-6.43199,-6.87889
98.94416295,-6.60393,-6.60393,-5.49926,-6.50936,-6.84093
98.94766431,-6.74604,-6.74604,-5.68753,-6.65768,-6.76035
98.95466703,-7.00493,-7.00493,-6.03712,-6.92886,-6.58091
98.96304698,-7.27083,-7.27083,-6.4101,-7.20933,-6.33499
98.97069406,-7.4722,-7.4722,-6.70864,-7.42389,-6.0818
98.97848317,-7.63726,-7.63726,-6.97261,-7.60234,-5.79671
98.99406138,-7.84842,-7.84842,-7.38165,-7.84006,-5.14934
99.01493289,-7.89015,-7.89015,-7.68674,-7.91631,-4.1352
99.04967921,-7.388,-7.388,-7.60827,-7.46562,-2.13912
99.07018418,-6.77763,-6.77763,-7.23481,-6.88057,-0.810267
99.08603477,-6.159,-6.159,-6.79023,-6.27834,0.27653
99.09652124,-5.68425,-5.68425,-6.42549,-5.81281,1.01682
99.10123942,-5.45443,-5.45443,-6.24372,-5.5867,1.35393
99.10415946,-5.30734,-5.30734,-6.12589,-5.44177,1.5635
99.10547986,-5.23965,-5.23965,-6.07131,-5.37502,1.65826
99.10812067,-5.10215,-5.10215,-5.95978,-5.23934,1.84792
99.11340228,-4.81884,-4.81884,-5.72741,-4.95943,2.22637
99.1239655,-4.22072,-4.22072,-5.22703,-4.3672,2.97235
99.14509193,-2.91254,-2.91254,-4.09657,-3.06831,4.35056
99.15472979,-2.27024,-2.27024,-3.52714,-2.42947,4.90738
99.15979928,-1.92195,-1.92195,-3.21505,-2.0829,5.17741
99.16463239,-1.58385,-1.58385,-2.91003,-1.74643,5.4184
99.16810485,-1.33752,-1.33752,-2.6866,-1.50127,5.58146
99.1719174,-1.064,-1.064,-2.43736,-1.22903,5.75091
99.1795425,-0.508226,-0.508226,-1.92739,-0.675843,6.0606
99.18821514,0.136476,0.136476,-1.33018,-0.0340421,6.36683
99.19989478,1.02165,1.02165,-0.500557,0.847658,6.70388
99.20534039,1.43965,1.43965,-0.10466,1.26451,6.83183
99.20914036,1.73274,1.73274,0.174663,1.55703,6.91023
99.21032435,1.82406,1.82406,0.262182,1.64847,6.93252
99.21120145,1.89182,1.89182,0.327157,1.71621,6.94904
99.21217432,1.96698,1.96698,0.399359,1.79135,6.96616
99.21313882,2.04149,2.04149,0.471073,1.86584,6.98314
99.21426073,2.12816,2.12816,0.554655,1.95256,7.00137
99.21564839,2.2352,2.2352,0.658267,2.05981,7.02392
99.217947,2.4125,2.4125,0.830438,2.23748,7.05792
99.22254424,2.76536,2.76536,1.17656,2.59177,7.11634
99.22592904,3.02328,3.02328,1.4327,2.85128,7.15123
99.22920207,3.27068,3.27068,1.68124,3.10066,7.17845
99.22997059,3.32834,3.32834,1.7396,3.15887,7.1837
99.23093577,3.40076,3.40076,1.81303,3.23197,7.19028
99.23324056,3.57243,3.57243,1.98837,3.40548,7.20326
99.23510059,3.70978,3.70978,2.12987,3.54447,7.21144
99.23855622,3.96165,3.96165,2.39236,3.79979,7.22127
99.24546746,4.44945,4.44945,2.91336,4.29591,7.22014
99.25928996,5.33462,5.33462,3.91719,5.2019,7.13664
99.26414776,5.61408,5.61408,4.25394,5.48963,7.08191
99.26856416,5.85273,5.85273,4.54999,5.73602,7.02092
99.27259707,6.05776,6.05776,4.81014,5.9482,6.95604
99.27706621,6.27082,6.27082,5.0851,6.16923,6.87407
99.27882409,6.3506,6.3506,5.18915,6.25215,6.83842
99.279961,6.40056,6.40056,5.25465,6.30413,6.81536
99.28105179,6.4485,6.4485,5.31749,6.35401,6.79173
99.28241739,6.50676,6.50676,5.39418,6.4147,6.76214
99.28423885,6.58241,6.58241,5.49418,6.49358,6.72068
99.28788176,6.72673,6.72673,5.68653,6.64434,6.63271
99.29516759,6.98778,6.98778,6.04196,6.91812,6.437
99.30343281,7.23991,7.23991,6.39977,7.18452,6.18388
99.31115866,7.43377,7.43377,6.6919,7.39161,5.91834
99.31915587,7.59238,7.59238,6.95216,7.56382,5.61511
99.33515028,7.78388,7.78388,7.34686,7.78217,4.9278
99.35635558,7.78748,7.78748,7.61761,7.82003,3.86593
99.39198175,7.19702,7.19702,7.45913,7.28002,1.76638
99.41069622,6.60543,6.60543,7.08224,6.71024,0.530268
99.42939314,5.83926,5.83926,6.5189,5.96196,-0.770945
99.4368812,5.48593,5.48593,6.24313,5.61465,-1.30598
99.44001144,5.33071,5.33071,6.11964,5.46175,-1.53136
99.44121391,5.26965,5.26965,6.07064,5.40154,-1.61794
99.44231677,5.21366,5.21366,6.0257,5.34633,-1.69751
99.44452248,5.09958,5.09958,5.93351,5.23376,-1.85663
99.44893389,4.86551,4.86551,5.74252,5.00252,-2.17439
99.45775673,4.37467,4.37467,5.33502,4.51673,-2.80361
99.47540241,3.31035,3.31035,4.4253,3.46059,-3.99713
99.48802274,2.48775,2.48775,3.70288,2.64276,-4.76518
99.49381865,2.09411,2.09411,3.35224,2.25114,-5.08707
99.49705883,1.87001,1.87001,3.15134,2.02815,-5.25731
99.50009872,1.65732,1.65732,2.95983,1.81649,-5.4103
99.50301358,1.45126,1.45126,2.77357,1.61143,-5.55086
99.50857181,1.05298,1.05298,2.41159,1.21508,-5.8027
99.51968827,0.237703,0.237703,1.66303,0.40366,-6.24524
99.5299485,-0.533869,-0.533869,0.945769,-0.36448,-6.58347
99.53827129,-1.17061,-1.17061,0.347413,-0.998835,-6.80939
99.54233294,-1.48415,-1.48415,0.0504811,-1.31151,-6.90406
99.54488233,-1.68173,-1.68173,-0.137408,-1.50868,-6.95768
99.54568314,-1.74379,-1.74379,-0.196658,-1.57061,-6.97453
99.54653393,-1.80973,-1.80973,-0.259721,-1.63661,-6.99111
99.54741128,-1.87782,-1.87782,-0.324871,-1.70467,-7.0082
99.54842242,-1.9563,-1.9563,-0.400103,-1.78311,-7.02677
99.54938554,-2.03105,-2.03105,-0.471904,-1.85783,-7.04445
99.55047989,-2.11599,-2.11599,-0.553652,-1.94281,-7.06309
99.55178318,-2.21714,-2.21714,-0.651229,-2.04402,-7.0853
99.55391905,-2.38269,-2.38269,-0.811635,-2.20989,-7.11876
99.55806489,-2.70293,-2.70293,-1.12457,-2.5312,-7.1759
99.56153717,-2.96949,-2.96949,-1.38806,-2.79917,-7.21583
99.56495418,-3.22984,-3.22984,-1.64843,-3.06138,-7.24812
99.56565554,-3.2829,-3.2829,-1.70188,-3.1149,-7.25368
99.56666451,-3.35925,-3.35925,-1.77895,-3.1919,-7.26168
99.56878564,-3.5187,-3.5187,-1.94098,-3.35289,-7.2761
99.57024488,-3.62764,-3.62764,-2.05245,-3.46301,-7.28449
99.57275044,-3.81309,-3.81309,-2.24384,-3.65068,-7.29598
99.57776155,-4.17667,-4.17667,-2.62534,-4.01947,-7.30801
99.58778377,-4.86485,-4.86485,-3.37552,-4.72073,-7.28898
99.59465648,-5.29978,-5.29978,-3.87424,-5.16629,-7.24319
99.59771261,-5.48228,-5.48228,-4.09071,-5.35383,-7.21437
99.59979276,-5.60237,-5.60237,-4.23576,-5.47742,-7.19181
99.60180943,-5.71552,-5.71552,-4.37434,-5.59399,-7.16768
99.60371455,-5.81946,-5.81946,-4.50321,-5.70119,-7.14286
99.60752478,-6.01897,-6.01897,-4.75429,-5.90725,-7.08738
99.61067925,-6.17588,-6.17588,-4.95479,-6.06961,-7.03561
99.61330581,-6.30094,-6.30094,-5.11618,-6.19922,-6.9885
99.61519895,-6.38798,-6.38798,-5.2292,-6.28954,-6.95197
99.61588298,-6.41857,-6.41857,-5.26907,-6.32132,-6.93878
99.61681835,-6.4604,-6.4604,-5.32358,-6.36476,-6.91964
99.61781446,-6.50339,-6.50339,-5.38059,-6.40948,-6.89925
99.6196057,-6.58071,-6.58071,-5.48111,-6.48989,-6.86089
99.62318819,-6.72737,-6.72737,-5.67475,-6.64271,-6.77928
99.63035317,-6.99414,-6.99414,-6.03373,-6.92169,-6.5969
99.63790484,-7.23741,-7.23741,-6.37282,-7.17769,-6.37766
99.64534724,-7.43951,-7.43951,-6.66884,-7.39226,-6.13527
99.65287627,-7.60636,-7.60636,-6.9306,-7.57166,-5.86438
99.66793431,-7.82859,-7.82859,-7.34275,-7.81881,-5.24976
99.68832837,-7.8993,-7.8993,-7.66929,-7.9224,-4.27583
99.72094566,-7.49535,-7.49535,-7.66259,-7.56616,-2.43452
99.74343815,-6.87024,-6.87024,-7.29766,-6.96862,-0.995672
99.75893825,-6.28701,-6.28701,-6.88491,-6.40127,0.0599402
99.77152022,-5.72924,-5.72924,-6.45907,-5.85435,0.945065
99.77678956,-5.47423,-5.47423,-6.25744,-5.60331,1.32136
99.77954245,-5.33615,-5.33615,-6.14679,-5.46717,1.51897
99.7806171,-5.2809,-5.2809,-6.1021,-5.41265,1.59611
99.78276642,-5.17041,-5.17041,-6.01273,-5.30359,1.75046
99.78706505,-4.94291,-4.94291,-5.82673,-5.07879,2.05916
99.79566231,-4.46658,-4.46658,-5.4307,-4.60722,2.67128
99.81285683,-3.43604,-3.43604,-4.54938,-3.58429,3.83951
99.82517259,-2.63977,-2.63977,-3.85017,-2.79236,4.601
99.83192336,-2.18443,-2.18443,-3.44443,-2.33915,4.98247
99.83522125,-1.95746,-1.95746,-3.24073,-2.11319,5.15802
99.83834992,-1.73959,-1.73959,-3.04434,-1.89627,5.3174
99.84090183,-1.56013,-1.56013,-2.88197,-1.7176,5.44218
99.84372245,-1.36003,-1.36003,-2.7003,-1.51837,5.57471
99.84936369,-0.954682,-0.954682,-2.33033,-1.11478,5.82331
99.85754258,-0.355913,-0.355913,-1.77929,-0.518596,6.1461
99.87107718,0.658749,0.658749,-0.833802,0.491994,6.58578
99.87924571,1.28265,1.28265,-0.244985,1.114,6.79519
99.88319656,1.58688,1.58688,0.0442569,1.4175,6.88156
99.88421773,1.66552,1.66552,0.119464,1.49625,6.90206
99.88499119,1.72526,1.72526,0.176542,1.5559,6.91759
99.8859802,1.80164,1.80164,0.249661,1.63217,6.93635
99.88682778,1.8671,1.8671,0.312441,1.69768,6.95243
99.88783474,1.94487,1.94487,0.387164,1.7755,6.97036
99.88879691,2.01918,2.01918,0.458698,1.84987,6.98749
99.88988285,2.10306,2.10306,0.53959,1.9338,7.0054
99.89112257,2.1988,2.1988,0.632132,2.02961,7.02585
99.89311522,2.35249,2.35249,0.781293,2.18362,7.05611
99.89686042,2.64045,2.64045,1.06291,2.47261,7.10647
99.90038266,2.9097,2.9097,1.32907,2.74331,7.14612
99.90298399,3.10726,3.10726,1.52631,2.94226,7.17063
99.90593528,3.32972,3.32972,1.75066,3.16663,7.19354
99.9069428,3.40507,3.40507,1.82725,3.24274,7.19989
99.90789839,3.47654,3.47654,1.89997,3.31492,7.20591
99.9091503,3.5696,3.5696,1.99524,3.40867,7.21189
99.91109022,3.71283,3.71283,2.14286,3.55394,7.22116
99.91471982,3.97716,3.97716,2.41857,3.82189,7.23124
99.92197901,4.48799,4.48799,2.96536,4.34145,7.22848
99.92909111,4.9598,4.9598,3.4905,4.82354,7.19652
99.9348549,5.317,5.317,3.90473,5.19002,7.14969
99.93727719,5.45975,5.45975,4.07515,5.33687,7.12448
99.93917693,5.56845,5.56845,4.20699,5.44883,7.10243
99.94091505,5.66536,5.66536,4.32605,5.54875,7.08053
99.9426086,5.75746,5.75746,4.44049,5.64379,7.0576
99.94599569,5.93495,5.93495,4.66422,5.8272,7.0071
99.95276987,6.26405,6.26405,5.08768,6.1682,6.88781
99.95501652,6.3657,6.3657,5.2206,6.27381,6.8429
99.95683727,6.44541,6.44541,5.32542,6.35672,6.80457
99.95852264,6.51708,6.51708,5.42009,6.43135,6.76757
99.96013077,6.5836,6.5836,5.50834,6.50068,6.7309
99.96334705,6.71121,6.71121,5.67885,6.6339,6.65364
99.9697796,6.94493,6.94493,5.99695,6.87873,6.48362
99.97703035,7.17437,7.17437,6.3202,7.12056,6.2678
99.98391462,7.35921,7.35921,6.59349,7.31705,6.03983
99.99190847,7.53393,7.53393,6.87073,7.5052,5.74793
100,7.6676,7.6676,7.10813,7.65237,5.42381
