"TIME","SIN1","SIN2","SIN3","SIN4","SIN5"
90,-7.7757,-7.7757,-7.1775,-7.51617,-2.02312
90.0014152,-7.78103,-7.78103,-7.20672,-7.52785,-1.9335
90.0042456,-7.78869,-7.78869,-7.26216,-7.54824,-1.75312
90.00990641,-7.78977,-7.78977,-7.35862,-7.57486,-1.38704
90.02122802,-7.73405,-7.73405,-7.49258,-7.57056,-0.635001
90.04387123,-7.39983,-7.39983,-7.52982,-7.33932,0.928864
90.05105283,-7.2332,-7.23319,-7.47836,-7.20525,1.43743
90.05369049,-7.16483,-7.16483,-7.45192,-7.14882,1.6253
90.05564292,-7.11181,-7.11181,-7.42979,-7.10462,1.76436
90.05754067,-7.05834,-7.05833,-7.40621,-7.0597,1.89953
90.06133618,-6.94575,-6.94574,-7.35301,-6.96418,2.16947
90.06892718,-6.69854,-6.69853,-7.22286,-6.75091,2.70468
90.08410919,-6.12028,-6.12028,-6.871,-6.23971,3.73177
90.0958682,-5.59949,-5.59949,-6.51777,-5.77012,4.4638
90.10573045,-5.11662,-5.11661,-6.16966,-5.32976,5.01629
90.10996971,-4.89663,-4.89662,-6.00592,-5.12793,5.23439
90.11391075,-4.68573,-4.68573,-5.84635,-4.93386,5.42595
90.11853089,-4.43099,-4.43098,-5.65054,-4.69876,5.63676
90.12392339,-4.12381,-4.1238,-5.41043,-4.41438,5.86448
90.13470839,-3.47971,-3.4797,-4.89462,-3.81531,6.26286
90.14517355,-2.81956,-2.81955,-4.35122,-3.19793,6.57856
90.16204977,-1.69164,-1.69163,-3.39449,-2.13634,6.94476
90.18532558,-0.0337961,-0.0337873,-1.93558,-0.562647,7.16925
90.20101814,1.13451,1.13452,-0.873991,0.556135,7.14225
90.20789254,1.65508,1.65508,-0.391555,1.05819,7.08618
90.20992097,1.80944,1.80945,-0.247342,1.20753,7.06388
90.21111971,1.90066,1.90067,-0.161757,1.29604,7.0507
90.21226848,1.98808,1.98809,-0.0795055,1.38087,7.03636
90.21332325,2.06835,2.06836,-0.00379107,1.45895,7.02319
90.21420948,2.13579,2.1358,0.0599637,1.52456,7.01115
90.21519163,2.21053,2.21054,0.130764,1.59726,6.9978
90.21623022,2.28938,2.28939,0.205795,1.67429,6.98256
90.21733636,2.37336,2.37337,0.285883,1.75633,6.96633
90.21856289,2.46648,2.46649,0.374899,1.84729,6.94661
90.22045287,2.60951,2.60952,0.512478,1.98746,6.91622
90.22388019,2.86765,2.86766,0.763161,2.24146,6.85518
90.22913658,3.25919,3.2592,1.15021,2.62929,6.74968
90.23191884,3.46385,3.46386,1.35617,2.83331,6.68806
90.23539348,3.71628,3.71629,1.61414,3.08634,6.60557
90.23732,3.85453,3.85454,1.75746,3.2256,6.55721
90.23864603,3.94887,3.94888,1.85611,3.32092,6.52221
90.24059432,4.08616,4.08617,2.00104,3.46009,6.47079
90.24417833,4.33414,4.33414,2.26733,3.71293,6.37016
90.25134636,4.80873,4.80874,2.79588,4.20282,6.15046
90.25679709,5.14748,5.14749,3.19189,4.55824,5.96727
90.25970261,5.31933,5.31933,3.40019,4.74077,5.86402
90.26122895,5.407,5.40701,3.50834,4.83452,5.80776
90.26263461,5.4861,5.48611,3.60793,4.91945,5.75595
90.26411738,5.56782,5.56783,3.71157,5.00748,5.69952
90.26511649,5.62151,5.62152,3.7814,5.06548,5.66149
90.26608296,5.67345,5.67346,3.84822,5.12158,5.62377
90.26648827,5.69477,5.69478,3.87625,5.14464,5.60795
90.26703449,5.7235,5.7235,3.91368,5.17572,5.58664
90.26792236,5.76928,5.76928,3.97453,5.22528,5.55128
90.268773,5.81314,5.81314,4.03208,5.27276,5.51741
90.27025347,5.88766,5.88767,4.13224,5.35352,5.45744
90.2732144,6.03183,6.03184,4.32851,5.51,5.33471
90.2783118,6.26512,6.26513,4.65425,5.76419,5.11491
90.28225501,6.4329,6.4329,4.89447,5.948,4.93763
90.28457129,6.52636,6.52636,5.03038,6.05086,4.8306
90.28655327,6.60337,6.60337,5.14343,6.13591,4.73734
90.28848343,6.67576,6.67576,5.25052,6.21616,4.64506
90.28982623,6.72462,6.72463,5.3233,6.27049,4.58002
90.29251182,6.81866,6.81866,5.46472,6.37552,4.44792
90.29788302,6.9921,6.9921,5.73161,6.57109,4.17579
90.30862542,7.28105,7.28105,6.20485,6.90509,3.60148
90.31870656,7.48281,7.48281,6.57815,7.15004,3.02831
90.33380188,7.66178,7.66178,7.01318,7.39519,2.11466
90.34807123,7.69834,7.69834,7.29066,7.49558,1.19716
90.37660994,7.40581,7.40581,7.47028,7.33189,-0.752404
90.38591467,7.208,7.208,7.42269,7.17613,-1.41288
90.38946937,7.11951,7.11951,7.39099,7.10368,-1.66738
90.39098108,7.07909,7.07909,7.37457,7.07006,-1.77561
90.39263087,7.03498,7.03497,7.35664,7.03337,-1.89377
90.39593045,6.94106,6.94106,7.31471,6.95427,-2.13011
90.40252961,6.73622,6.73622,7.21259,6.77891,-2.5996
90.41572792,6.26129,6.26128,6.93749,6.36235,-3.51072
90.42792253,5.74889,5.74889,6.60235,5.90319,-4.2967
90.43793603,5.27822,5.27821,6.27142,5.47579,-4.8835
90.44215854,5.06673,5.06672,6.11722,5.28244,-5.11227
90.44546595,4.89591,4.8959,5.99054,5.12578,-5.28285
90.44810741,4.75632,4.75631,5.88574,4.99748,-5.41352
90.45082371,4.60992,4.60991,5.77467,4.86266,-5.54276
90.45625629,4.30872,4.30871,5.54274,4.58454,-5.7861
90.46712146,3.67467,3.67466,5.0414,3.99612,-6.21458
90.47756884,3.0279,3.02789,4.51461,3.39239,-6.55554
90.49259292,2.04131,2.0413,3.68667,2.46568,-6.92725
90.51583125,0.408654,0.408645,2.2647,0.919204,-7.23477
90.53759889,-1.20505,-1.20506,0.803228,-0.626415,-7.23824
90.54561632,-1.81316,-1.81317,0.23712,-1.21487,-7.17168
90.54854402,-2.03625,-2.03625,0.027068,-1.43177,-7.13844
90.54974205,-2.12753,-2.12754,-0.0593534,-1.52083,-7.12326
90.55042197,-2.17934,-2.17935,-0.108512,-1.57137,-7.11464
90.55149259,-2.26092,-2.26093,-0.186072,-1.65096,-7.0999
90.55263718,-2.34799,-2.348,-0.269191,-1.7362,-7.08413
90.55398464,-2.45048,-2.45049,-0.367302,-1.83655,-7.06428
90.55604925,-2.60709,-2.6071,-0.518148,-1.9903,-7.032
90.559937,-2.90042,-2.90043,-0.803776,-2.27956,-6.96513
90.56458826,-3.24763,-3.24764,-1.14787,-2.62421,-6.8748
90.56725892,-3.44475,-3.44476,-1.34646,-2.82104,-6.8179
90.57056395,-3.68588,-3.68589,-1.59297,-3.06307,-6.74247
90.57244996,-3.82191,-3.82192,-1.73397,-3.20025,-6.69696
90.5737268,-3.91326,-3.91326,-1.82942,-3.29235,-6.6646
90.57544685,-4.03527,-4.03528,-1.958,-3.41643,-6.621
90.57847101,-4.24662,-4.24663,-2.18408,-3.63188,-6.53989
90.58451932,-4.65504,-4.65504,-2.63403,-4.05244,-6.36444
90.58942754,-4.97035,-4.97036,-2.99553,-4.38152,-6.20935
90.59352642,-5.221,-5.221,-3.29367,-4.64638,-6.07128
90.59536034,-5.32911,-5.32912,-3.42545,-4.76165,-6.00656
90.59642877,-5.39046,-5.39047,-3.50222,-4.82744,-5.96886
90.5974441,-5.44876,-5.44877,-3.57434,-4.88997,-5.93184
90.59877552,-5.52338,-5.52339,-3.66892,-4.97034,-5.88329
90.60087827,-5.63837,-5.63838,-3.81656,-5.09457,-5.80432
90.60136212,-5.66415,-5.66415,-3.85019,-5.12247,-5.78615
90.60237919,-5.71833,-5.71834,-3.92086,-5.18113,-5.74696
90.60325908,-5.76411,-5.76411,-3.98137,-5.23073,-5.71306
90.60415985,-5.81097,-5.81098,-4.04332,-5.28151,-5.67749
90.60579155,-5.89377,-5.89377,-4.15421,-5.37131,-5.61306
90.60905497,-6.0535,-6.0535,-4.37182,-5.54487,-5.48019
90.61506521,-6.32774,-6.32774,-4.7557,-5.8442,-5.22397
90.61963487,-6.51928,-6.51929,-5.03104,-6.05468,-5.0194
90.62158644,-6.59667,-6.59667,-5.14397,-6.14015,-4.9295
90.62346611,-6.66874,-6.66875,-5.24998,-6.22001,-4.84152
90.62525535,-6.73512,-6.73512,-5.34835,-6.29381,-4.75651
90.62687683,-6.79339,-6.7934,-5.43539,-6.35883,-4.67842
90.63011978,-6.90464,-6.90465,-5.6036,-6.48363,-4.51931
90.63660568,-7.10606,-7.10606,-5.91746,-6.71239,-4.18973
90.64740942,-7.37982,-7.37982,-6.37644,-7.03249,-3.60892
90.65831639,-7.5789,-7.5789,-6.76141,-7.27934,-2.98497
90.67293762,-7.72639,-7.72639,-7.15729,-7.49213,-2.0956
90.69698046,-7.68285,-7.68285,-7.51752,-7.5577,-0.525379
90.71885593,-7.34909,-7.34908,-7.54135,-7.32338,0.987824
90.72691565,-7.15773,-7.15773,-7.47871,-7.16848,1.55915
90.72993953,-7.0767,-7.0767,-7.44546,-7.10108,1.77459
90.73281048,-6.99526,-6.99525,-7.40909,-7.03254,1.97912
90.73681355,-6.87453,-6.87453,-7.35068,-6.92974,2.2636
90.74481968,-6.60876,-6.60875,-7.20753,-6.69954,2.82637
90.76083195,-5.98503,-5.98502,-6.82001,-6.14587,3.89749
90.77309364,-5.42882,-5.42881,-6.43571,-5.64238,4.64082
90.77945886,-5.11446,-5.11445,-6.20732,-5.35511,4.99245
90.78286402,-4.9394,-4.93939,-6.07728,-5.19445,5.16953
90.78594411,-4.77706,-4.77705,-5.95506,-5.04511,5.32263
90.79002742,-4.55623,-4.55622,-5.78651,-4.84144,5.51524
90.79371785,-4.35128,-4.35127,-5.62788,-4.65193,5.67936
90.8010987,-3.92681,-3.9268,-5.29336,-4.25808,5.98026
90.80981924,-3.40163,-3.40162,-4.86964,-3.76856,6.29014
90.82428051,-2.47975,-2.47974,-4.10393,-2.90414,6.69834
90.84363842,-1.16088,-1.16087,-2.96909,-1.65783,7.04384
90.86519376,0.396901,0.396912,-1.57987,-0.173018,7.16647
90.87836651,1.38196,1.38197,-0.675122,0.774735,7.10923
90.88420022,1.82316,1.82317,-0.262553,1.20229,7.05255
90.88630143,1.98244,1.98245,-0.112323,1.35725,7.02749
90.88826624,2.13138,2.13139,0.0288473,1.50257,7.00156
90.88885417,2.17595,2.17596,0.0712155,1.54606,6.9938
90.88982047,2.2492,2.24921,0.140969,1.61753,6.97985
90.89087315,2.32883,2.32884,0.217122,1.69554,6.96465
90.89207624,2.41984,2.41985,0.304359,1.7847,6.94577
90.89354201,2.53027,2.53028,0.410925,1.89332,6.92277
90.89596173,2.71257,2.71258,0.587494,2.07265,6.88153
90.90080115,3.07386,3.07387,0.942806,2.43042,6.78985
90.90475558,3.36536,3.36537,1.235,2.72116,6.70592
90.90745849,3.56226,3.56227,1.43563,2.91843,6.64395
90.90863347,3.64706,3.64707,1.52284,3.00418,6.61564
90.90932136,3.6967,3.69671,1.57404,3.05404,6.59907
90.9103652,3.77134,3.77134,1.65173,3.1297,6.5729
90.91138082,3.84395,3.84396,1.72733,3.20285,6.54743
90.91256271,3.92735,3.92736,1.8153,3.28798,6.51638
90.914133,4.03815,4.03816,1.9322,3.40031,6.47513
90.91686428,4.2276,4.22761,2.13552,3.59392,6.3997
90.92232685,4.59495,4.59496,2.54049,3.97287,6.23804
90.93325198,5.27051,5.27052,3.33416,4.68506,5.87291
90.93709223,5.48776,5.48776,3.60626,4.91875,5.73157
90.93983456,5.63607,5.63607,3.79761,5.07938,5.62661
90.94116054,5.70571,5.70572,3.88878,5.15505,5.57432
90.94235801,5.76687,5.76688,3.97112,5.2222,5.5271
90.94361244,5.83094,5.83095,4.05632,5.29135,5.47625
90.94496144,5.89791,5.89791,4.1471,5.36433,5.42157
90.94765943,6.02779,6.0278,4.3258,5.50614,5.30917
90.95305542,6.27177,6.27178,4.67014,5.77367,5.07537
90.95716082,6.44356,6.44356,4.91914,5.96324,4.88959
90.95938316,6.53163,6.53163,5.04885,6.06091,4.78623
90.96163822,6.61749,6.61749,5.17659,6.15653,4.67937
90.96279365,6.65965,6.65965,5.24048,6.2037,4.6236
90.9640175,6.7043,6.70431,5.30701,6.25366,4.56452
90.96618317,6.77997,6.77998,5.42192,6.33874,4.45812
90.9705145,6.92179,6.9218,5.64126,6.49949,4.24016
90.97917716,7.16772,7.16772,6.04,6.78371,3.78438
90.98958956,7.39753,7.39753,6.45161,7.06036,3.20358
91.00250973,7.58449,7.58449,6.86303,7.30657,2.4372
91.01662554,7.66711,7.66711,7.18975,7.45503,1.54848
91.04107406,7.52272,7.52272,7.46172,7.42576,-0.0913299
91.05399151,7.30422,7.30422,7.4583,7.26808,-0.998347
91.05995706,7.17114,7.17114,7.42307,7.16297,-1.42391
91.06201354,7.12064,7.12064,7.40607,7.12209,-1.57142
91.06396216,7.07066,7.07066,7.38769,7.08121,-1.7112
91.06589336,7.01911,7.0191,7.36732,7.03865,-1.84972
91.06975576,6.91005,6.91005,7.32022,6.94753,-2.12659
91.07748056,6.66873,6.66872,7.20098,6.74184,-2.67611
91.09293016,6.09766,6.09765,6.86589,6.24099,-3.73235
91.1048831,5.57902,5.57901,6.52156,5.77577,-4.48524
91.11308892,5.18623,5.18622,6.24389,5.41922,-4.95664
91.11674864,5.00174,5.00173,6.1095,5.25079,-5.15301
91.12023627,4.82082,4.82081,5.97557,5.08512,-5.33141
91.12297429,4.67539,4.67538,5.8665,4.95162,-5.46542
91.12597376,4.51273,4.51272,5.74312,4.80199,-5.6062
91.1319727,4.1773,4.17729,5.48449,4.49247,-5.86943
91.13992885,3.71263,3.71262,5.11791,4.06176,-6.18206
91.15284281,2.91415,2.91414,4.46908,3.3172,-6.60382
91.16640137,2.02285,2.02284,3.72151,2.4804,-6.9352
91.18693404,0.587942,0.58793,2.47636,1.12263,-7.22577
91.20536165,-0.768113,-0.768125,1.25955,-0.171573,-7.27606
91.21451317,-1.45917,-1.45918,0.624567,-0.836318,-7.22871
91.22010009,-1.88426,-1.88427,0.228186,-1.24773,-7.17675
91.2219586,-2.02592,-2.02594,0.0949655,-1.38551,-7.15563
91.22366599,-2.15607,-2.15609,-0.0279661,-1.51209,-7.13423
91.2244096,-2.21276,-2.21277,-0.0816633,-1.56737,-7.12491
91.22545925,-2.29277,-2.29278,-0.157614,-1.64541,-7.11047
91.22649651,-2.37167,-2.37168,-0.23284,-1.72253,-7.0962
91.22775367,-2.4673,-2.46731,-0.32424,-1.81609,-7.07719
91.22949098,-2.59913,-2.59914,-0.450938,-1.94538,-7.05093
91.23255409,-2.83065,-2.83066,-0.675362,-2.17333,-6.99972
91.2386803,-3.2884,-3.28841,-1.12765,-2.62725,-6.88265
91.24169164,-3.51025,-3.51026,-1.35142,-2.84894,-6.81801
91.24469328,-3.72874,-3.72875,-1.57524,-3.06825,-6.74839
91.24548875,-3.78605,-3.78606,-1.63456,-3.12637,-6.72994
91.24636826,-3.84941,-3.84942,-1.70029,-3.19014,-6.70829
91.24735561,-3.91977,-3.91978,-1.77408,-3.26172,-6.68398
91.24883906,-4.02548,-4.02549,-1.88494,-3.36865,-6.64623
91.25118892,-4.19052,-4.19053,-2.06056,-3.53674,-6.58421
91.25579959,-4.50648,-4.50649,-2.40439,-3.86106,-6.45473
91.26502092,-5.09934,-5.09935,-3.08323,-4.48031,-6.16565
91.26866977,-5.31788,-5.31789,-3.34732,-4.71289,-6.04034
91.27084496,-5.44341,-5.44342,-3.50312,-4.84767,-5.96276
91.27283455,-5.55499,-5.555,-3.64432,-4.96811,-5.88993
91.27526557,-5.68712,-5.68712,-3.81492,-5.11131,-5.79858
91.2763727,-5.74576,-5.74577,-3.89165,-5.17501,-5.75592
91.27718421,-5.78789,-5.7879,-3.94789,-5.2208,-5.72465
91.27803708,-5.83217,-5.83218,-4.00618,-5.26894,-5.691
91.27952332,-5.90757,-5.90758,-4.10776,-5.35098,-5.63237
91.28245826,-6.05168,-6.05169,-4.30445,-5.50804,-5.51329
91.28761172,-6.28975,-6.28975,-4.63772,-5.76852,-5.29555
91.29159984,-6.4611,-6.46111,-4.88381,-5.95707,-5.11962
91.2941024,-6.56298,-6.56298,-5.03247,-6.06971,-5.00597
91.29618684,-6.64453,-6.64454,-5.15268,-6.16024,-4.90943
91.29822662,-6.72147,-6.72147,-5.267,-6.24598,-4.81332
91.29956752,-6.77051,-6.77051,-5.34039,-6.30081,-4.74928
91.30224932,-6.86494,-6.86495,-5.48307,-6.40688,-4.61918
91.30761293,-7.03933,-7.03934,-5.75268,-6.60469,-4.35106
91.31834014,-7.33081,-7.33081,-6.23202,-6.94376,-3.78483
91.32836813,-7.53497,-7.53498,-6.61044,-7.19333,-3.22151
91.34356989,-7.72107,-7.72108,-7.05989,-7.44972,-2.31147
91.35801655,-7.7633,-7.7633,-7.35116,-7.55996,-1.39137
91.38690987,-7.47559,-7.47558,-7.5512,-7.40913,0.568208
91.39743465,-7.25132,-7.25132,-7.49994,-7.2346,1.31176
91.40798324,-6.96603,-6.96602,-7.38451,-6.99877,2.0612
91.41082457,-6.87902,-6.87902,-7.34259,-6.92502,2.26307
91.41363794,-6.78876,-6.78876,-7.29666,-6.84783,2.4623
91.41926468,-6.59633,-6.59632,-7.19187,-6.68141,2.85722
91.43051816,-6.16564,-6.16563,-6.93201,-6.30218,3.62225
91.45045934,-5.26345,-5.26344,-6.31594,-5.48945,4.82811
91.45711652,-4.9243,-4.92429,-6.06733,-5.17971,5.17975
91.46356139,-4.57913,-4.57912,-5.80723,-4.86279,5.49215
91.46796994,-4.3339,-4.33389,-5.61867,-4.63676,5.68962
91.47293629,-4.0492,-4.04919,-5.39627,-4.37354,5.89644
91.482869,-3.45473,-3.45472,-4.92129,-3.82144,6.26181
91.49446136,-2.72198,-2.72197,-4.31899,-3.13691,6.60888
91.50701002,-1.88645,-1.88644,-3.61323,-2.35172,6.89038
91.53210736,-0.111507,-0.111495,-2.05934,-0.669516,7.16917
91.54920812,1.1578,1.15781,-0.907409,0.54573,7.14828
91.55644573,1.70483,1.70484,-0.399906,1.07378,7.08912
91.55878745,1.88264,1.88265,-0.23339,1.24609,7.06367
91.56029235,1.9969,1.99692,-0.125843,1.3572,7.04512
91.56174231,2.107,2.10701,-0.0218562,1.46426,7.02724
91.56259924,2.17207,2.17208,0.0397632,1.52769,7.01557
91.56355537,2.24467,2.24468,0.108654,1.59846,7.00254
91.56458319,2.3225,2.32251,0.182869,1.67453,6.98743
91.5657188,2.40849,2.40851,0.265052,1.75869,6.97074
91.5669943,2.50508,2.50509,0.357585,1.85321,6.95014
91.5689977,2.65625,2.65626,0.503388,2.00168,6.91778
91.57271286,2.93501,2.93502,0.775159,2.27667,6.85091
91.57769942,3.30481,3.30483,1.1424,2.64406,6.74984
91.58046794,3.50751,3.50752,1.34733,2.84678,6.68819
91.58390684,3.75609,3.7561,1.60264,3.09681,6.60619
91.58584066,3.89411,3.89412,1.74649,3.23636,6.55745
91.58715639,3.98718,3.98719,1.84437,3.33077,6.52262
91.58903047,4.11847,4.11848,1.98379,3.46441,6.473
91.59244553,4.35348,4.35349,2.23756,3.70504,6.37706
91.59927564,4.80397,4.80398,2.74168,4.17205,6.16841
91.60447753,5.12692,5.12692,3.12055,4.51239,5.99479
91.60730609,5.29438,5.29439,3.32409,4.69108,5.89513
91.60867991,5.37352,5.37352,3.42192,4.7761,5.845
91.61000963,5.44867,5.44868,3.51661,4.85719,5.79647
91.61137557,5.52439,5.5244,3.61266,4.93917,5.745
91.61264746,5.59309,5.5931,3.70209,5.01383,5.69707
91.61355881,5.64232,5.64233,3.76541,5.06733,5.66175
91.6144563,5.68957,5.68957,3.82777,5.11879,5.62697
91.61486021,5.71083,5.71084,3.85552,5.14196,5.61132
91.61633016,5.78664,5.78665,3.95651,5.22462,5.55318
91.61728694,5.83511,5.83512,4.02163,5.2775,5.51445
91.61916747,5.92836,5.92837,4.14834,5.37935,5.43833
91.62240839,6.08297,6.08298,4.36231,5.54856,5.30297
91.62889024,6.36959,6.3696,4.77083,5.86397,5.01931
91.6334163,6.55219,6.5522,5.03879,6.06653,4.81122
91.63554474,6.63313,6.63314,5.15955,6.15685,4.71057
91.6374903,6.7044,6.7044,5.26688,6.23669,4.61703
91.63936443,6.7706,6.77061,5.36752,6.31118,4.52557
91.64141592,6.84034,6.84034,5.47461,6.39001,4.42395
91.6455189,6.97129,6.97129,5.67949,6.53923,4.21608
91.65372486,7.19938,7.19939,6.05361,6.8043,3.7826
91.66510956,7.44209,7.44209,6.49703,7.09923,3.14444
91.6773543,7.60896,7.60896,6.87875,7.32336,2.41435
91.69335294,7.6835,7.6835,7.23259,7.474,1.4007
91.72045558,7.45693,7.45693,7.4702,7.37735,-0.435027
91.73274629,7.21302,7.21302,7.43145,7.19221,-1.30356
91.74109209,6.99935,6.99934,7.35453,7.01821,-1.89902
91.74382001,6.92126,6.92126,7.32064,6.95303,-2.09383
91.74630114,6.84681,6.8468,7.28614,6.89029,-2.27102
91.75126339,6.68836,6.68836,7.20684,6.75516,-2.62316
91.7611879,6.33455,6.33454,7.00801,6.44753,-3.31258
91.78103692,5.48924,5.48923,6.45754,5.69293,-4.57058
91.78876844,5.11238,5.11237,6.18971,5.35084,-5.00379
91.7933771,4.8757,4.87569,6.01634,5.13474,-5.24386
91.79759195,4.65174,4.65173,5.84915,4.92952,-5.45067
91.80176995,4.42294,4.42293,5.67549,4.71919,-5.6436
91.80703962,4.12507,4.12506,5.44554,4.44448,-5.8702
91.81757896,3.50023,3.50022,4.95077,3.8653,-6.26932
91.82973519,2.73516,2.73515,4.32574,3.15152,-6.64255
91.84514912,1.70493,1.70492,3.45689,2.18362,-6.98502
91.86878407,0.0215144,0.0215018,1.98296,0.587847,-7.23489
91.8839215,-1.10763,-1.10764,0.961052,-0.492406,-7.22453
91.89071671,-1.62358,-1.62359,0.484853,-0.989533,-7.17755
91.89252325,-1.76154,-1.76156,0.356562,-1.12282,-7.16017
91.89357391,-1.84178,-1.8418,0.281651,-1.20056,-7.15006
91.8945808,-1.91868,-1.91869,0.209669,-1.27507,-7.13876
91.89659459,-2.07247,-2.07249,0.0651695,-1.42452,-7.11615
91.89742265,-2.13571,-2.13573,0.00554885,-1.48598,-7.10579
91.89830839,-2.20336,-2.20337,-0.0583516,-1.55187,-7.0947
91.89938198,-2.2852,-2.28522,-0.135977,-1.63174,-7.08018
91.90039838,-2.36269,-2.3627,-0.209639,-1.70736,-7.06642
91.90156672,-2.45176,-2.45177,-0.294512,-1.7944,-7.04914
91.90302954,-2.56279,-2.56281,-0.401068,-1.90336,-7.0275
91.90548417,-2.74911,-2.74913,-0.58057,-2.08622,-6.98788
91.91039344,-3.11838,-3.11839,-0.941934,-2.4511,-6.8992
91.91436076,-3.41303,-3.41304,-1.23596,-2.7444,-6.81843
91.91705477,-3.61077,-3.61078,-1.43658,-2.94217,-6.75901
91.9181237,-3.68853,-3.68854,-1.51618,-3.02064,-6.73422
91.91881902,-3.73911,-3.73912,-1.56812,-3.07135,-6.7181
91.91985576,-3.81384,-3.81385,-1.64556,-3.14695,-6.69306
91.92087923,-3.88761,-3.88762,-1.72201,-3.22113,-6.66835
91.92205416,-3.97121,-3.97122,-1.80978,-3.30629,-6.63858
91.92362306,-4.08283,-4.08284,-1.92703,-3.41924,-6.59882
91.92635343,-4.27381,-4.27382,-2.13109,-3.61404,-6.52597
91.93181419,-4.64417,-4.64419,-2.53768,-3.99543,-6.36949
91.93965076,-5.14288,-5.14289,-3.11347,-4.51799,-6.12044
91.94297972,-5.34173,-5.34173,-3.3543,-4.72986,-6.00604
91.94486406,-5.45057,-5.45057,-3.48935,-4.84675,-5.93906
91.94662411,-5.5497,-5.54971,-3.61448,-4.95375,-5.87449
91.94806154,-5.62837,-5.62838,-3.71565,-5.03899,-5.82176
91.94891568,-5.67511,-5.67512,-3.77577,-5.08965,-5.7894
91.95032744,-5.75033,-5.75034,-3.87412,-5.17135,-5.73592
91.95189027,-5.83182,-5.83183,-3.982,-5.25995,-5.67541
91.95314384,-5.89585,-5.89586,-4.06772,-5.32963,-5.62611
91.95565097,-6.02043,-6.02044,-4.23684,-5.46536,-5.52552
91.95981817,-6.21741,-6.21742,-4.51024,-5.68061,-5.35251
91.96815258,-6.57468,-6.57469,-5.02223,-6.07405,-4.98542
91.97084849,-6.6799,-6.6799,-5.17727,-6.19093,-4.86076
91.97346321,-6.77719,-6.7772,-5.32241,-6.29955,-4.73717
91.97565917,-6.85532,-6.85532,-5.4403,-6.38722,-4.63138
91.97806584,-6.93721,-6.93721,-5.56539,-6.47962,-4.51336
91.98287919,-7.08935,-7.08936,-5.80303,-6.65292,-4.27104
91.99087667,-7.30811,-7.30812,-6.16235,-6.9073,-3.85061
92.00360607,-7.56979,-7.56979,-6.64625,-7.22688,-3.13875
92.01582937,-7.7226,-7.7226,-7.01174,-7.43652,-2.41002
92.03439543,-7.77546,-7.77546,-7.3859,-7.57729,-1.23076
92.06064199,-7.49973,-7.49972,-7.55498,-7.42677,0.549583
92.07105751,-7.28023,-7.28022,-7.50776,-7.25687,1.28356
92.08151444,-7.00028,-7.00028,-7.39734,-7.02636,2.0251
92.08432826,-6.91495,-6.91495,-7.35699,-6.95426,2.22464
92.08711774,-6.82631,-6.8263,-7.31263,-6.87868,2.42193
92.09269672,-6.63726,-6.63725,-7.21116,-6.71564,2.81323
92.10385466,-6.21389,-6.21388,-6.95861,-6.34375,3.5724
92.12617055,-5.2006,-5.20059,-6.26702,-5.43139,4.90707
92.13334711,-4.82958,-4.82957,-5.99347,-5.09228,5.27542
92.14030581,-4.45045,-4.45044,-5.70581,-4.74382,5.60037
92.14610044,-4.12098,-4.12097,-5.45013,-4.43967,5.84634
92.15250384,-3.7432,-3.74319,-5.15124,-4.0896,6.09248
92.16531064,-2.94822,-2.94821,-4.50525,-3.34886,6.50613
92.18016844,-1.96715,-1.96714,-3.68164,-2.42828,6.85783
92.19584982,-0.873327,-0.873315,-2.73504,-1.39471,7.0832
92.21701267,0.674829,0.674842,-1.35195,0.0800718,7.15771
92.22714606,1.43774,1.43776,-0.651834,0.813237,7.10209
92.2325681,1.84926,1.84927,-0.268416,1.21119,7.04859
92.23443011,1.99083,1.99084,-0.135437,1.34874,7.02645
92.23615294,2.12182,2.12183,-0.011861,1.47601,7.00397
92.2367942,2.17058,2.17059,0.034263,1.52352,6.99561
92.23772898,2.24165,2.24166,0.101617,1.59279,6.98231
92.23878207,2.32151,2.32152,0.177658,1.67083,6.96733
92.2399129,2.40726,2.40728,0.259499,1.75462,6.94992
92.24115894,2.50175,2.50177,0.349897,1.84704,6.93074
92.24310342,2.6487,2.64871,0.491404,1.99127,6.89857
92.24667825,2.91742,2.91743,0.752857,2.25613,6.83422
92.25195945,3.30971,3.30972,1.14177,2.64558,6.72699
92.25478503,3.51681,3.51683,1.35096,2.85262,6.66373
92.25831658,3.77227,3.77228,1.6132,3.10949,6.57896
92.26022853,3.90879,3.9088,1.75546,3.24751,6.53045
92.26156104,4.00308,4.0031,1.8546,3.34315,6.49556
92.26355692,4.1429,4.14291,2.0031,3.48546,6.44167
92.26725107,4.39666,4.39667,2.27757,3.74541,6.33681
92.27463936,4.88067,4.88068,2.82205,4.24805,6.10757
92.28023479,5.22301,5.22302,3.2279,4.61012,5.917
92.28269539,5.36631,5.36632,3.40408,4.76361,5.82864
92.28423664,5.45367,5.45368,3.51356,4.85776,5.7714
92.28570688,5.53524,5.53525,3.61727,4.94603,5.71679
92.28815301,5.66715,5.66716,3.78805,5.0893,5.62299
92.28979933,5.75329,5.75329,3.90165,5.1831,5.55838
92.29163397,5.84683,5.84684,4.02683,5.28507,5.48501
92.2934898,5.93888,5.93889,4.15181,5.38554,5.40932
92.29700459,6.10628,6.10629,4.38348,5.56865,5.26202
92.30403418,6.41455,6.41455,4.82357,5.90792,4.95224
92.30718271,6.54131,6.54132,5.00967,6.04847,4.80706
92.30887081,6.60644,6.60644,5.10642,6.12098,4.72718
92.31018443,6.6552,6.65521,5.18018,6.1755,4.66501
92.3114115,6.70075,6.70076,5.24785,6.22642,4.60564
92.31275808,6.74895,6.74896,5.32076,6.28054,4.54048
92.31541871,6.84056,6.84057,5.46074,6.38386,4.40912
92.32073998,7.00944,7.00945,5.72508,6.57634,4.13867
92.33138251,7.29046,7.29046,6.19433,6.90527,3.5684
92.34146997,7.48777,7.48778,6.56858,7.14889,2.99395
92.35649638,7.65961,7.65961,7.003,7.39109,2.08348
92.37081734,7.6906,7.6906,7.28288,7.49028,1.16204
92.39945926,7.38512,7.38511,7.46468,7.32191,-0.794823
92.40860991,7.18714,7.18714,7.41849,7.16763,-1.44396
92.4112991,7.11994,7.11993,7.39547,7.11324,-1.63638
92.41286626,7.07824,7.07823,7.38011,7.07899,-1.74852
92.41451767,7.03429,7.03429,7.36239,7.04289,-1.86668
92.4178205,6.94066,6.94065,7.32231,6.9649,-2.10301
92.42442614,6.73634,6.73633,7.22378,6.7917,-2.57269
92.43763743,6.26228,6.26227,6.95551,6.37915,-3.48479
92.45057055,5.718,5.71799,6.60433,5.89416,-4.31643
92.46109775,5.21974,5.21973,6.25657,5.44352,-4.9274
92.4654819,4.99816,4.99815,6.09581,5.24162,-5.16146
92.46967972,4.77862,4.77861,5.93341,5.04084,-5.37317
92.47288273,4.60641,4.6064,5.80405,4.88288,-5.52642
92.47645737,4.40956,4.40955,5.65426,4.70188,-5.68912
92.48360665,4.00179,4.00178,5.33805,4.32556,-5.98893
92.49257383,3.46523,3.46521,4.91136,3.8279,-6.31821
92.50755342,2.51266,2.51265,4.12927,2.93845,-6.75571
92.52185954,1.54478,1.54477,3.30819,2.02811,-7.04494
92.54624785,-0.206654,-0.206668,1.7678,0.36632,-7.25799
92.55981361,-1.22347,-1.22348,0.844069,-0.60762,-7.22753
92.565952,-1.69036,-1.69037,0.412217,-1.05787,-7.17951
92.5680155,-1.84799,-1.84801,0.265262,-1.21036,-7.15865
92.56959705,-1.96881,-1.96883,0.152082,-1.32766,-7.1404
92.57114644,-2.08718,-2.08719,0.0407713,-1.44256,-7.12253
92.5719147,-2.14586,-2.14588,-0.0145754,-1.4997,-7.11266
92.57283588,-2.21624,-2.21625,-0.0810685,-1.56821,-7.10084
92.57388729,-2.2964,-2.29641,-0.157131,-1.64641,-7.08626
92.5749558,-2.37787,-2.37788,-0.234612,-1.72601,-7.07144
92.57614912,-2.46885,-2.46887,-0.321353,-1.8149,-7.05332
92.57780109,-2.59446,-2.59447,-0.441786,-1.93797,-7.02823
92.58067681,-2.81231,-2.81232,-0.652358,-2.15219,-6.98021
92.58642825,-3.2435,-3.24352,-1.07659,-2.57909,-6.87126
92.58960541,-3.47851,-3.47852,-1.31248,-2.8135,-6.80377
92.59354725,-3.76603,-3.76604,-1.60625,-3.10214,-6.71291
92.59537764,-3.8978,-3.89782,-1.74302,-3.23516,-6.66807
92.5967078,-3.99276,-3.99277,-1.84242,-3.33132,-6.63381
92.59861757,-4.1278,-4.12781,-1.98512,-3.46853,-6.58463
92.60206753,-4.36745,-4.36746,-2.24271,-3.71346,-6.49014
92.60896746,-4.82694,-4.82695,-2.75456,-4.18894,-6.2841
92.61421635,-5.15602,-5.15603,-3.13887,-4.5351,-6.11244
92.6170366,-5.3247,-5.32471,-3.34292,-4.71473,-6.01496
92.61852853,-5.41148,-5.41149,-3.44972,-4.80778,-5.96147
92.61989227,-5.48926,-5.48927,-3.54734,-4.89152,-5.91259
92.62127744,-5.56673,-5.56674,-3.64554,-4.97522,-5.86116
92.62277733,-5.6485,-5.64851,-3.75088,-5.06383,-5.80548
92.62347809,-5.6867,-5.68671,-3.8001,-5.10523,-5.77876
92.62444274,-5.73784,-5.73785,-3.86711,-5.16104,-5.74199
92.62512516,-5.77402,-5.77403,-3.91452,-5.19985,-5.71551
92.62592276,-5.81525,-5.81526,-3.96932,-5.24522,-5.68455
92.62694569,-5.86814,-5.86814,-4.0396,-5.30239,-5.64387
92.62897343,-5.97005,-5.97006,-4.17704,-5.41332,-5.56321
92.63244893,-6.13774,-6.13775,-4.40754,-5.59625,-5.42019
92.63939993,-6.44737,-6.44738,-4.84585,-5.93596,-5.11933
92.6424171,-6.57123,-6.57124,-5.0258,-6.07279,-4.98269
92.64405328,-6.63576,-6.63577,-5.12057,-6.14435,-4.90667
92.64535764,-6.68533,-6.68534,-5.19465,-6.19954,-4.84607
92.64660498,-6.73274,-6.73275,-5.26424,-6.25232,-4.7868
92.64793584,-6.78157,-6.78157,-5.33715,-6.30689,-4.72355
92.65059757,-6.87563,-6.87563,-5.47895,-6.41247,-4.59444
92.65592102,-7.04947,-7.04948,-5.74702,-6.60953,-4.32846
92.66656793,-7.34066,-7.34066,-6.22409,-6.94791,-3.76698
92.67665463,-7.54781,-7.54781,-6.606,-7.2007,-3.20095
92.69171251,-7.73507,-7.73507,-7.05344,-7.45759,-2.30065
92.70608722,-7.78062,-7.78062,-7.3463,-7.57087,-1.38666
92.73483663,-7.50241,-7.5024,-7.55301,-7.42912,0.559718
92.74537683,-7.28087,-7.28086,-7.50477,-7.25753,1.3031
92.75595952,-6.99739,-6.99739,-7.39183,-7.02386,2.05385
92.75880699,-6.91088,-6.91087,-7.35055,-6.95067,2.25586
92.76162871,-6.821,-6.82099,-7.30519,-6.87396,2.45541
92.76727215,-6.62921,-6.6292,-7.20142,-6.70836,2.85096
92.77855902,-6.19939,-6.19939,-6.94323,-6.33039,3.61724
92.79851028,-5.29984,-5.29983,-6.33068,-5.52081,4.82206
92.80517695,-4.96107,-4.96106,-6.08288,-5.21166,5.17368
92.81163155,-4.61612,-4.61611,-5.82345,-4.89517,5.48603
92.81602848,-4.372,-4.37199,-5.63609,-4.67033,5.68264
92.82097325,-4.08906,-4.08905,-5.41546,-4.4089,5.88824
92.83086279,-3.49819,-3.49818,-4.94418,-3.86052,6.25161
92.84246716,-2.76571,-2.7657,-4.34312,-3.17667,6.59871
92.85497189,-1.93401,-1.934,-3.64171,-2.39553,6.87904
92.87998137,-0.166461,-0.166447,-2.09682,-0.721325,7.15764
92.89802471,1.17308,1.17309,-0.882095,0.560876,7.13208
92.90543314,1.73348,1.7335,-0.361991,1.102,7.06785
92.9079225,1.92264,1.92265,-0.184702,1.2854,7.03936
92.90963568,2.05281,2.05283,-0.0620361,1.41203,7.01731
92.91060975,2.12683,2.12684,0.00793284,1.48402,7.00478
92.91150374,2.19476,2.19477,0.0722856,1.55025,6.99214
92.91257109,2.2757,2.27572,0.149283,1.62933,6.97706
92.91359603,2.35343,2.35344,0.223384,1.70526,6.96143
92.91478924,2.44392,2.44393,0.309849,1.79374,6.94323
92.9163046,2.55828,2.55829,0.419955,1.90611,6.91861
92.91886047,2.75117,2.75118,0.606377,2.09563,6.87433
92.92397222,3.13307,3.13309,0.981617,2.47356,6.77551
92.92795138,3.42632,3.42633,1.27561,2.76597,6.68924
92.93145724,3.68108,3.68109,1.5357,3.0217,6.60654
92.93321214,3.80714,3.80715,1.66625,3.14888,6.5628
92.93550671,3.97021,3.97022,1.83694,3.31406,6.50331
92.93729555,4.09583,4.09585,1.97001,3.44185,6.45512
92.94053394,4.31948,4.31949,2.21072,3.67063,6.36391
92.94701072,4.74957,4.74958,2.68931,4.11573,6.16641
92.95199046,5.06232,5.06233,3.05295,4.44443,6.00114
92.95615847,5.31038,5.31039,3.35309,4.70878,5.85404
92.95797301,5.41423,5.41424,3.48231,4.82051,5.78754
92.95965751,5.50831,5.50832,3.60134,4.92221,5.72392
92.96116675,5.59067,5.59068,3.70685,5.01158,5.66691
92.96215048,5.64302,5.64303,3.77562,5.06854,5.62856
92.96310368,5.69374,5.69375,3.84153,5.12373,5.59139
92.96352842,5.71584,5.71585,3.8709,5.1478,5.57483
92.96424716,5.75322,5.75323,3.92016,5.18854,5.54621
92.96500601,5.79184,5.79185,3.97216,5.23065,5.51599
92.96605084,5.84501,5.84502,4.04316,5.28864,5.47336
92.9681356,5.94807,5.94807,4.18323,5.40118,5.38829
92.97155644,6.11025,6.11026,4.40797,5.57871,5.24398
92.97839812,6.40952,6.40953,4.83526,5.90826,4.94106
92.98142529,6.53141,6.53141,5.014,6.04344,4.80104
92.98305739,6.59447,6.59448,5.10754,6.11368,4.72364
92.98433207,6.64193,6.64193,5.17916,6.16674,4.6632
92.98552718,6.68642,6.68642,5.24514,6.21648,4.60529
92.98684835,6.73389,6.7339,5.31678,6.26978,4.54126
92.98940629,6.82243,6.82244,5.45169,6.36962,4.41488
92.99452218,6.98626,6.98626,5.70701,6.55619,4.15494
93.00475395,7.26142,7.26142,6.16257,6.87747,3.60786
93.01489211,7.46583,7.46584,6.54415,7.12846,3.03215
93.02946852,7.643,7.643,6.97504,7.37389,2.15171
93.04367229,7.6862,7.6862,7.26419,7.48473,1.241
93.07207983,7.40974,7.40973,7.46967,7.34428,-0.695655
93.08159125,7.21211,7.21211,7.42946,7.19209,-1.37014
93.08719114,7.07204,7.07203,7.38084,7.07865,-1.77041
93.08896895,7.02395,7.02395,7.36158,7.039,-1.89771
93.09081462,6.97224,6.97223,7.33968,6.99603,-2.02988
93.09450598,6.86342,6.86342,7.29009,6.90464,-2.29358
93.10188868,6.62476,6.62475,7.16819,6.7006,-2.81589
93.1166541,6.06721,6.0672,6.83661,6.21137,-3.81698
93.1280425,5.56768,5.56767,6.50382,5.76371,-4.52737
93.13488709,5.23969,5.23968,6.27264,5.46658,-4.91986
93.13814685,5.07641,5.0764,6.15453,5.31791,-5.09617
93.14064387,4.94835,4.94834,6.06064,5.20101,-5.22616
93.14291909,4.82947,4.82946,5.97256,5.09228,-5.34069
93.14508216,4.71454,4.71453,5.88662,4.98697,-5.44614
93.14940829,4.47927,4.47926,5.70842,4.77088,-5.64724
93.15806057,3.98802,3.98801,5.32761,4.31764,-6.01184
93.16842463,3.36546,3.36545,4.83055,3.73983,-6.38485
93.18187859,2.50705,2.50704,4.12342,2.93781,-6.76858
93.19729706,1.46229,1.46228,3.23498,1.9547,-7.07205
93.22695027,-0.681772,-0.681787,1.33465,-0.0840347,-7.26239
93.23977184,-1.64692,-1.64693,0.445005,-1.01463,-7.18847
93.24725207,-2.21401,-2.21403,-0.0899087,-1.56678,-7.10307
93.24977611,-2.40537,-2.40538,-0.272784,-1.75429,-7.06667
93.25076199,-2.48011,-2.48013,-0.344513,-1.82752,-7.05245
93.25169716,-2.55078,-2.55079,-0.412693,-1.897,-7.03738
93.25356751,-2.69212,-2.69213,-0.549436,-2.03593,-7.00724
93.25730819,-2.97297,-2.97299,-0.824333,-2.31381,-6.94055
93.26170751,-3.29962,-3.29963,-1.14975,-2.63902,-6.85284
93.26428171,-3.48856,-3.48857,-1.34108,-2.82828,-6.79691
93.26744057,-3.71771,-3.71773,-1.57657,-3.05906,-6.7237
93.26932216,-3.85263,-3.85265,-1.71717,-3.19559,-6.67771
93.27057348,-3.94161,-3.94162,-1.81067,-3.28566,-6.64565
93.27218922,-4.05555,-4.05556,-1.9314,-3.40195,-6.60425
93.27497112,-4.24897,-4.24898,-2.13927,-3.59987,-6.52913
93.28053492,-4.6237,-4.62372,-2.55341,-3.9871,-6.3677
93.28622755,-4.98764,-4.98765,-2.97293,-4.36877,-6.18743
93.29081322,-5.26435,-5.26436,-3.30612,-4.66343,-6.03131
93.2927118,-5.37433,-5.37434,-3.44255,-4.78174,-5.96387
93.29454934,-5.47808,-5.47809,-3.57357,-4.89396,-5.89706
93.2961856,-5.56823,-5.56824,-3.68895,-4.99184,-5.83593
93.29721305,-5.62336,-5.62337,-3.76141,-5.05206,-5.79755
93.29777381,-5.65345,-5.65346,-3.80051,-5.08493,-5.7761
93.29820524,-5.67661,-5.67662,-3.8306,-5.10968,-5.75959
93.29863642,-5.69922,-5.69923,-3.86067,-5.13442,-5.7431
93.29935718,-5.73702,-5.73703,-3.91049,-5.17577,-5.71507
93.30011961,-5.77614,-5.77615,-3.96319,-5.21849,-5.68543
93.30116976,-5.83004,-5.83005,-4.03518,-5.27732,-5.64355
93.30327006,-5.93478,-5.93478,-4.17757,-5.39181,-5.5598
93.30671449,-6.0996,-6.09961,-4.40599,-5.5724,-5.41767
93.31360335,-6.40406,-6.40407,-4.84056,-5.90796,-5.11886
93.31664057,-6.52777,-6.52777,-5.02185,-6.04528,-4.98107
93.3182799,-6.59189,-6.5919,-5.11686,-6.11675,-4.90477
93.31956613,-6.64039,-6.6404,-5.18996,-6.17102,-4.8449
93.32077521,-6.68599,-6.68599,-5.25749,-6.22203,-4.78736
93.32210067,-6.73425,-6.73426,-5.33022,-6.27625,-4.72428
93.32470991,-6.82581,-6.82582,-5.46949,-6.37956,-4.59758
93.32992839,-6.99526,-6.99526,-5.73307,-6.57264,-4.33671
93.34036535,-7.28003,-7.28003,-6.20339,-6.90532,-3.78658
93.35049028,-7.48811,-7.48811,-6.58982,-7.1607,-3.21891
93.36529574,-7.67379,-7.67379,-7.03517,-7.41682,-2.3347
93.37957435,-7.72248,-7.72247,-7.33276,-7.53443,-1.42814
93.40813158,-7.45614,-7.45613,-7.55346,-7.40635,0.503145
93.41905567,-7.23008,-7.23007,-7.50858,-7.23287,1.27339
93.42721049,-7.01857,-7.01856,-7.42984,-7.06031,1.85323
93.42982347,-6.94322,-6.94322,-7.39654,-6.99738,2.03921
93.43218837,-6.87195,-6.87194,-7.36309,-6.9373,2.20753
93.43691817,-6.72084,-6.72083,-7.28692,-6.80848,2.54227
93.44637777,-6.38544,-6.38543,-7.0983,-6.51719,3.19916
93.46529698,-5.59052,-5.59051,-6.58297,-5.80871,4.41057
93.47369494,-5.18698,-5.18697,-6.29715,-5.44282,4.88974
93.47817213,-4.9597,-4.95969,-6.13094,-5.23544,5.12712
93.48243939,-4.73562,-4.73561,-5.96389,-5.03022,5.34041
93.48559266,-4.56549,-4.56548,-5.83516,-4.87396,5.48978
93.48902399,-4.37613,-4.37612,-5.69009,-4.69962,5.64446
93.49588666,-3.98472,-3.98471,-5.38486,-4.338,5.93003
93.50385063,-3.51036,-3.51035,-5.00637,-3.89771,6.22279
93.51824958,-2.60296,-2.60295,-4.26039,-3.05014,6.65007
93.53453015,-1.50941,-1.5094,-3.32994,-2.0208,6.97874
93.55195215,-0.273727,-0.273712,-2.2446,-0.848737,7.15364
93.5666452,0.809593,0.809609,-1.26709,0.186188,7.16286
93.57450927,1.40092,1.40094,-0.723221,0.754682,7.11692
93.57913573,1.75112,1.75113,-0.397264,1.09301,7.07365
93.58066739,1.8673,1.86731,-0.288432,1.20568,7.0561
93.58208743,1.97501,1.97503,-0.187154,1.31014,7.03983
93.5840248,2.12197,2.12198,-0.0484291,1.45309,7.01462
93.58482694,2.18281,2.18283,0.00918989,1.51228,7.00419
93.58571884,2.25034,2.25036,0.0733778,1.57825,6.99145
93.58676453,2.32951,2.32953,0.148792,1.6556,6.97652
93.58782846,2.41006,2.41008,0.225694,1.73429,6.96013
93.58902921,2.50068,2.50069,0.312687,1.8231,6.94164
93.59068717,2.62579,2.62581,0.433146,1.94578,6.91436
93.59357535,2.84269,2.8427,0.643879,2.15948,6.86338
93.5993517,3.27168,3.27169,1.0683,2.58508,6.74837
93.60260145,3.50956,3.50958,1.30858,2.82295,6.67611
93.60607634,3.76048,3.7605,1.56639,3.07545,6.59289
93.60788332,3.88938,3.88939,1.70076,3.20583,6.54721
93.61056285,4.07812,4.07814,1.90002,3.39766,6.47648
93.61296183,4.24442,4.24444,2.07841,3.56764,6.41017
93.61775977,4.56819,4.56821,2.43417,3.9014,6.26919
93.62735566,5.17166,5.17167,3.13511,4.53577,5.95479
93.63098345,5.3829,5.38291,3.39512,4.76239,5.82485
93.63355128,5.52636,5.52637,3.57691,4.91768,5.72928
93.63587718,5.65186,5.65187,3.73963,5.05425,5.63967
93.63688659,5.70471,5.70472,3.80946,5.11195,5.60078
93.63764598,5.74448,5.74449,3.862,5.15536,5.57072
93.63835316,5.78054,5.78055,3.91039,5.19479,5.54274
93.63943489,5.8357,5.83571,3.9844,5.2551,5.49908
93.64051764,5.88974,5.88975,4.05777,5.31424,5.45538
93.64268313,5.9952,5.9952,4.20276,5.4298,5.366
93.64701411,6.19586,6.19587,4.48492,5.65039,5.18136
93.65567606,6.55736,6.55737,5.01145,6.0513,4.78942
93.65877076,6.67381,6.67382,5.18654,6.18177,4.6422
93.66156133,6.77317,6.77317,5.33823,6.2938,4.5063
93.66410494,6.85911,6.85912,5.47138,6.39134,4.37988
93.66694024,6.94976,6.94977,5.61415,6.49497,4.23617
93.67261084,7.11489,7.11489,5.88242,6.68625,3.94017
93.68157443,7.33231,7.33231,6.2613,6.94561,3.45009
93.69379497,7.54386,7.54387,6.69163,7.21543,2.74136
93.70768262,7.66768,7.66768,7.06298,7.40672,1.8848
93.72691557,7.64095,7.64095,7.37584,7.47472,0.62303
93.74338254,7.44196,7.44196,7.46245,7.35718,-0.513628
93.75210074,7.2729,7.27289,7.44199,7.23112,-1.13163
93.75710493,7.1565,7.1565,7.4099,7.13931,-1.48975
93.7587847,7.11431,7.11431,7.39583,7.10536,-1.61042
93.76034229,7.07382,7.07382,7.38133,7.07249,-1.72231
93.76310322,6.99885,6.99885,7.3522,7.011,-1.92064
93.76862508,6.83686,6.83685,7.28098,6.87585,-2.31628
93.7796688,6.46624,6.46623,7.08796,6.55837,-3.0944
93.80175623,5.55199,5.55198,6.51037,5.74826,-4.516
93.81044543,5.13201,5.132,6.21553,5.3685,-5.00772
93.81522223,4.88739,4.88738,6.03782,5.14582,-5.25804
93.81980459,4.64406,4.64405,5.85734,4.92343,-5.48355
93.82478793,4.37021,4.3702,5.65029,4.67223,-5.71244
93.83001868,4.07286,4.07284,5.42124,4.39846,-5.93475
93.84048019,3.44965,3.44963,4.92887,3.82174,-6.32614
93.85081464,2.79935,2.79934,4.39995,3.21628,-6.64478
93.86846899,1.61933,1.61932,3.40804,2.10953,-7.03703
93.89130984,-0.011143,-0.0111583,1.98229,0.565661,-7.26815
93.90626876,-1.12761,-1.12763,0.973428,-0.501338,-7.25516
93.91293278,-1.63366,-1.63368,0.50706,-0.988451,-7.20838
93.91483945,-1.77925,-1.77926,0.371847,-1.12899,-7.18981
93.91595781,-1.86464,-1.86466,0.292202,-1.21168,-7.17892
93.91703031,-1.94653,-1.94655,0.215605,-1.29098,-7.16665
93.91917529,-2.11032,-2.11033,0.0618038,-1.45005,-7.14209
93.9199135,-2.16669,-2.1667,0.00868797,-1.50479,-7.13267
93.92080771,-2.23496,-2.23498,-0.0557745,-1.57127,-7.12126
93.92185788,-2.31498,-2.315,-0.131648,-1.64933,-7.1068
93.92292206,-2.39607,-2.39608,-0.208714,-1.72844,-7.09214
93.9241207,-2.4874,-2.48741,-0.29573,-1.81764,-7.07404
93.92578311,-2.6137,-2.61372,-0.416775,-1.94134,-7.04894
93.92868524,-2.83336,-2.83338,-0.629035,-2.1573,-7.0007
93.9344895,-3.268,-3.26801,-1.05673,-2.58758,-6.89105
93.93777252,-3.5104,-3.51041,-1.30028,-2.82943,-6.82134
93.94121662,-3.76135,-3.76136,-1.55674,-3.08137,-6.74231
93.94301768,-3.89103,-3.89105,-1.69122,-3.21223,-6.6986
93.94564518,-4.07795,-4.07797,-1.88742,-3.40171,-6.63195
93.94796027,-4.24016,-4.24017,-2.06029,-3.56702,-6.5704
93.95259043,-4.55648,-4.5565,-2.40531,-3.89201,-6.43952
93.96185076,-5.14888,-5.14889,-3.08636,-4.51182,-6.14744
93.96541979,-5.36129,-5.3613,-3.34442,-4.73838,-6.02425
93.96752208,-5.48191,-5.48192,-3.49489,-4.86815,-5.94897
93.96952106,-5.59339,-5.5934,-3.63667,-4.9887,-5.875
93.97079536,-5.66248,-5.66249,-3.72603,-5.06368,-5.82784
93.97150001,-5.70068,-5.70069,-3.77545,-5.10514,-5.80099
93.97198493,-5.72642,-5.72643,-3.80946,-5.13312,-5.78252
93.97244831,-5.75101,-5.75102,-3.84161,-5.15986,-5.76487
93.97327062,-5.79387,-5.79388,-3.89866,-5.20649,-5.73297
93.97401216,-5.83251,-5.83252,-3.94958,-5.24853,-5.70421
93.97526418,-5.89643,-5.89644,-4.03554,-5.31814,-5.65435
93.9772611,-5.99598,-5.99599,-4.17075,-5.42665,-5.57482
93.98125495,-6.18637,-6.18638,-4.43474,-5.63474,-5.40968
93.98924263,-6.53335,-6.53336,-4.93188,-6.01668,-5.05991
93.99198545,-6.64223,-6.64223,-5.09232,-6.1375,-4.93392
93.9937483,-6.70947,-6.70947,-5.19246,-6.21243,-4.85138
93.9954322,-6.77172,-6.77173,-5.28589,-6.28204,-4.77143
93.99721234,-6.83544,-6.83545,-5.38229,-6.35355,-4.68573
93.9999049,-6.92776,-6.92777,-5.52357,-6.45771,-4.55387
94.00529004,-7.09784,-7.09785,-5.79042,-6.65166,-4.28225
94.0160603,-7.38033,-7.38034,-6.26411,-6.98269,-3.70906
94.0261045,-7.57526,-7.57526,-6.63617,-7.22385,-3.14073
94.04164156,-7.74916,-7.74916,-7.08331,-7.47083,-2.20432
94.05698729,-7.77253,-7.77253,-7.3751,-7.56771,-1.21971
94.08767875,-7.40315,-7.40314,-7.52982,-7.34609,0.874216
94.09719444,-7.17932,-7.17932,-7.46397,-7.16793,1.54754
94.10068461,-7.08466,-7.08465,-7.42658,-7.08996,1.79612
94.10341743,-7.00599,-7.00598,-7.39247,-7.02433,1.99076
94.10628386,-6.91927,-6.91927,-7.35218,-6.95125,2.19459
94.11201672,-6.73327,-6.73326,-7.258,-6.79238,2.59968
94.12348245,-6.31284,-6.31283,-7.01676,-6.42564,3.38901
94.14641391,-5.29382,-5.29381,-6.33534,-5.51185,4.78918
94.15388793,-4.91262,-4.9126,-6.05779,-5.16435,5.18264
94.16112893,-4.52207,-4.52205,-5.7644,-4.80617,5.52909
94.16593491,-4.25188,-4.25187,-5.55684,-4.55731,5.73967
94.17136707,-3.93653,-3.93652,-5.31039,-4.26587,5.9592
94.18223138,-3.27643,-3.27642,-4.78185,-3.65284,6.34103
94.19501424,-2.45404,-2.45402,-4.10309,-2.8842,6.69494
94.20857667,-1.53384,-1.53383,-3.32141,-2.01865,6.96021
94.23570154,0.417371,0.417386,-1.60047,-0.166371,7.1627
94.24870849,1.39187,1.39188,-0.710126,0.769061,7.10847
94.25493834,1.86382,1.86384,-0.270703,1.22557,7.04859
94.25714132,2.03106,2.03108,-0.113487,1.38807,7.02224
94.25887666,2.1628,2.16282,0.0109577,1.51643,6.99929
94.25956504,2.21506,2.21507,0.0604624,1.56735,6.99018
94.26064643,2.29715,2.29717,0.138383,1.64734,6.97455
94.26168383,2.37571,2.37573,0.213304,1.72422,6.95955
94.26295509,2.47197,2.47199,0.305333,1.81842,6.93942
94.26471681,2.60502,2.60504,0.433252,1.94896,6.91152
94.2678425,2.84005,2.84006,0.661245,2.18044,6.85693
94.27409389,3.30428,3.30429,1.12063,2.6412,6.73248
94.27717433,3.52955,3.52957,1.34843,2.86661,6.66374
94.28024775,3.75144,3.75145,1.57645,3.08966,6.58972
94.28105929,3.80938,3.8094,1.63665,3.14856,6.57018
94.28193106,3.87163,3.87164,1.70145,3.2113,6.54792
94.28292066,3.94147,3.94149,1.775,3.28253,6.52266
94.2844355,4.04839,4.0484,1.8876,3.39089,6.48272
94.28685014,4.2162,4.21621,2.06707,3.5622,6.41673
94.29163332,4.53987,4.53989,2.42157,3.89539,6.27765
94.30119968,5.1437,5.14372,3.12022,4.52889,5.96719
94.30483729,5.35646,5.35647,3.38095,4.75658,5.83802
94.3070886,5.4831,5.48311,3.5405,4.89329,5.75506
94.30925138,5.60102,5.60103,3.69218,5.02123,5.67274
94.31030516,5.6569,5.65691,3.76534,5.08205,5.63263
94.31090842,5.68889,5.6889,3.80722,5.11687,5.60899
94.31217432,5.75458,5.75459,3.89435,5.18848,5.5594
94.31414455,5.8544,5.85441,4.02855,5.29739,5.48057
94.31632773,5.96161,5.96162,4.17505,5.41454,5.39129
94.32034473,6.14977,6.14978,4.43782,5.62073,5.2218
94.32837874,6.49172,6.49173,4.93178,5.9983,4.86318
94.33109781,6.5972,6.59721,5.08865,6.11577,4.73596
94.33290609,6.66451,6.66452,5.18988,6.19106,4.64977
94.33464146,6.72701,6.72701,5.28466,6.26122,4.56587
94.33639354,6.78803,6.78803,5.37799,6.33,4.48001
94.33943305,6.88895,6.88896,5.53443,6.44444,4.32836
94.34551207,7.07217,7.07218,5.82727,6.6549,4.01509
94.35551892,7.32023,7.32023,6.25364,6.94849,3.47196
94.3664451,7.51595,7.51595,6.64275,7.19487,2.84255
94.38084705,7.65648,7.65648,7.03722,7.40344,1.96095
94.39814935,7.65377,7.65377,7.33724,7.48366,0.834781
94.41593843,7.46333,7.46333,7.45295,7.3789,-0.384519
94.42590287,7.27621,7.27621,7.43418,7.23966,-1.08858
94.43079338,7.16382,7.16381,7.4034,7.15067,-1.43804
94.43248787,7.12177,7.12176,7.38946,7.11671,-1.55964
94.4340755,7.08095,7.08094,7.37489,7.08346,-1.67358
94.43627461,7.02217,7.02216,7.35231,7.03514,-1.8314
94.44067283,6.89691,6.8969,7.29891,6.93073,-2.14675
94.44946928,6.61642,6.61641,7.15975,6.69161,-2.77155
94.46706218,5.9422,5.94219,6.75721,6.09875,-3.95833
94.47967296,5.37115,5.37114,6.37097,5.58497,-4.72541
94.48623749,5.04632,5.04631,6.1388,5.28961,-5.08828
94.48972853,4.8662,4.86619,6.00692,5.12509,-5.26968
94.493027,4.69152,4.69151,5.87712,4.96508,-5.43325
94.49611677,4.52403,4.52402,5.75104,4.81129,-5.57955
94.50229631,4.17832,4.17831,5.48626,4.49281,-5.85266
94.51270154,3.56574,3.56573,5.00402,3.92544,-6.25596
94.52386138,2.86941,2.8694,4.43881,3.27645,-6.61197
94.53867756,1.88926,1.88925,3.61812,2.3568,-6.96547
94.56094044,0.319498,0.319482,2.25432,0.871191,-7.24849
94.58081938,-1.1546,-1.15462,0.924919,-0.538625,-7.25738
94.58843549,-1.73187,-1.73188,0.390855,-1.09595,-7.20111
94.59100883,-1.92792,-1.92794,0.207599,-1.28604,-7.17475
94.59272767,-2.05888,-2.05889,0.0844903,-1.41346,-7.15469
94.59364137,-2.12849,-2.1285,0.0188316,-1.48119,-7.14402
94.59454185,-2.19709,-2.19711,-0.0460168,-1.54811,-7.13238
94.59559972,-2.27769,-2.2777,-0.122371,-1.62672,-7.11871
94.59664196,-2.35694,-2.35695,-0.197774,-1.70418,-7.10407
94.59784373,-2.44832,-2.44833,-0.284931,-1.7936,-7.08718
94.59942464,-2.56801,-2.56802,-0.399919,-1.91123,-7.06336
94.60212755,-2.77264,-2.77266,-0.597354,-2.11234,-7.01956
94.60753336,-3.17759,-3.1776,-0.995045,-2.51336,-6.92048
94.61146523,-3.46801,-3.46802,-1.28633,-2.80325,-6.83894
94.61491908,-3.71958,-3.71959,-1.54331,-3.05603,-6.76079
94.61668879,-3.84699,-3.84701,-1.67536,-3.18471,-6.71841
94.61915232,-4.02238,-4.02239,-1.85917,-3.36258,-6.65682
94.62120662,-4.16667,-4.16669,-2.01237,-3.50963,-6.60317
94.62514705,-4.43776,-4.43777,-2.30623,-3.78776,-6.49449
94.63302792,-4.9527,-4.95271,-2.88847,-4.32393,-6.25496
94.63841625,-5.28058,-5.28059,-3.28004,-4.67187,-6.07451
94.64078446,-5.41793,-5.41794,-3.44997,-4.81937,-5.99099
94.64306573,-5.54612,-5.54613,-3.61205,-4.95788,-5.90814
94.64540064,-5.6731,-5.67311,-3.77607,-5.09571,-5.8207
94.64588914,-5.69892,-5.69893,-3.81001,-5.12381,-5.80241
94.64701257,-5.7583,-5.75831,-3.88807,-5.18841,-5.75916
94.6478311,-5.8005,-5.80051,-3.94434,-5.23437,-5.72766
94.64883029,-5.852,-5.85201,-4.01302,-5.29048,-5.68815
94.65073432,-5.94751,-5.94752,-4.14223,-5.39463,-5.61287
94.65418383,-6.1138,-6.11381,-4.37148,-5.57636,-5.47185
94.66108285,-6.42101,-6.42102,-4.80798,-5.91405,-5.17511
94.66451357,-6.56137,-6.56138,-5.01297,-6.06946,-5.0204
94.66626725,-6.62998,-6.62998,-5.11442,-6.14576,-4.93903
94.66766091,-6.68237,-6.68238,-5.19335,-6.20428,-4.87437
94.66897459,-6.73177,-6.73177,-5.26637,-6.25944,-4.81194
94.67035743,-6.78184,-6.78184,-5.34179,-6.3156,-4.74622
94.67312311,-6.87812,-6.87812,-5.48828,-6.4241,-4.61194
94.67865447,-7.05531,-7.05531,-5.76459,-6.62589,-4.33498
94.6897172,-7.34886,-7.34886,-6.25371,-6.96945,-3.74926
94.69973517,-7.54551,-7.54551,-6.62613,-7.21227,-3.18449
94.71531753,-7.72338,-7.72338,-7.07653,-7.46339,-2.24814
94.72992609,-7.75198,-7.75198,-7.35922,-7.56179,-1.31399
94.7591432,-7.43065,-7.43065,-7.53484,-7.38052,0.67339
94.76908226,-7.20979,-7.20978,-7.47847,-7.20706,1.37645
94.77638373,-7.0131,-7.01309,-7.40066,-7.04497,1.89648
94.7785188,-6.95018,-6.95017,-7.37215,-6.99212,2.04854
94.78068892,-6.88378,-6.88377,-7.34055,-6.93594,2.2031
94.78502916,-6.74378,-6.74377,-7.26957,-6.81628,2.51075
94.79370965,-6.4358,-6.43579,-7.09708,-6.54862,3.11601
94.81107062,-5.7145,-5.71449,-6.63538,-5.90653,4.24676
94.82277,-5.15364,-5.15363,-6.24013,-5.39805,4.92092
94.82793989,-4.88748,-4.88746,-6.04461,-5.15479,5.19196
94.8328983,-4.62225,-4.62224,-5.84558,-4.9114,5.43475
94.83679154,-4.40744,-4.40742,-5.68164,-4.71363,5.61346
94.84119903,-4.15755,-4.15754,-5.48813,-4.48293,5.8033
94.85001401,-3.63766,-3.63765,-5.07698,-4.00095,6.14453
94.85994039,-3.02221,-3.0222,-4.57732,-3.42733,6.46901
94.87137601,-2.27739,-2.27737,-3.95675,-2.72925,6.76616
94.89110652,-0.91668,-0.916664,-2.78598,-1.44457,7.09099
94.91178162,0.589362,0.58938,-1.44316,-0.00991181,7.18369
94.92276546,1.41374,1.41375,-0.687725,0.78239,7.13238
94.92818686,1.82436,1.82438,-0.305406,1.17961,7.08189
94.93008474,1.9684,1.96842,-0.170209,1.31946,7.06034
94.93184969,2.10236,2.10237,-0.0439127,1.4499,7.03818
94.93255868,2.15617,2.15618,0.00696937,1.50229,7.02927
94.9334691,2.22527,2.22528,0.0724275,1.56957,7.01674
94.93452712,2.30537,2.30539,0.14866,1.64794,7.00218
94.93560415,2.38692,2.38693,0.22644,1.72771,6.98612
94.93680934,2.47816,2.47818,0.313679,1.81697,6.96815
94.93849235,2.6052,2.60521,0.435857,1.94163,6.94128
94.94143471,2.82638,2.8264,0.65038,2.15956,6.89068
94.94731945,3.26377,3.26378,1.08249,2.59356,6.77589
94.95050764,3.49732,3.49734,1.31806,2.82712,6.70621
94.95370198,3.7283,3.72831,1.55491,3.05925,6.63057
94.95447436,3.78352,3.78354,1.61218,3.11538,6.61228
94.95545142,3.85339,3.8534,1.68479,3.18581,6.5877
94.95635949,3.91761,3.91763,1.75226,3.25126,6.56486
94.9577175,4.01367,4.01368,1.85318,3.34859,6.5296
94.95975235,4.15573,4.15574,2.00439,3.49345,6.47505
94.9635388,4.41476,4.41477,2.28533,3.75934,6.36817
94.97111171,4.90782,4.90783,2.84243,4.27274,6.13384
94.97665985,5.2445,5.24452,3.24394,4.63003,5.94513
94.97908288,5.38445,5.38446,3.41702,4.78043,5.85827
94.98103931,5.49409,5.49411,3.5555,4.89902,5.78619
94.98287,5.59395,5.59396,3.68354,5.00751,5.71678
94.98392858,5.65024,5.65026,3.75758,5.06886,5.67664
94.98450775,5.68104,5.68105,3.79759,5.10242,5.65411
94.98545372,5.73012,5.73013,3.86295,5.15628,5.61732
94.98621217,5.76947,5.76948,3.91485,5.1987,5.58732
94.98700704,5.80956,5.80957,3.96924,5.24316,5.55587
94.98828435,5.87399,5.874,4.05581,5.31317,5.50457
94.99079247,5.99623,5.99624,4.22342,5.44699,5.40179
94.9950546,6.19344,6.19345,4.50019,5.66359,5.2211
95.00357886,6.54933,6.54934,5.01695,6.05783,4.83765
95.0065984,6.66323,6.66324,5.18749,6.18526,4.69489
95.00933693,6.76111,6.76112,5.33621,6.29543,4.56238
95.01188749,6.84768,6.84769,5.46963,6.39349,4.43641
95.01472123,6.93871,6.93872,5.61221,6.49733,4.29364
95.0203887,7.10461,7.10461,5.88013,6.68906,3.99947
95.02931328,7.32257,7.32257,6.25717,6.94825,3.51403
95.04153031,7.53625,7.53625,6.68731,7.21942,2.80865
95.0553926,7.66242,7.66242,7.05805,7.41203,1.95675
95.0746217,7.63936,7.63935,7.37117,7.48236,0.698631
95.09190252,7.42981,7.4298,7.45827,7.35701,-0.493024
95.1009529,7.25102,7.25102,7.43204,7.22216,-1.13485
95.10602772,7.13062,7.13061,7.39613,7.12628,-1.49829
95.10774389,7.08667,7.08667,7.38058,7.09061,-1.62165
95.1093357,7.04449,7.04448,7.36464,7.05608,-1.73608
95.11225058,6.96373,6.96372,7.33169,6.98931,-1.94561
95.11808035,6.78884,6.78884,7.25142,6.84227,-2.36336
95.12973989,6.38752,6.38751,7.03487,6.49598,-3.18294
95.15305896,5.39465,5.39464,6.39067,5.61075,-4.66057
95.154664,5.3165,5.31648,6.3354,5.53988,-4.75314
95.15787406,5.15761,5.15759,6.22191,5.39552,-4.93394
95.16017396,5.0414,5.04139,6.13789,5.2897,-5.0593
95.16170209,4.96302,4.96301,6.08072,5.21821,-5.14046
95.16286318,4.90256,4.90255,6.03623,5.16296,-5.20095
95.16408398,4.83899,4.83898,5.98945,5.10488,-5.26346
95.16652559,4.70952,4.70951,5.8932,4.98636,-5.3852
95.1714088,4.4437,4.44369,5.69265,4.74233,-5.61606
95.18117522,3.88587,3.88586,5.26055,4.22762,-6.02961
95.19182772,3.24021,3.24019,4.74438,3.62807,-6.41025
95.20567354,2.34879,2.34878,4.00872,2.79469,-6.7987
95.21997214,1.37396,1.37394,3.17902,1.87698,-7.07664
95.24856935,-0.697394,-0.697413,1.34481,-0.0926243,-7.2711
95.26106895,-1.63828,-1.6383,0.479135,-0.99946,-7.20838
95.26841211,-2.19496,-2.19497,-0.0447153,-1.54111,-7.13082
95.27089085,-2.38287,-2.38289,-0.223856,-1.72514,-7.09729
95.2718555,-2.456,-2.45602,-0.293863,-1.79676,-7.08424
95.27277153,-2.52524,-2.52526,-0.360477,-1.86476,-7.07033
95.27460359,-2.66373,-2.66375,-0.494079,-2.00082,-7.0425
95.2782677,-2.93903,-2.93904,-0.762671,-2.27293,-6.98063
95.28323516,-3.30791,-3.30793,-1.12939,-2.64004,-6.88559
95.28599955,-3.51059,-3.51061,-1.33458,-2.84312,-6.82719
95.28942897,-3.75882,-3.75884,-1.58995,-3.09329,-6.74933
95.29136279,-3.89703,-3.89705,-1.7343,-3.23333,-6.70282
95.29267519,-3.99,-3.99002,-1.83227,-3.32783,-6.66958
95.29453291,-4.12034,-4.12036,-1.97094,-3.46079,-6.62254
95.2979133,-4.35335,-4.35337,-2.2231,-3.6999,-6.5315
95.30467409,-4.80024,-4.80026,-2.72434,-4.16426,-6.33296
95.30981743,-5.12054,-5.12055,-3.10095,-4.50262,-6.1675
95.31258209,-5.2849,-5.28492,-3.30111,-4.67841,-6.07349
95.31404184,-5.36934,-5.36935,-3.40573,-4.76935,-6.022
95.3153794,-5.44523,-5.44524,-3.50159,-4.85142,-5.97482
95.31675027,-5.52153,-5.52154,-3.59894,-4.93423,-5.92473
95.31823513,-5.60205,-5.60206,-3.70341,-5.02192,-5.87048
95.31900163,-5.64362,-5.64363,-3.75734,-5.06719,-5.8416
95.32048847,-5.72209,-5.7221,-3.86087,-5.15285,-5.7856
95.32217623,-5.80913,-5.80915,-3.97725,-5.24796,-5.72057
95.3236318,-5.88249,-5.8825,-4.07658,-5.32819,-5.66351
95.32654295,-6.02456,-6.02457,-4.27202,-5.48382,-5.54667
95.33162813,-6.25815,-6.25816,-4.6018,-5.74075,-5.33407
95.33559522,-6.42775,-6.42776,-4.84759,-5.92838,-5.16087
95.33891005,-6.56111,-6.56112,-5.04436,-6.07675,-5.0113
95.34038406,-6.61799,-6.618,-5.12921,-6.14031,-4.943
95.34173736,-6.6683,-6.66831,-5.20563,-6.19675,-4.8803
95.34306325,-6.71759,-6.7176,-5.27911,-6.25206,-4.81745
95.34447792,-6.76822,-6.76823,-5.35602,-6.30912,-4.75039
95.34730724,-6.86545,-6.86546,-5.50531,-6.41924,-4.61329
95.35296589,-7.04387,-7.04387,-5.78647,-6.62362,-4.33031
95.36295797,-7.30721,-7.30721,-6.22889,-6.9334,-3.80341
95.37357892,-7.51558,-7.51558,-6.62612,-7.192,-3.20764
95.38769094,-7.68052,-7.68052,-7.04096,-7.42483,-2.36471
95.40383473,-7.71658,-7.71658,-7.36094,-7.53963,-1.33777
95.43575883,-7.33728,-7.33727,-7.52785,-7.31588,0.832237
95.44570246,-7.1007,-7.10069,-7.45605,-7.12731,1.53519
95.44910638,-7.00718,-7.00717,-7.41824,-7.05014,1.77761
95.45142845,-6.93983,-6.93983,-7.38865,-6.99392,1.94298
95.4539602,-6.86321,-6.8632,-7.35295,-6.92938,2.12313
95.45902369,-6.70018,-6.70017,-7.27092,-6.79038,2.48171
95.46915067,-6.33626,-6.33625,-7.06543,-6.47398,3.18494
95.48940464,-5.46757,-5.46756,-6.49726,-5.69816,4.47202
95.49754189,-5.06804,-5.06803,-6.21192,-5.33517,4.92955
95.50204112,-4.83534,-4.83532,-6.04063,-5.12249,5.1646
95.50632235,-4.6065,-4.60649,-5.86905,-4.91259,5.37526
95.50989235,-4.41036,-4.41035,-5.71972,-4.73215,5.54114
95.51391042,-4.18401,-4.184,-5.54503,-4.52337,5.71736
95.52194657,-3.71445,-3.71444,-5.1754,-4.08856,6.03761
95.53177178,-3.11175,-3.11173,-4.6885,-3.52749,6.37251
95.54556621,-2.21779,-2.21777,-3.94473,-2.68997,6.7404
95.56528692,-0.858324,-0.858307,-2.77331,-1.40604,7.06445
95.58614369,0.65988,0.659899,-1.417,0.0410534,7.15665
95.59661246,1.44454,1.44456,-0.696457,0.795796,7.10818
95.60218612,1.86581,1.86582,-0.30337,1.20372,7.05713
95.60410392,2.01101,2.01103,-0.166714,1.34489,7.03555
95.60587884,2.14539,2.14541,-0.0396643,1.4759,7.01348
95.60650824,2.19304,2.19306,0.00551714,1.52236,7.00566
95.60744452,2.26393,2.26395,0.0728452,1.59147,6.9929
95.60849965,2.34359,2.34361,0.148885,1.66952,6.97852
95.60963966,2.42966,2.42967,0.231234,1.75385,6.96163
95.61091077,2.52562,2.52564,0.32328,1.84788,6.9428
95.61290641,2.67572,2.67574,0.468258,1.9955,6.91089
95.61661426,2.95302,2.95303,0.739023,2.26951,6.84602
95.6219661,3.34821,3.34823,1.13262,2.66303,6.73973
95.62482936,3.55669,3.55671,1.34434,2.87217,6.6768
95.62840945,3.81376,3.81378,1.60988,3.13166,6.59223
95.63031358,3.94865,3.94867,1.75139,3.26859,6.54462
95.63165189,4.04258,4.0426,1.85085,3.36427,6.51008
95.63368545,4.18379,4.18381,2.00198,3.50866,6.45589
95.63746792,4.44106,4.44108,2.28265,3.77353,6.34974
95.64503285,4.9303,4.93032,2.83919,4.28475,6.11692
95.65041086,5.25444,5.25445,3.22855,4.63007,5.93512
95.65276577,5.38964,5.38965,3.39692,4.77594,5.85131
95.65502834,5.51546,5.51547,3.55713,4.9126,5.76844
95.65693311,5.61825,5.61826,3.69031,5.02477,5.6965
95.65788779,5.66849,5.6685,3.75707,5.07976,5.66044
95.65843943,5.69752,5.69754,3.79514,5.11153,5.63904
95.65961897,5.75837,5.75839,3.87657,5.17821,5.5933
95.66151576,5.85401,5.85402,4.006,5.28313,5.51825
95.66353682,5.95295,5.95296,4.14202,5.39182,5.43659
95.66713464,6.12168,6.12169,4.37877,5.57767,5.28694
95.67433028,6.43151,6.43152,4.82785,5.92127,4.97171
95.67739197,6.55231,6.55232,5.00813,6.05633,4.83125
95.67905894,6.61534,6.61535,5.10336,6.12713,4.75275
95.68047414,6.6667,6.6667,5.18251,6.18574,4.68611
95.68185227,6.7167,6.71671,5.25807,6.24151,4.61967
95.68323546,6.76493,6.76493,5.33243,6.2962,4.55298
95.68600184,6.85749,6.8575,5.47679,6.40172,4.41674
95.69153459,7.02717,7.02718,5.74872,6.59748,4.13588
95.70260009,7.30544,7.30545,6.22871,6.92863,3.54245
95.71258074,7.48738,7.48738,6.59109,7.15908,2.97317
95.72822687,7.64362,7.64362,7.02888,7.39262,2.02294
95.74294631,7.65039,7.65039,7.29858,7.47304,1.07245
95.77238518,7.28003,7.28002,7.44088,7.24975,-0.942981
95.78144852,7.06593,7.06592,7.38013,7.08057,-1.58542
95.785003,6.9695,6.9695,7.34313,7.00167,-1.83886
95.78842138,6.87038,6.87038,7.30073,6.91934,-2.0826
95.79272327,6.73697,6.73696,7.238,6.80695,-2.38825
95.80132703,6.44208,6.44207,7.08199,6.55373,-2.99126
95.81853455,5.74646,5.74645,6.65288,5.93992,-4.12587
95.8307622,5.17124,5.17123,6.25701,5.42163,-4.84414
95.83611369,4.89928,4.89926,6.06076,5.17429,-5.13038
95.84125432,4.6271,4.62708,5.85961,4.9256,-5.38713
95.84485396,4.43036,4.43035,5.71159,4.74521,-5.55611
95.84878409,4.21,4.20999,5.54341,4.54259,-5.73054
95.85664435,3.75273,3.75271,5.18727,4.12043,-6.04887
95.8650881,3.23829,3.23827,4.77648,3.64304,-6.34664
95.88146233,2.17964,2.17962,3.90328,2.65371,-6.79756
95.89928434,0.948899,0.94888,2.84973,1.49365,-7.10317
95.92591761,-0.999948,-0.999967,1.11138,-0.363766,-7.21386
95.93518734,-1.70023,-1.70025,0.465354,-1.03933,-7.15715
95.93874104,-1.97054,-1.97055,0.212708,-1.3015,-7.12263
95.94016378,-2.07875,-2.07877,0.110854,-1.40692,-7.10648
95.94113754,-2.15282,-2.15284,0.0409311,-1.47906,-7.09542
95.94203846,-2.22135,-2.22136,-0.0239079,-1.54598,-7.08413
95.94309119,-2.30142,-2.30144,-0.0998445,-1.62417,-7.07094
95.94414358,-2.38131,-2.38133,-0.175936,-1.70233,-7.05655
95.94535432,-2.47322,-2.47324,-0.263693,-1.79236,-7.04001
95.94697235,-2.59577,-2.59578,-0.381323,-1.91268,-7.01623
95.94975463,-2.80571,-2.80573,-0.584482,-2.11958,-6.97209
95.95531918,-3.22137,-3.22139,-0.993792,-2.53203,-6.87169
95.95928903,-3.51349,-3.51351,-1.28789,-2.82436,-6.79031
95.96274764,-3.76429,-3.76431,-1.54522,-3.07712,-6.71286
95.96452248,-3.89145,-3.89147,-1.67766,-3.20595,-6.67077
95.96706666,-4.07157,-4.07159,-1.8675,-3.38928,-6.6077
95.96924574,-4.2236,-4.22361,-2.0301,-3.54483,-6.55115
95.97354033,-4.51625,-4.51627,-2.35005,-3.84662,-6.43295
95.9821295,-5.06762,-5.06764,-2.98299,-4.42509,-6.17034
95.98566169,-5.27977,-5.27978,-3.23949,-4.65183,-6.05236
95.987595,-5.39194,-5.39196,-3.37864,-4.77281,-5.98536
95.98945001,-5.49682,-5.49683,-3.51114,-4.88656,-5.91949
95.99111831,-5.58882,-5.58883,-3.62899,-4.98678,-5.8585
95.99229612,-5.65217,-5.65218,-3.7122,-5.056,-5.81544
95.9929273,-5.68611,-5.68613,-3.75627,-5.09309,-5.79176
95.99381418,-5.73266,-5.73267,-3.8182,-5.14405,-5.75849
95.99448536,-5.76789,-5.7679,-3.86466,-5.18261,-5.73287
95.99527537,-5.80835,-5.80837,-3.91934,-5.22696,-5.70272
95.99625476,-5.85852,-5.85853,-3.98661,-5.28194,-5.66442
95.99815156,-5.9531,-5.95311,-4.11559,-5.38571,-5.59025
96.00150111,-6.11372,-6.11373,-4.33883,-5.56233,-5.45486
96.00820023,-6.41109,-6.4111,-4.76486,-5.89124,-5.1702
96.01281083,-6.59758,-6.59759,-5.04018,-6.09928,-4.96378
96.01497133,-6.67993,-6.67994,-5.16382,-6.19171,-4.86417
96.01695775,-6.75284,-6.75285,-5.27436,-6.27391,-4.77098
96.01892878,-6.82255,-6.82256,-5.38105,-6.35285,-4.67704
96.02108483,-6.89581,-6.89582,-5.49442,-6.43623,-4.5726
96.02539693,-7.033,-7.03301,-5.711,-6.59377,-4.35863
96.03402113,-7.2704,-7.27041,-6.10526,-6.87232,-3.91109
96.04515461,-7.50476,-7.50477,-6.54041,-7.16068,-3.29708
96.05797523,-7.67559,-7.67559,-6.94146,-7.39479,-2.54373
96.07401263,-7.74366,-7.74366,-7.296,-7.54316,-1.54024
96.10260471,-7.4843,-7.4843,-7.53669,-7.42738,0.37698
96.11556676,-7.21195,-7.21194,-7.48461,-7.21963,1.28551
96.12325667,-7.00667,-7.00667,-7.40751,-7.05236,1.83007
96.12585287,-6.93019,-6.93019,-7.37383,-6.98864,2.01414
96.12823292,-6.85699,-6.85698,-7.33963,-6.92709,2.18289
96.13299303,-6.70194,-6.70193,-7.26186,-6.79524,2.51853
96.14251324,-6.35839,-6.35838,-7.06968,-6.49757,3.17724
96.16155368,-5.54629,-5.54627,-6.5459,-5.77522,4.39165
96.17000434,-5.13486,-5.13485,-6.25586,-5.40281,4.87159
96.17451014,-4.9033,-4.90328,-6.08726,-5.19185,5.10924
96.1788047,-4.67509,-4.67507,-5.91786,-4.98316,5.32266
96.18197411,-4.50213,-4.50211,-5.78752,-4.82452,5.47186
96.18542375,-4.30963,-4.30961,-5.64065,-4.64753,5.62634
96.19232303,-3.91195,-3.91194,-5.33174,-4.28059,5.91129
96.20031029,-3.43153,-3.43151,-4.94981,-3.83518,6.20238
96.21475915,-2.51305,-2.51303,-4.19727,-2.97811,6.62649
96.23133274,-1.39123,-1.39121,-3.24537,-1.92293,6.95446
96.24876328,-0.146889,-0.14687,-2.15473,-0.743201,7.12146
96.26286359,0.897412,0.897432,-1.21444,0.254139,7.12661
96.27000181,1.43562,1.43564,-0.720815,0.77135,7.0858
96.27722229,1.98301,1.98303,-0.211223,1.30067,7.01561
96.27915468,2.1295,2.12952,-0.0731863,1.44331,6.99134
96.28028327,2.21506,2.21508,0.00773267,1.52662,6.97716
96.28106899,2.27463,2.27465,0.0641918,1.58476,6.96625
96.28211833,2.35418,2.3542,0.139746,1.66242,6.95168
96.28323935,2.43897,2.43899,0.220648,1.74538,6.93483
96.28451394,2.53539,2.53541,0.312861,1.83971,6.91568
96.28646443,2.68247,2.68249,0.454425,1.98403,6.88412
96.29004669,2.95113,2.95115,0.715743,2.2491,6.82092
96.29574892,3.37324,3.37326,1.13475,2.66872,6.70655
96.29866541,3.58595,3.58597,1.35029,2.88184,6.64159
96.30234238,3.85031,3.85033,1.62286,3.14841,6.55354
96.3042262,3.98388,3.9839,1.76278,3.28388,6.5058
96.30565191,4.084,4.08402,1.86866,3.38578,6.4685
96.30788265,4.23881,4.23883,2.03434,3.54402,6.40813
96.31217012,4.52929,4.52931,2.35208,3.84327,6.28531
96.32074505,5.0761,5.07612,2.9803,4.41652,6.01358
96.32429998,5.28797,5.28799,3.23679,4.64286,5.89088
96.32624506,5.39988,5.39989,3.37585,4.76351,5.8213
96.32810866,5.50428,5.5043,3.50804,4.87675,5.75304
96.32977195,5.59513,5.59515,3.62505,4.97572,5.69034
96.33103449,5.66231,5.66232,3.71292,5.04915,5.64275
96.33168982,5.69718,5.69719,3.75853,5.08726,5.6174
96.33215622,5.72135,5.72136,3.79099,5.11386,5.59936
96.33260599,5.74466,5.74467,3.82197,5.13952,5.58196
96.33332938,5.78214,5.78216,3.8718,5.18009,5.55349
96.33411183,5.82166,5.82168,3.92519,5.22396,5.5227
96.33513989,5.87359,5.8736,3.99533,5.28058,5.48123
96.33719601,5.97447,5.97448,4.13372,5.39135,5.3983
96.34063889,6.13645,6.13646,4.36044,5.56965,5.25469
96.34752465,6.43505,6.43506,4.79178,5.90046,4.95292
96.35099066,6.57274,6.57275,4.99659,6.05425,4.79381
96.3527523,6.63953,6.63954,5.09728,6.12922,4.71113
96.35415828,6.69066,6.69067,5.17592,6.18752,4.64391
96.35548636,6.73896,6.73897,5.24878,6.24073,4.58043
96.3568763,6.78755,6.78756,5.32356,6.29643,4.5129
96.35965616,6.88081,6.88081,5.46872,6.40268,4.37567
96.3652159,7.0517,7.05171,5.74208,6.59975,4.09281
96.37521793,7.30726,7.30726,6.17957,6.90306,3.55708
96.38577737,7.50555,7.50555,6.56847,7.15268,2.95644
96.39977973,7.65737,7.65737,6.97209,7.37383,2.10992
96.41552349,7.68065,7.68065,7.2768,7.47624,1.09873
96.44329281,7.36189,7.36189,7.44353,7.29747,-0.796965
96.45242354,7.15964,7.15963,7.39694,7.14106,-1.44354
96.45501666,7.09361,7.0936,7.37469,7.08801,-1.62877
96.45821634,7.00708,7.00707,7.34187,7.01746,-1.85732
96.46147722,6.91328,6.91328,7.30242,6.93989,-2.09024
96.46799899,6.70914,6.70913,7.20564,6.76801,-2.55329
96.48104252,6.2373,6.23729,6.94269,6.35987,-3.45345
96.49743126,5.5317,5.53169,6.48708,5.73279,-4.49047
96.50500673,5.16502,5.16501,6.23091,5.40186,-4.92244
96.50897236,4.9633,4.96328,6.0857,5.21872,-5.13413
96.51274606,4.76538,4.76537,5.94065,5.03841,-5.32543
96.51565026,4.60924,4.60922,5.82456,4.89576,-5.46582
96.51883804,4.43411,4.43409,5.69276,4.73538,-5.61317
96.52521359,4.07259,4.07258,5.41585,4.40317,-5.88736
96.53332553,3.59197,3.59195,5.03875,3.95933,-6.19787
96.54666043,2.75592,2.7559,4.36234,3.18224,-6.61796
96.55996282,1.8708,1.87079,3.6228,2.3536,-6.92758
96.58116034,0.374618,0.374599,2.32829,0.941095,-7.20154
96.60390853,-1.31151,-1.31153,0.807671,-0.67181,-7.20611
96.61181736,-1.91029,-1.91031,0.250713,-1.2517,-7.13898
96.61487243,-2.14234,-2.14236,0.0320977,-1.47784,-7.10308
96.61565057,-2.20145,-2.20147,-0.0238739,-1.53544,-7.09394
96.61642303,-2.26012,-2.26014,-0.0795411,-1.59281,-7.08367
96.61746586,-2.33933,-2.33935,-0.154848,-1.67026,-7.06981
96.61875524,-2.43699,-2.43701,-0.2482,-1.76602,-7.05105
96.62038099,-2.56013,-2.56015,-0.36627,-1.88685,-7.02739
96.6230606,-2.76222,-2.76224,-0.561721,-2.08602,-6.98441
96.62841984,-3.1626,-3.16262,-0.95544,-2.48321,-6.88722
96.63255976,-3.46739,-3.4674,-1.26179,-2.78812,-6.802
96.63588666,-3.70885,-3.70887,-1.50911,-3.03139,-6.72717
96.63764111,-3.83474,-3.83475,-1.63991,-3.15887,-6.68546
96.63988352,-3.99392,-3.99394,-1.80708,-3.32075,-6.62993
96.64153737,-4.10998,-4.10999,-1.93043,-3.43928,-6.58737
96.64445814,-4.31183,-4.31185,-2.14827,-3.64653,-6.50895
96.65029967,-4.70171,-4.70173,-2.58201,-4.05123,-6.33982
96.65490494,-4.99429,-4.9943,-2.92091,-4.35933,-6.19511
96.65876122,-5.22789,-5.2279,-3.20159,-4.60857,-6.06637
96.66042716,-5.32537,-5.32538,-3.32156,-4.71355,-6.00824
96.66148433,-5.38568,-5.38569,-3.39768,-4.77889,-5.97136
96.66249799,-5.4435,-5.44351,-3.46991,-4.84155,-5.93482
96.66391018,-5.52209,-5.52211,-3.57052,-4.92712,-5.88391
96.66557022,-5.61193,-5.61195,-3.68737,-5.02583,-5.82209
96.66639283,-5.65645,-5.65646,-3.74527,-5.0738,-5.79146
96.66688362,-5.68226,-5.68227,-3.77945,-5.10243,-5.77318
96.66787995,-5.73465,-5.73466,-3.84882,-5.15963,-5.73503
96.66873551,-5.7786,-5.77861,-3.90781,-5.20784,-5.70226
96.66959209,-5.8226,-5.82261,-3.96687,-5.2561,-5.66868
96.67108862,-5.89768,-5.8977,-4.06895,-5.33853,-5.61002
96.67408169,-6.04295,-6.04296,-4.26975,-5.4983,-5.48928
96.67938672,-6.28472,-6.28473,-4.61301,-5.76535,-5.26616
96.68348851,-6.45812,-6.45813,-4.86599,-5.9581,-5.08579
96.68606359,-6.56103,-6.56104,-5.01873,-6.07311,-4.96912
96.68820757,-6.64324,-6.64325,-5.14209,-6.1654,-4.87
96.69022912,-6.7179,-6.71791,-5.2551,-6.24957,-4.77491
96.69181662,-6.7746,-6.77461,-5.34162,-6.31374,-4.69915
96.69499162,-6.88291,-6.88292,-5.50896,-6.43706,-4.54481
96.70134163,-7.07937,-7.07937,-5.8218,-6.66372,-4.22517
96.71131814,-7.33423,-7.33423,-6.25718,-6.96663,-3.69495
96.72261362,-7.54445,-7.54445,-6.67032,-7.23214,-3.05611
96.73607197,-7.68831,-7.68831,-7.05497,-7.44289,-2.24672
96.75378496,-7.70601,-7.70601,-7.38714,-7.54959,-1.11286
96.78011017,-7.3907,-7.39069,-7.52792,-7.36622,0.679808
96.78979195,-7.17524,-7.17523,-7.47575,-7.19883,1.36302
96.79597534,-7.01076,-7.01075,-7.41397,-7.06482,1.80273
96.79786279,-6.95646,-6.95645,-7.39074,-7.01978,1.93695
96.79974864,-6.90035,-6.90033,-7.36553,-6.97289,2.07106
96.80352033,-6.78264,-6.78262,-7.30918,-6.87355,2.33865
96.81106372,-6.52586,-6.52584,-7.17319,-6.65318,2.86789
96.8261505,-5.93113,-5.93112,-6.81144,-6.12995,3.87778
96.83773883,-5.40463,-5.40461,-6.4554,-5.65718,4.58607
96.84401229,-5.09549,-5.09547,-6.23528,-5.37673,4.93775
96.84709995,-4.93735,-4.93733,-6.12007,-5.23261,5.10136
96.85003585,-4.78346,-4.78344,-6.00643,-5.09199,5.25061
96.85239829,-4.65719,-4.65717,-5.91215,-4.97637,5.36619
96.85493448,-4.51927,-4.51926,-5.80816,-4.84983,5.48583
96.86000685,-4.23635,-4.23633,-5.59176,-4.58952,5.71174
96.86689251,-3.83773,-3.83771,-5.28059,-4.22127,5.99081
96.87844408,-3.13406,-3.13404,-4.71585,-3.56743,6.39014
96.89080645,-2.33684,-2.33682,-4.05605,-2.82168,6.72436
96.90854067,-1.12533,-1.12531,-3.02016,-1.67978,7.0401
96.93529242,0.813705,0.813728,-1.29301,0.167527,7.16483
96.94561092,1.5874,1.58742,-0.580128,0.9134,7.10247
96.9527439,2.12543,2.12545,-0.0746344,1.43649,7.0245
96.95484751,2.2841,2.28413,0.0762653,1.59177,6.99566
96.95565643,2.34512,2.34514,0.134496,1.65148,6.98458
96.95654692,2.41229,2.41231,0.198719,1.71721,6.97114
96.95782641,2.50846,2.50848,0.291208,1.8118,6.95184
96.95991269,2.66526,2.66528,0.442522,1.96603,6.918
96.96368833,2.9471,2.94712,0.717843,2.24483,6.85092
96.9692508,3.35683,3.35685,1.12646,2.65348,6.73855
96.97217106,3.56878,3.5688,1.34219,2.86653,6.67317
96.97583631,3.83097,3.83099,1.61381,3.13184,6.58499
96.97772672,3.96432,3.96434,1.75417,3.26757,6.53686
96.97911398,4.06124,4.06126,1.85717,3.36658,6.50042
96.98126555,4.20985,4.20987,2.01693,3.51902,6.44201
96.98534365,4.48514,4.48516,2.31915,3.80358,6.32514
96.99349984,5.00531,5.00533,2.91746,4.35038,6.06769
96.99752015,5.24498,5.24499,3.20798,4.60719,5.92936
96.9995706,5.36257,5.36259,3.35471,4.73451,5.85595
97.00153344,5.47204,5.47206,3.49403,4.8538,5.78389
97.00330895,5.56844,5.56845,3.61895,4.95934,5.7167
97.00468014,5.64082,5.64083,3.71447,5.03887,5.66481
97.0053613,5.67678,5.67679,3.76192,5.07838,5.63831
97.00634379,5.7272,5.72721,3.82962,5.13421,5.60009
97.00709305,5.76565,5.76567,3.88124,5.17602,5.57041
97.0078845,5.80515,5.80517,3.93512,5.22019,5.53907
97.0091126,5.86644,5.86645,4.01873,5.28739,5.48971
97.0115634,5.98468,5.9847,4.18291,5.41801,5.38928
97.01562133,6.17089,6.17091,4.44753,5.6244,5.21746
97.02373721,6.50848,6.50849,4.94428,6.00183,4.8538
97.02643563,6.61055,6.61056,5.09911,6.11706,4.72708
97.0285761,6.68796,6.68797,5.21801,6.20491,4.62454
97.03054,6.75624,6.75624,5.32401,6.28279,4.52892
97.03236554,6.81736,6.81737,5.4199,6.35285,4.43874
97.03601663,6.93288,6.93289,5.60425,6.48631,4.25471
97.04331881,7.13722,7.13723,5.9445,6.72682,3.87247
97.053937,7.3715,7.3715,6.37427,7.01441,3.28484
97.06567175,7.54503,7.54503,6.76249,7.24776,2.59494
97.08037093,7.63868,7.63868,7.1236,7.41732,1.67751
97.10618997,7.48485,7.48484,7.4316,7.39746,-0.0475439
97.11968628,7.24867,7.24867,7.43092,7.23094,-0.994623
97.12591183,7.10485,7.10484,7.39397,7.11904,-1.43882
97.12806416,7.05011,7.0501,7.37589,7.07529,-1.59324
97.13010155,6.99597,6.99596,7.35631,7.03154,-1.73942
97.13215416,6.93919,6.93918,7.33417,6.98519,-1.88669
97.13625937,6.81899,6.81898,7.28273,6.88575,-2.1809
97.14446979,6.55266,6.55265,7.1517,6.66058,-2.76394
97.16089064,5.92177,5.92175,6.78132,6.11044,-3.87681
97.17327771,5.36388,5.36386,6.41014,5.61209,-4.64032
97.17979699,5.04328,5.04327,6.1842,5.3224,-5.00737
97.18297205,4.88067,4.88065,6.06673,5.17472,-5.1761
97.18601503,4.721,4.72098,5.94972,5.0293,-5.33113
97.18886713,4.56804,4.56802,5.83619,4.88965,-5.47046
97.1920109,4.39583,4.39581,5.7068,4.73203,-5.61744
97.19829843,4.04049,4.04047,5.43504,4.40564,-5.89133
97.20780537,3.47705,3.47703,4.99256,3.88526,-6.25639
97.22055243,2.67629,2.67627,4.34325,3.14053,-6.65603
97.23465127,1.73691,1.73689,3.55635,2.26037,-6.98104
97.25617061,0.215183,0.21516,2.2348,0.821857,-7.24695
97.27331926,-1.05566,-1.05569,1.09219,-0.391316,-7.26531
97.28060188,-1.60655,-1.60657,0.585593,-0.921537,-7.22224
97.28263511,-1.76131,-1.76134,0.442048,-1.07097,-7.2043
97.28363318,-1.83728,-1.83731,0.371276,-1.14457,-7.19549
97.2845877,-1.90994,-1.90996,0.303415,-1.21495,-7.18552
97.28649673,-2.05528,-2.0553,0.167199,-1.35617,-7.16557
97.28773892,-2.14985,-2.14988,0.0782201,-1.44806,-7.15091
97.28859451,-2.21499,-2.21502,0.0167791,-1.51153,-7.14082
97.28952292,-2.28568,-2.2857,-0.0500312,-1.5804,-7.12884
97.29055465,-2.36401,-2.36403,-0.124442,-1.65693,-7.11553
97.29164448,-2.44675,-2.44678,-0.20323,-1.7379,-7.10023
97.29285443,-2.53861,-2.53864,-0.29092,-1.82778,-7.08324
97.29463524,-2.67338,-2.6734,-0.420386,-1.96007,-7.05629
97.29781026,-2.91255,-2.91258,-0.652334,-2.19594,-7.00409
97.30416028,-3.38474,-3.38476,-1.11994,-2.66539,-6.88393
97.30719034,-3.60653,-3.60655,-1.34458,-2.88782,-6.81926
97.31020538,-3.82438,-3.8244,-1.56889,-3.10739,-6.74965
97.31102076,-3.88264,-3.88266,-1.62955,-3.16677,-6.73083
97.31188546,-3.94443,-3.94445,-1.69402,-3.22923,-6.70963
97.31288259,-4.01483,-4.01485,-1.76837,-3.30126,-6.68518
97.31441449,-4.123,-4.12302,-1.88258,-3.41124,-6.64633
97.31686937,-4.29359,-4.29361,-2.06562,-3.58602,-6.58166
97.32177612,-4.62517,-4.62519,-2.43053,-3.92889,-6.44364
97.33158962,-5.24132,-5.24134,-3.14954,-4.57958,-6.13356
97.3347971,-5.42795,-5.42796,-3.38037,-4.78077,-6.02251
97.33790723,-5.60142,-5.60143,-3.60138,-4.96938,-5.91039
97.33961577,-5.69354,-5.69356,-3.72113,-5.07005,-5.84662
97.34053273,-5.74179,-5.7418,-3.7854,-5.12289,-5.81239
97.34129292,-5.78179,-5.7818,-3.83808,-5.1667,-5.78332
97.34204299,-5.82027,-5.82028,-3.89005,-5.20891,-5.75464
97.34306241,-5.87257,-5.87259,-3.95984,-5.26628,-5.71482
97.34432513,-5.93593,-5.93594,-4.04628,-5.33584,-5.6655
97.34685058,-6.05912,-6.05914,-4.21622,-5.47131,-5.56426
97.35190148,-6.29177,-6.29178,-4.54536,-5.72814,-5.35378
97.35588472,-6.46254,-6.46255,-4.79368,-5.9178,-5.1804
97.3592194,-6.59703,-6.59704,-4.99304,-6.06805,-5.03035
97.36066131,-6.65236,-6.65237,-5.07669,-6.13019,-4.96384
97.36158345,-6.68774,-6.68775,-5.12903,-6.16993,-4.9213
97.36247176,-6.72044,-6.72045,-5.17945,-6.20684,-4.87954
97.36380611,-6.76955,-6.76956,-5.25354,-6.26227,-4.8168
97.36522478,-6.82002,-6.82003,-5.33079,-6.31947,-4.74912
97.36806212,-6.9169,-6.91691,-5.48073,-6.42986,-4.61148
97.37373679,-7.09449,-7.09449,-5.76309,-6.63465,-4.32738
97.3837465,-7.35573,-7.35574,-6.20684,-6.94455,-3.79893
97.39442406,-7.56212,-7.56213,-6.60653,-7.20378,-3.19925
97.40833613,-7.72115,-7.72116,-7.01662,-7.4329,-2.3676
97.42437396,-7.75417,-7.75417,-7.33746,-7.54791,-1.34727
97.45601048,-7.37554,-7.37553,-7.51246,-7.33115,0.803359
97.46598118,-7.13797,-7.13796,-7.44424,-7.14422,1.50852
97.46905836,-7.05353,-7.05352,-7.41147,-7.07534,1.72788
97.47097515,-6.99836,-6.99835,-7.38832,-7.02984,1.86452
97.4731287,-6.93408,-6.93407,-7.35984,-6.9764,2.01805
97.47743582,-6.79839,-6.79838,-7.29517,-6.86228,2.32414
97.48605005,-6.49923,-6.49922,-7.13554,-6.60588,2.92832
97.50327852,-5.79623,-5.79622,-6.7003,-5.98675,4.06725
97.51603302,-5.19118,-5.19116,-6.2828,-5.44245,4.818
97.52156744,-4.90726,-4.90724,-6.07726,-5.18454,5.11357
97.52599274,-4.67142,-4.67141,-5.90272,-4.96937,5.33499
97.52929832,-4.49035,-4.49033,-5.76659,-4.80364,5.49148
97.53275492,-4.29666,-4.29664,-5.61911,-4.62592,5.64701
97.53966811,-3.89659,-3.89657,-5.30896,-4.25749,5.93396
97.55219366,-3.13173,-3.13171,-4.69818,-3.54874,6.37486
97.56376982,-2.38294,-2.38292,-4.08119,-2.85008,6.69413
97.5817012,-1.15567,-1.15564,-3.03673,-1.69634,7.02614
97.6063016,0.629051,0.629076,-1.45678,-0.00140331,7.17107
97.61762859,1.47927,1.4793,-0.679234,0.814943,7.11989
97.62380158,1.94657,1.94659,-0.24402,1.26712,7.06147
97.62591918,2.10712,2.10715,-0.0930173,1.42329,7.03587
97.62706998,2.19437,2.1944,-0.0106214,1.50816,7.02195
97.62784236,2.25294,2.25296,0.0448049,1.56528,7.01154
97.62889695,2.3327,2.33272,0.120635,1.64328,6.99732
97.6299945,2.41571,2.41573,0.199738,1.72446,6.98129
97.63124325,2.51015,2.51018,0.289959,1.81681,6.96305
97.6330429,2.6458,2.64582,0.420378,1.94994,6.93476
97.63625367,2.88664,2.88667,0.654154,2.18745,6.88002
97.64267519,3.3619,3.36192,1.12529,2.65991,6.75439
97.64572101,3.58368,3.58371,1.35019,2.88233,6.68734
97.64875089,3.8014,3.80143,1.57463,3.10174,6.61532
97.64957814,3.86017,3.8602,1.63591,3.16165,6.59565
97.65043637,3.92115,3.92117,1.6996,3.22327,6.57401
97.65144275,3.99178,3.9918,1.77428,3.29554,6.54864
97.65300464,4.10139,4.10141,1.89018,3.40698,6.50793
97.65552149,4.27513,4.27515,2.07695,3.58499,6.43979
97.66055517,4.6126,4.61262,2.44927,3.93405,6.29428
97.67062255,5.23745,5.23747,3.18169,4.59448,5.96745
97.67389059,5.42475,5.42477,3.41483,4.79663,5.85124
97.67705759,5.59846,5.59848,3.6377,4.98568,5.73402
97.67941165,5.72256,5.72258,3.80109,5.12144,5.64399
97.68114416,5.81117,5.81118,3.91992,5.2186,5.57618
97.68212953,5.86055,5.86057,3.98652,5.2728,5.53669
97.68374537,5.93996,5.93997,4.09575,5.36003,5.47194
97.68697704,6.09303,6.09304,4.30938,5.52855,5.33842
97.69299904,6.3583,6.35831,4.69074,5.82222,5.07808
97.69757979,6.54299,6.543,4.96438,6.02835,4.87022
97.69958999,6.61944,6.61945,5.07963,6.11419,4.77636
97.70088721,6.66673,6.66675,5.15235,6.16756,4.71465
97.70213285,6.71215,6.71216,5.22095,6.2188,4.65538
97.70357255,6.76269,6.7627,5.29872,6.27609,4.58579
97.70590636,6.84164,6.84165,5.42143,6.366,4.47132
97.71057397,6.9885,6.98851,5.65477,6.53493,4.23637
97.71990919,7.2386,7.23861,6.07543,6.82967,3.74348
97.73007831,7.44556,7.44557,6.46651,7.08609,3.17373
97.74382551,7.61877,7.61877,6.88751,7.32734,2.35414
97.75803195,7.67191,7.67191,7.19546,7.45189,1.45429
97.78644483,7.41445,7.41445,7.43769,7.33789,-0.467425
97.79871704,7.15846,7.15845,7.39175,7.14357,-1.33431
97.80988045,6.85381,6.8538,7.27389,6.89448,-2.12812
97.81294604,6.75843,6.75842,7.22903,6.81426,-2.3461
97.81598984,6.6589,6.65889,7.17927,6.72972,-2.56166
97.82207744,6.44588,6.44587,7.06455,6.54649,-2.98816
97.83425264,5.96634,5.96632,6.7761,6.12577,-3.8089
97.84389677,5.53801,5.538,6.49354,5.74334,-4.41522
97.85198286,5.14751,5.14749,6.22114,5.39085,-4.8833
97.85539972,4.97416,4.97414,6.09652,5.23345,-5.06847
97.85768056,4.85578,4.85576,6.01026,5.12567,-5.18752
97.85986218,4.7406,4.74058,5.9255,5.02061,-5.29788
97.86193925,4.6292,4.62918,5.84278,4.91882,-5.39977
97.86609338,4.40146,4.40144,5.67153,4.71021,-5.5945
97.87440166,3.92706,3.92704,5.30658,4.27371,-5.94914
97.88491019,3.29314,3.29312,4.80403,3.68681,-6.33364
97.89784112,2.46591,2.46588,4.12708,2.91569,-6.71159
97.91295678,1.44119,1.44116,3.26128,1.9535,-7.02347
97.93696299,-0.285694,-0.285719,1.74654,0.316848,-7.24012
97.95027524,-1.28323,-1.28325,0.842091,-0.638159,-7.21644
97.95626784,-1.73843,-1.73846,0.42167,-1.07711,-7.17299
97.95836546,-1.89835,-1.89838,0.272722,-1.23188,-7.15304
97.96034511,-2.04928,-2.0493,0.131392,-1.37845,-7.13138
97.96147355,-2.13531,-2.13533,0.050515,-1.462,-7.11904
97.96228963,-2.19753,-2.19755,-0.00811145,-1.52259,-7.10902
97.96327908,-2.27296,-2.27298,-0.0793424,-1.59605,-7.09688
97.96432067,-2.35216,-2.35218,-0.154499,-1.67338,-7.08298
97.96544855,-2.43792,-2.43794,-0.236078,-1.75725,-7.06793
97.966735,-2.53573,-2.53576,-0.329367,-1.85291,-7.04887
97.96878158,-2.69079,-2.69082,-0.478289,-2.00508,-7.01855
97.97262166,-2.98006,-2.98009,-0.759283,-2.29035,-6.9544
97.97763029,-3.35286,-3.35288,-1.12847,-2.66076,-6.8592
97.98041905,-3.55774,-3.55776,-1.33517,-2.86575,-6.80059
97.98388171,-3.80883,-3.80885,-1.59266,-3.1185,-6.72232
97.9858083,-3.94674,-3.94677,-1.73627,-3.25808,-6.67615
97.98712492,-4.04015,-4.04017,-1.83441,-3.35294,-6.64292
97.98900994,-4.17257,-4.1726,-1.97492,-3.4879,-6.59536
97.99245148,-4.40997,-4.40999,-2.23127,-3.73135,-6.50291
97.99933457,-4.8646,-4.86462,-2.74069,-4.20371,-6.30097
98.00455812,-5.18892,-5.18894,-3.12231,-4.54658,-6.13287
98.00728756,-5.35053,-5.35054,-3.31941,-4.71962,-6.04
98.00873505,-5.4339,-5.43392,-3.42287,-4.80951,-5.98893
98.01010588,-5.51133,-5.51135,-3.52085,-4.89334,-5.94056
98.01196988,-5.61423,-5.61424,-3.65229,-5.00514,-5.8724
98.01302354,-5.67075,-5.67077,-3.72659,-5.06694,-5.83387
98.01362039,-5.70278,-5.70279,-3.76818,-5.10195,-5.81147
98.0140587,-5.72629,-5.72631,-3.79873,-5.12711,-5.79502
98.01449436,-5.74912,-5.74913,-3.82909,-5.15211,-5.77867
98.01521875,-5.78707,-5.78709,-3.87913,-5.19367,-5.75101
98.01598183,-5.8262,-5.82621,-3.93184,-5.23643,-5.72188
98.01703305,-5.8801,-5.88011,-4.00387,-5.29533,-5.68069
98.0191355,-5.98483,-5.98485,-4.14633,-5.40994,-5.59832
98.02258945,-6.14992,-6.14994,-4.37534,-5.591,-5.45816
98.02949735,-6.45474,-6.45475,-4.8112,-5.92735,-5.1631
98.03275266,-6.58683,-6.58684,-5.00534,-6.07419,-5.01736
98.03446237,-6.65327,-6.65328,-5.10418,-6.14838,-4.9387
98.03577833,-6.70251,-6.70252,-5.17872,-6.20359,-4.87815
98.03699796,-6.74814,-6.74815,-5.2466,-6.25475,-4.82071
98.03834941,-6.79692,-6.79693,-5.32048,-6.30968,-4.75706
98.04097689,-6.88823,-6.88824,-5.46013,-6.41297,-4.63074
98.04623184,-7.05698,-7.05699,-5.72431,-6.60585,-4.37048
98.05674175,-7.33953,-7.33953,-6.19513,-6.93736,-3.82099
98.06683856,-7.54272,-7.54273,-6.5778,-7.18851,-3.2589
98.0817462,-7.72285,-7.72285,-7.02209,-7.44082,-2.37393
98.09606174,-7.76434,-7.76434,-7.3161,-7.55279,-1.46944
98.12469281,-7.48172,-7.48172,-7.5285,-7.41179,0.45977
98.13599677,-7.24034,-7.24033,-7.47743,-7.22607,1.25478
98.14339444,-7.0443,-7.04429,-7.40383,-7.06622,1.78004
98.14583541,-6.97314,-6.97313,-7.37267,-7.00695,1.95366
98.14806241,-6.9055,-6.90549,-7.34131,-6.95012,2.11206
98.15251641,-6.76261,-6.7626,-7.27039,-6.82877,2.42751
98.1614244,-6.44731,-6.4473,-7.09635,-6.55614,3.04873
98.1792404,-5.70576,-5.70574,-6.62529,-5.89833,4.21005
98.19131054,-5.12416,-5.12414,-6.21696,-5.37233,4.90512
98.19663798,-4.84805,-4.84803,-6.0146,-5.12048,5.1836
98.20174709,-4.57275,-4.57273,-5.80836,-4.86828,5.43252
98.20561454,-4.35778,-4.35776,-5.64454,-4.6707,5.60898
98.21008471,-4.10254,-4.10252,-5.44716,-4.43542,5.80026
98.21902505,-3.57154,-3.57151,-5.02771,-3.94385,6.14335
98.22907021,-2.94448,-2.94446,-4.51907,-3.36013,6.4677
98.24066468,-2.18443,-2.18441,-3.88617,-2.64855,6.7635
98.26060739,-0.801237,-0.801212,-2.69632,-1.34372,7.08064
98.28152317,0.728944,0.728971,-1.33148,0.113321,7.1607
98.291497,1.47936,1.47939,-0.643675,0.834431,7.10995
98.29736311,1.92425,1.92427,-0.229493,1.26462,7.05391
98.29933542,2.07383,2.07385,-0.0887547,1.4102,7.03077
98.30065387,2.17382,2.17384,0.00570541,1.50751,7.01384
98.30141509,2.23155,2.23158,0.0603742,1.56385,7.00406
98.30247557,2.31198,2.312,0.136689,1.64235,6.98924
98.30353842,2.39243,2.39246,0.213347,1.72101,6.97438
98.304778,2.48626,2.48629,0.302966,1.81276,6.95536
98.30648071,2.61482,2.61484,0.426431,1.93883,6.92924
98.30946596,2.83925,2.83928,0.643847,2.15986,6.87874
98.31543645,3.28291,3.28293,1.08184,2.59994,6.76374
98.31865506,3.51853,3.51856,1.31945,2.83557,6.69409
98.32188188,3.75162,3.75165,1.55851,3.06984,6.61831
98.322677,3.8084,3.80843,1.61742,3.12756,6.59963
98.32361914,3.87568,3.87571,1.68737,3.1954,6.5761
98.32454401,3.941,3.94103,1.75603,3.26199,6.55301
98.32591725,4.03799,4.03801,1.85799,3.3603,6.5176
98.32804998,4.18657,4.18659,2.01633,3.51189,6.46077
98.33206621,4.46028,4.4603,2.31398,3.79317,6.34771
98.34009867,4.97878,4.9788,2.90346,4.33442,6.0985
98.34537917,5.29543,5.29545,3.28431,4.67163,5.91826
98.34793167,5.44104,5.44105,3.46594,4.8286,5.82654
98.35025226,5.569,5.56902,3.62928,4.96744,5.74061
98.35264166,5.69635,5.69636,3.79546,5.10623,5.64963
98.35385001,5.75906,5.75908,3.87863,5.17472,5.60243
98.35476382,5.80541,5.80543,3.94091,5.2254,5.56673
98.35571551,5.85369,5.8537,4.00577,5.27818,5.52853
98.35761888,5.94754,5.94756,4.13379,5.38093,5.45213
98.36140173,6.1262,6.12621,4.38248,5.577,5.29497
98.36893299,6.4515,6.45151,4.85065,5.93651,4.9646
98.37198163,6.57184,6.57185,5.02901,6.0706,4.82436
98.37380552,6.64075,6.64076,5.1324,6.14773,4.73871
98.3754614,6.70133,6.70134,5.22403,6.21579,4.65983
98.3770869,6.75898,6.759,5.3119,6.2808,4.58137
98.37887275,6.82025,6.82027,5.40611,6.35017,4.49403
98.38244446,6.93633,6.93634,5.58739,6.48251,4.3158
98.38958786,7.14281,7.14282,5.92261,6.72184,3.94564
98.4003151,7.38929,7.3893,6.3604,7.01848,3.3574
98.41180802,7.56986,7.56986,6.74484,7.25381,2.68724
98.42638443,7.67724,7.67724,7.10982,7.43189,1.78437
98.44908259,7.58414,7.58413,7.41306,7.45019,0.28222
98.46485314,7.33997,7.33997,7.43847,7.2835,-0.816109
98.471852,7.18591,7.1859,7.40206,7.16369,-1.3142
98.47456671,7.11873,7.11872,7.38014,7.10975,-1.50882
98.47553262,7.09335,7.09334,7.37077,7.08907,-1.57807
98.47746445,7.04259,7.04258,7.35204,7.04772,-1.71674
98.4813281,6.93412,6.9341,7.30712,6.95798,-1.99408
98.4890554,6.69388,6.69387,7.1922,6.75494,-2.54551
98.50451001,6.12471,6.1247,6.8655,6.25906,-3.61034
98.51639592,5.61054,5.61053,6.52961,5.80025,-4.37043
98.52639896,5.12943,5.12941,6.19246,5.3651,-4.95096
98.53053133,4.91823,4.91822,6.03904,5.17273,-5.17244
98.53448306,4.7098,4.70978,5.88487,4.98221,-5.37316
98.53751379,4.54578,4.54576,5.7618,4.83188,-5.51965
98.54086696,4.36023,4.36021,5.62085,4.66141,-5.6743
98.5475733,3.9768,3.97678,5.32436,4.30792,-5.96094
98.55610202,3.46667,3.46665,4.92027,3.83534,-6.28313
98.57099281,2.52136,2.52134,4.14727,2.95371,-6.73566
98.5844329,1.61494,1.61492,3.3817,2.10223,-7.02658
98.60648077,0.0412154,0.0411883,2.00653,0.611737,-7.26969
98.62141915,-1.07273,-1.07276,1.0017,-0.452622,-7.27328
98.62816004,-1.58442,-1.58445,0.531115,-0.944918,-7.23316
98.62991564,-1.71846,-1.71849,0.40692,-1.07432,-7.21805
98.63082457,-1.78786,-1.78789,0.342376,-1.14131,-7.21023
98.63169942,-1.85466,-1.85469,0.280105,-1.20605,-7.20142
98.63344912,-1.98832,-1.98835,0.15515,-1.33551,-7.1838
98.6349309,-2.10151,-2.10154,0.0489093,-1.4455,-7.16689
98.63576834,-2.16549,-2.16552,-0.0112994,-1.50766,-7.15732
98.6366753,-2.23477,-2.2348,-0.076639,-1.57498,-7.14592
98.63771501,-2.31401,-2.31404,-0.151707,-1.65235,-7.13285
98.63878222,-2.39535,-2.39538,-0.228941,-1.73177,-7.11822
98.63997745,-2.48645,-2.48648,-0.315651,-1.82071,-7.10183
98.641643,-2.61303,-2.61306,-0.43684,-1.94465,-7.07725
98.64455144,-2.83324,-2.83327,-0.649411,-2.16108,-7.0308
98.65036831,-3.26896,-3.26899,-1.07772,-2.59235,-6.9246
98.6535409,-3.50335,-3.50338,-1.31287,-2.82613,-6.85929
98.65671983,-3.73528,-3.73531,-1.54939,-3.05859,-6.78807
98.65748286,-3.79035,-3.79037,-1.60616,-3.11438,-6.77097
98.65846963,-3.86157,-3.86159,-1.67977,-3.18598,-6.74741
98.65937054,-3.92591,-3.92593,-1.74697,-3.25135,-6.72589
98.6607219,-4.02241,-4.02244,-1.84778,-3.34886,-6.69186
98.66271935,-4.16329,-4.16331,-1.99678,-3.49207,-6.64156
98.6664211,-4.41935,-4.41937,-2.27264,-3.75403,-6.54192
98.6738246,-4.90797,-4.90799,-2.82016,-4.2608,-6.32291
98.67942865,-5.25356,-5.25358,-3.22829,-4.62585,-6.14
98.68186965,-5.39694,-5.39696,-3.40386,-4.7792,-6.05578
98.68350079,-5.49019,-5.49021,-3.52024,-4.87954,-5.99741
98.68507954,-5.57842,-5.57844,-3.63206,-4.97487,-5.94092
98.68744173,-5.70679,-5.70681,-3.79768,-5.11404,-5.85317
98.6879833,-5.73549,-5.73551,-3.8352,-5.14522,-5.83305
98.68850546,-5.76317,-5.76319,-3.87137,-5.17529,-5.81308
98.68929062,-5.80399,-5.80401,-3.92576,-5.21967,-5.78305
98.69011727,-5.84696,-5.84698,-3.98228,-5.26639,-5.75142
98.69151543,-5.91806,-5.91808,-4.07786,-5.34376,-5.69687
98.69428134,-6.05447,-6.05449,-4.26354,-5.49242,-5.58649
98.699025,-6.27557,-6.27558,-4.5719,-5.73421,-5.38969
98.70286643,-6.44293,-6.44295,-4.8112,-5.91818,-5.22352
98.70607116,-6.57468,-6.5747,-5.00292,-6.06375,-5.08033
98.70834665,-6.66392,-6.66394,-5.1344,-6.16281,-4.97618
98.71054057,-6.74661,-6.74663,-5.25732,-6.25499,-4.87384
98.71189257,-6.79594,-6.79596,-5.33121,-6.31018,-4.80986
98.71443023,-6.8852,-6.88521,-5.46613,-6.41047,-4.68789
98.71950553,-7.05074,-7.05075,-5.72186,-6.59822,-4.43681
98.72965615,-7.33041,-7.33041,-6.17954,-6.92303,-3.90741
98.73973648,-7.54108,-7.54109,-6.56567,-7.17948,-3.34785
98.75433944,-7.72996,-7.72996,-7.00811,-7.43614,-2.48331
98.76873317,-7.78449,-7.78449,-7.31167,-7.55879,-1.57585
98.79752062,-7.52225,-7.52224,-7.53834,-7.43406,0.363289
98.8106306,-7.24479,-7.24478,-7.47755,-7.21912,1.28632
98.81820188,-7.04138,-7.04137,-7.39699,-7.05162,1.82491
98.82077585,-6.9652,-6.96519,-7.36215,-6.98759,2.00824
98.82313773,-6.89225,-6.89224,-7.32691,-6.92577,2.17646
98.8278615,-6.73782,-6.73781,-7.24722,-6.7935,2.51111
98.83730902,-6.39595,-6.39593,-7.05188,-6.49556,3.16813
98.85620408,-5.58878,-5.58876,-6.52431,-5.77471,4.38158
98.86504574,-5.15719,-5.15718,-6.21695,-5.38285,4.88686
98.86964161,-4.91994,-4.91992,-6.04248,-5.16608,5.13022
98.87402292,-4.68595,-4.68593,-5.86716,-4.95153,5.3486
98.87726181,-4.50824,-4.50822,-5.73204,-4.78813,5.50137
98.88082143,-4.30844,-4.30842,-5.57827,-4.60399,5.66089
98.88794068,-3.89538,-3.89536,-5.25472,-4.22201,5.95441
98.89638768,-3.38327,-3.38324,-4.84426,-3.74624,6.2598
98.91051499,-2.47849,-2.47847,-4.09788,-2.90059,6.66971
98.92692354,-1.36164,-1.36161,-3.14575,-1.84907,6.99121
98.94460674,-0.0932239,-0.0931968,-2.03022,-0.645942,7.15653
98.95856326,0.944715,0.944742,-1.09325,0.345477,7.1578
98.9653972,1.4617,1.46172,-0.618275,0.842216,7.11767
98.97221285,1.9799,1.97993,-0.135526,1.34295,7.05164
98.97404262,2.11902,2.11905,-0.0044721,1.47821,7.02907
98.97496458,2.18912,2.18915,0.0617786,1.54636,7.01769
98.97583683,2.25544,2.25546,0.124584,1.611,7.00582
98.97687503,2.33437,2.3344,0.199492,1.68793,6.9917
98.97806537,2.42467,2.4247,0.285578,1.77614,6.97405
98.97950498,2.53388,2.53391,0.389968,1.88282,6.9527
98.9818261,2.70933,2.70936,0.558885,2.05482,6.91521
98.98642873,3.0547,3.05472,0.895849,2.39522,6.83246
98.990425,3.35098,3.35101,1.19032,2.68928,6.75165
98.99324449,3.55756,3.55758,1.39895,2.8955,6.68968
98.99589713,3.74972,3.74975,1.5958,3.08828,6.62767
98.99697268,3.82677,3.82679,1.67562,3.16593,6.60125
98.99795154,3.89689,3.89691,1.74837,3.23659,6.5772
98.99920937,3.98618,3.98621,1.84185,3.32655,6.54468
99.00104346,4.11519,4.11522,1.97817,3.45773,6.49727
99.00440046,4.34726,4.34729,2.22739,3.69445,6.40516
99.01111445,4.79271,4.79273,2.72262,4.15426,6.20464
99.01624302,5.1136,5.11362,3.09611,4.49076,6.03711
99.01919404,5.28977,5.28979,3.30846,4.67775,5.93517
99.02063061,5.37312,5.37315,3.41078,4.76685,5.88374
99.02173799,5.43579,5.43581,3.48966,4.8342,5.84409
99.02276928,5.49416,5.49418,3.56232,4.89693,5.80605
99.0240201,5.56323,5.56325,3.65044,4.97149,5.75991
99.02580947,5.65987,5.65989,3.77499,5.07609,5.6921
99.0262645,5.68389,5.68391,3.80666,5.10214,5.67486
99.02710363,5.72819,5.72821,3.86441,5.15018,5.64234
99.02792452,5.77063,5.77064,3.92089,5.19623,5.61053
99.02867468,5.8094,5.80942,3.97192,5.23831,5.58089
99.02978115,5.86546,5.86548,4.04718,5.29921,5.53717
99.03199408,5.97485,5.97486,4.19551,5.41815,5.44779
99.03552207,6.1418,6.14181,4.42647,5.60013,5.30101
99.04257805,6.44902,6.44904,4.8645,5.93707,4.99211
99.04547097,6.56484,6.56486,5.03407,6.06501,4.85965
99.04721588,6.63188,6.6319,5.13331,6.13936,4.77815
99.04878692,6.69045,6.69046,5.22064,6.20452,4.70329
99.05031165,6.74567,6.74569,5.30355,6.26616,4.63064
99.05197289,6.80404,6.80405,5.39184,6.33153,4.54997
99.05529538,6.91515,6.91516,5.56221,6.45671,4.38556
99.06194035,7.11507,7.11509,5.87911,6.68508,4.04474
99.07198892,7.36151,7.36152,6.30049,6.97531,3.50058
99.08338737,7.5607,7.56071,6.69706,7.2253,2.84436
99.09695553,7.68858,7.68858,7.05926,7.41498,2.01462
99.11665558,7.66981,7.66981,7.37811,7.4876,0.730673
99.13823255,7.38423,7.38422,7.45468,7.30286,-0.757995
99.14657279,7.20181,7.2018,7.4094,7.15939,-1.35068
99.14977371,7.1214,7.1214,7.38113,7.09391,-1.57999
99.15105026,7.08735,7.08735,7.36776,7.0658,-1.67145
99.15223357,7.05579,7.05578,7.35536,7.03974,-1.75635
99.15460018,6.98961,6.9896,7.32731,6.98454,-1.92616
99.1593334,6.8484,6.84839,7.26174,6.86524,-2.26497
99.16879984,6.53167,6.53166,7.0935,6.59199,-2.93396
99.18773273,5.76935,5.76933,6.61545,5.91532,-4.18738
99.20047616,5.1652,5.16518,6.19209,5.36793,-4.93182
99.20610602,4.87608,4.87606,5.97995,5.10367,-5.22974
99.21150667,4.58671,4.58669,5.76263,4.83803,-5.49552
99.21570676,4.35387,4.35385,5.58456,4.62355,-5.68848
99.22045613,4.0827,4.08268,5.37395,4.37304,-5.89238
99.22995487,3.51681,3.51679,4.92459,3.848,-6.25613
99.2405938,2.84835,2.84833,4.37908,3.22438,-6.59555
99.25289101,2.03462,2.0346,3.69703,2.46092,-6.90037
99.27462733,0.507917,0.50789,2.37373,1.01756,-7.21603
99.29720838,-1.16474,-1.16477,0.866253,-0.581099,-7.25216
99.30537563,-1.78455,-1.78458,0.291508,-1.17972,-7.19353
99.30826387,-2.00481,-2.00484,0.0848966,-1.39348,-7.16385
99.31046134,-2.17239,-2.17242,-0.0733308,-1.55665,-7.13784
99.3110494,-2.21724,-2.21727,-0.115819,-1.60032,-7.13088
99.31212248,-2.29907,-2.2991,-0.193494,-1.68018,-7.11673
99.31321769,-2.38241,-2.38243,-0.272961,-1.7617,-7.1023
99.3147546,-2.49935,-2.49938,-0.384786,-1.87608,-7.08051
99.31718801,-2.68388,-2.6839,-0.562545,-2.05719,-7.04345
99.32205483,-3.05017,-3.0502,-0.920408,-2.41873,-6.95996
99.326057,-3.34776,-3.34778,-1.21674,-2.71453,-6.88207
99.32879744,-3.54919,-3.54922,-1.42053,-2.9156,-6.82398
99.33013637,-3.64669,-3.64672,-1.52038,-3.01384,-6.79397
99.33080464,-3.69535,-3.69538,-1.57022,-3.06253,-6.77899
99.3318523,-3.77093,-3.77095,-1.64835,-3.13887,-6.75444
99.33285696,-3.8434,-3.84342,-1.72339,-3.21163,-6.73089
99.33404935,-3.92831,-3.92833,-1.81246,-3.29798,-6.7015
99.33564446,-4.04189,-4.04191,-1.9316,-3.41271,-6.66219
99.33843409,-4.23716,-4.23718,-2.13996,-3.61153,-6.58959
99.34401337,-4.6157,-4.61572,-2.55507,-4.00054,-6.43306
99.35139305,-5.08674,-5.08676,-3.09712,-4.4925,-6.20333
99.3547275,-5.28723,-5.28725,-3.33845,-4.70511,-6.0912
99.35647472,-5.38896,-5.38898,-3.46378,-4.81381,-6.0304
99.35815591,-5.48457,-5.48459,-3.58349,-4.91646,-5.97002
99.35968877,-5.56979,-5.56981,-3.69151,-5.00828,-5.91497
99.36069329,-5.62425,-5.62427,-3.76229,-5.06712,-5.87764
99.36165833,-5.67657,-5.67659,-3.82957,-5.12365,-5.84178
99.36207189,-5.6985,-5.69852,-3.85841,-5.14738,-5.82641
99.36272244,-5.73301,-5.73302,-3.90338,-5.18471,-5.80169
99.36351157,-5.77402,-5.77404,-3.95793,-5.22912,-5.7717
99.36445029,-5.82281,-5.82283,-4.02192,-5.28195,-5.73519
99.36621403,-5.91217,-5.91219,-4.14216,-5.37881,-5.66658
99.36946699,-6.07099,-6.07101,-4.35894,-5.55127,-5.53591
99.37593247,-6.36423,-6.36424,-4.77071,-5.87124,-5.26313
99.38050571,-6.55395,-6.55396,-5.04464,-6.07975,-5.05992
99.38267682,-6.63895,-6.63897,-5.1693,-6.17367,-4.96052
99.38464189,-6.71311,-6.71312,-5.27903,-6.25591,-4.86897
99.38645393,-6.77917,-6.77918,-5.37759,-6.32944,-4.78323
99.38842839,-6.84863,-6.84864,-5.48215,-6.40706,-4.68839
99.39237731,-6.97969,-6.9797,-5.6827,-6.55455,-4.49436
99.40027515,-7.21065,-7.21066,-6.05091,-6.81877,-4.08956
99.41202052,-7.4782,-7.4782,-6.5207,-7.13681,-3.44882
99.42382629,-7.65693,-7.65693,-6.90188,-7.36745,-2.7617
99.44006395,-7.75857,-7.75857,-7.28089,-7.54194,-1.75471
99.46530522,-7.59963,-7.59962,-7.5464,-7.49773,-0.0761556
99.47977833,-7.34114,-7.34113,-7.52546,-7.3051,0.934831
99.48631295,-7.18578,-7.18577,-7.47555,-7.17935,1.39944
99.48846776,-7.12939,-7.12938,-7.45365,-7.13269,1.55353
99.49151757,-7.04532,-7.04531,-7.41813,-7.06238,1.77164
99.494527,-6.95758,-6.95756,-7.37795,-6.98816,1.98685
99.50054586,-6.76816,-6.76814,-7.28256,-6.82564,2.41543
99.51258359,-6.33564,-6.33563,-7.03331,-6.44631,3.25362
99.53665904,-5.27374,-5.27372,-6.31551,-5.48849,4.74599
99.54458188,-4.86952,-4.8695,-6.01755,-5.1179,5.16907
99.55134673,-4.50454,-4.50452,-5.74032,-4.7814,5.49823
99.55584371,-4.25232,-4.2523,-5.54483,-4.54798,5.70005
99.56070945,-3.97122,-3.9712,-5.32361,-4.28709,5.90315
99.57044094,-3.38521,-3.38518,-4.85246,-3.74098,6.26291
99.58099397,-2.71648,-2.71646,-4.30064,-3.11454,6.58478
99.59337628,-1.89234,-1.89232,-3.60302,-2.33839,6.87388
99.6181409,-0.142674,-0.142646,-2.06931,-0.677437,7.17436
99.63588509,1.17318,1.17321,-0.873557,0.584187,7.1685
99.64319417,1.7253,1.72533,-0.360344,1.11797,7.11357
99.64564579,1.91134,1.91137,-0.185755,1.29852,7.08839
99.64732969,2.03912,2.03915,-0.0652036,1.42293,7.06873
99.64826163,2.10983,2.10986,0.00172345,1.49178,7.05786
99.64917129,2.17886,2.17889,0.067187,1.55915,7.0461
99.65022552,2.25871,2.25874,0.143217,1.63723,7.03247
99.65127503,2.3382,2.33823,0.219077,1.71496,7.01771
99.65247964,2.42944,2.42947,0.306351,1.80418,7.00076
99.65407782,2.55016,2.55018,0.422462,1.92261,6.97662
99.65681633,2.75628,2.75631,0.622232,2.12554,6.93208
99.66229335,3.16455,3.16458,1.02448,2.52996,6.83116
99.6661224,3.44596,3.44598,1.30753,2.81083,6.75131
99.66956746,3.69564,3.69566,1.56317,3.06162,6.67303
99.67135965,3.82402,3.82405,1.69647,3.19119,6.62991
99.6739687,4.00872,4.00875,1.89054,3.37841,6.56426
99.67624794,4.1677,4.16772,2.06007,3.54036,6.50413
99.68080642,4.47797,4.47799,2.39831,3.85883,6.37624
99.68992339,5.06037,5.06039,3.06593,4.46681,6.09073
99.69362336,5.28054,5.28056,3.33221,4.70087,5.96372
99.69564978,5.39677,5.39679,3.47655,4.82553,5.89149
99.69759723,5.50542,5.50544,3.61405,4.94267,5.82032
99.69920502,5.59232,5.59234,3.72629,5.0373,5.75981
99.70004187,5.63756,5.63758,3.78472,5.08561,5.72831
99.70053316,5.66335,5.66337,3.81863,5.11397,5.70982
99.70156483,5.7175,5.71752,3.88985,5.17256,5.66987
99.7025,5.76539,5.76541,3.95371,5.22461,5.63366
99.70339397,5.81116,5.81118,4.01477,5.27436,5.59818
99.70500691,5.89166,5.89167,4.1236,5.36195,5.53416
99.70823279,6.04688,6.04689,4.33719,5.53116,5.40216
99.71408174,6.30919,6.3092,4.70846,5.81848,5.15175
99.71854196,6.49296,6.49297,4.97598,6.02119,4.9514
99.72051936,6.56999,6.57,5.08994,6.1066,4.85955
99.72173501,6.61552,6.61553,5.1585,6.15729,4.80308
99.72289474,6.65895,6.65897,5.22283,6.20565,4.74789
99.72436779,6.71218,6.7122,5.30302,6.26514,4.67779
99.72631588,6.78031,6.78032,5.4065,6.34157,4.58337
99.73021205,6.90887,6.90888,5.60494,6.48681,4.39029
99.73800438,7.13543,7.13544,5.96932,6.74709,3.98769
99.7487821,7.38241,7.38241,6.40485,7.04154,3.39684
99.76074844,7.5677,7.5677,6.79837,7.28058,2.69816
99.7751132,7.66919,7.66919,7.1488,7.44777,1.80658
99.79823121,7.56647,7.56647,7.44149,7.45204,0.273285
99.81380201,7.31942,7.31941,7.45484,7.2771,-0.813784
99.82080864,7.16299,7.16298,7.41357,7.15299,-1.31351
99.82351814,7.09511,7.09509,7.38984,7.09757,-1.50818
99.82447206,7.06977,7.06975,7.37995,7.0766,-1.57672
99.8263799,7.01908,7.01907,7.36018,7.03467,-1.71397
99.83019558,6.91095,6.91093,7.31338,6.94397,-1.98845
99.83782695,6.67202,6.672,7.19536,6.73966,-2.53433
99.85308968,6.10785,6.10783,6.86504,6.2437,-3.58958
99.86494478,5.59418,5.59416,6.52494,5.78208,-4.35168
99.87491337,5.11425,5.11423,6.18496,5.34535,-4.93437
99.8790555,4.90241,4.90239,6.02958,5.15131,-5.15819
99.88302038,4.69312,4.6931,5.87336,4.95899,-5.36127
99.8859675,4.53356,4.53354,5.7526,4.81199,-5.50504
99.88915154,4.35745,4.35743,5.61778,4.64941,-5.65355
99.89551963,3.99411,3.99409,5.335,4.31294,-5.93002
99.90278796,3.5621,3.56207,4.99154,3.91125,-6.21305
99.91732463,2.64777,2.64774,4.24288,3.05608,-6.67859
99.93324612,1.57846,1.57843,3.33657,2.04859,-7.03843
99.94983341,0.401383,0.401352,2.30758,0.931724,-7.25052
99.96493924,-0.714809,-0.714841,1.30546,-0.134474,-7.30287
99.97352915,-1.36371,-1.36374,0.711144,-0.758185,-7.27402
99.97789324,-1.69605,-1.69608,0.403093,-1.0791,-7.24336
99.97937743,-1.80939,-1.80942,0.297447,-1.1889,-7.22993
99.9807678,-1.91557,-1.91561,0.198104,-1.29176,-7.21735
99.98259454,-2.05508,-2.05511,0.0670622,-1.42734,-7.19803
99.98343725,-2.11944,-2.11947,0.00641544,-1.48989,-7.18912
99.98430913,-2.18602,-2.18606,-0.0564564,-1.55476,-7.1788
99.9853787,-2.26757,-2.2676,-0.133754,-1.63434,-7.16614
99.98639472,-2.34503,-2.34506,-0.207352,-1.70993,-7.15299
99.98756223,-2.43404,-2.43408,-0.292124,-1.79691,-7.13787
99.98901999,-2.54473,-2.54476,-0.398263,-1.90551,-7.11756
99.9914641,-2.7303,-2.73034,-0.576907,-2.08759,-7.08097
99.9963523,-3.0982,-3.09823,-0.936546,-2.45093,-6.99831
100,-3.36954,-3.36957,-1.20672,-2.72073,-6.92848
