"TIME","SIN1","SIN2","SIN3","SIN4","SIN5"
90,8.02014,8.02014,8.15714,7.89191,-2.04493
90.00181726,8.00083,8.00083,8.15892,7.88002,-2.17588
90.00424027,7.9721,7.9721,8.15815,7.86121,-2.35012
90.0090863,7.90385,7.90385,8.14528,7.81295,-2.69653
90.01877835,7.72488,7.72488,8.07472,7.67439,-3.37474
90.03816245,7.20489,7.20489,7.76069,7.23586,-4.61496
90.0457511,6.94421,6.94421,7.57639,7.00705,-5.04568
90.04990877,6.78822,6.78822,7.46116,6.86846,-5.26603
90.05391675,6.62933,6.62933,7.34079,6.72626,-5.46709
90.05841835,6.44117,6.44117,7.19493,6.55671,-5.67957
90.06296981,6.24076,6.24076,7.03623,6.37493,-5.88036
90.07207272,5.81049,5.81049,6.68602,5.98126,-6.24109
90.08203492,5.29674,5.29674,6.25453,5.50626,-6.57508
90.09254953,4.70888,4.70888,5.74718,4.9576,-6.86018
90.10292933,4.08583,4.08583,5.19712,4.37146,-7.07488
90.11286363,3.45289,3.45289,4.62786,3.77216,-7.21918
90.12360273,2.73209,2.73209,3.969,3.08585,-7.30899
90.14508094,1.19552,1.19552,2.53429,1.6122,-7.28921
90.17194064,-0.859107,-0.859107,0.564004,-0.37634,-6.91022
90.18446181,-1.85194,-1.85194,-0.410078,-1.34671,-6.60459
90.19081385,-2.35976,-2.35976,-0.915204,-1.84626,-6.41947
90.19302818,-2.53678,-2.53678,-1.0928,-2.02135,-6.34987
90.19383172,-2.60102,-2.60102,-1.15745,-2.08488,-6.32461
90.19459977,-2.66242,-2.66242,-1.21925,-2.14561,-6.29958
90.19567953,-2.74852,-2.74852,-1.30642,-2.23099,-6.26439
90.19778077,-2.91606,-2.91606,-1.47604,-2.39713,-6.194
90.20120424,-3.18745,-3.18745,-1.75343,-2.66736,-6.07498
90.20321005,-3.34551,-3.34551,-1.91648,-2.82496,-6.00278
90.20562956,-3.53503,-3.53503,-2.11315,-3.01507,-5.9133
90.20733197,-3.66753,-3.66753,-2.25172,-3.14811,-5.84878
90.20957702,-3.84099,-3.84099,-2.43446,-3.3227,-5.76176
90.21162998,-3.99816,-3.99816,-2.60141,-3.48132,-5.68028
90.2157359,-4.3076,-4.3076,-2.93425,-3.79483,-5.51195
90.22394774,-4.90117,-4.90117,-3.59069,-4.40079,-5.1545
90.23020689,-5.32582,-5.32582,-4.07808,-4.83816,-4.86401
90.23396066,-5.56712,-5.56712,-4.36326,-5.0882,-4.68251
90.23513132,-5.64017,-5.64017,-4.45097,-5.16414,-4.62471
90.23556336,-5.66663,-5.66663,-4.48302,-5.19168,-4.60338
90.23665756,-5.73365,-5.73365,-4.56421,-5.26142,-4.54869
90.23724103,-5.76872,-5.76872,-4.60706,-5.29795,-4.51953
90.23777548,-5.80084,-5.80084,-4.64632,-5.3314,-4.49246
90.23925948,-5.88841,-5.88841,-4.75413,-5.42261,-4.41729
90.24049684,-5.96001,-5.96001,-4.84295,-5.49722,-4.3539
90.24297156,-6.09948,-6.09948,-5.0174,-5.64264,-4.22548
90.24568497,-6.24678,-6.24678,-5.20343,-5.7964,-4.08222
90.24830349,-6.38347,-6.38347,-5.37731,-5.93932,-3.94158
90.25018433,-6.47838,-6.47838,-5.49863,-6.03873,-3.83913
90.2519517,-6.56513,-6.56513,-5.6098,-6.12974,-3.7418
90.2534139,-6.63513,-6.63513,-5.69973,-6.20329,-3.6605
90.25633391,-6.77019,-6.77019,-5.87393,-6.34555,-3.4961
90.26217393,-7.02162,-7.02162,-6.20172,-6.61187,-3.1594
90.26845474,-7.26461,-7.26461,-6.52481,-6.87167,-2.78604
90.27460498,-7.47532,-7.47532,-6.81266,-7.09971,-2.40971
90.28377979,-7.74026,-7.74026,-7.19129,-7.3921,-1.83015
90.29383886,-7.96357,-7.96357,-7.53794,-7.64767,-1.17203
90.313957,-8.20452,-8.20452,-8.0215,-7.95909,0.201718
90.32517741,-8.22204,-8.22204,-8.17151,-8.019,0.994499
90.33037647,-8.20227,-8.20227,-8.21233,-8.01954,1.36652
90.33347171,-8.18222,-8.18222,-8.22809,-8.01177,1.58904
90.33481919,-8.17159,-8.17159,-8.23298,-8.00652,1.68591
90.33751414,-8.1469,-8.1469,-8.23919,-7.99266,1.87976
90.34290404,-8.08398,-8.08398,-8.23749,-7.95163,2.26642
90.35368383,-7.90516,-7.90516,-8.17854,-7.81734,3.02762
90.37524342,-7.34658,-7.34658,-7.84732,-7.34926,4.42629
90.38414495,-7.04046,-7.04046,-7.6298,-7.0807,4.93697
90.38902499,-6.85463,-6.85463,-7.49112,-6.91541,5.19609
90.393671,-6.66632,-6.66632,-7.34668,-6.74656,5.42751
90.39712465,-6.51932,-6.51932,-7.23163,-6.61394,5.58975
90.40102902,-6.34611,-6.34611,-7.09384,-6.45689,5.76324
90.40883776,-5.97816,-5.97816,-6.79432,-6.12079,6.07963
90.4183469,-5.493,-5.493,-6.38803,-5.6734,6.41141
90.42765803,-4.98057,-4.98057,-5.94789,-5.19664,6.68063
90.43640027,-4.46782,-4.46782,-5.49845,-4.71611,6.88415
90.4452704,-3.91843,-3.91843,-5.00867,-4.1981,7.04259
90.45347949,-3.38565,-3.38565,-4.52687,-3.69322,7.14665
90.46989767,-2.25869,-2.25869,-3.48947,-2.61863,7.23487
90.50273403,0.180618,0.180618,-1.1782,-0.269482,6.95715
90.52361349,1.81469,1.81469,0.421054,1.32688,6.48263
90.53221589,2.49606,2.49606,1.10336,1.9997,6.22272
90.53538482,2.74706,2.74706,1.35751,2.24879,6.11783
90.53769746,2.92976,2.92976,1.54375,2.43058,6.03826
90.53993848,3.10607,3.10607,1.72481,2.60629,5.95881
90.54198649,3.2664,3.2664,1.89028,2.76688,5.8842
90.54443381,3.4568,3.4568,2.08852,2.95773,5.79258
90.54517597,3.51417,3.51417,2.14864,3.0156,5.76413
90.54603904,3.58089,3.58089,2.21855,3.08256,5.73103
90.5470259,3.65667,3.65667,2.29849,3.15912,5.69241
90.54806927,3.73679,3.73679,2.38301,3.23956,5.65157
90.54969864,3.86097,3.86097,2.51477,3.36519,5.5865
90.55270253,4.08738,4.08738,2.7577,3.59456,5.46356
90.55871031,4.52823,4.52823,3.23956,4.04372,5.20631
90.57072588,5.34353,5.34353,4.17153,4.88316,4.64858
90.57516758,5.61923,5.61923,4.50191,5.16961,4.4282
90.57769734,5.76941,5.76941,4.6857,5.32606,4.29938
90.58012257,5.9085,5.9085,4.85827,5.47114,4.17368
90.58250061,6.04024,6.04024,5.02361,5.6087,4.0484
90.58471054,6.15861,6.15861,5.17351,5.73245,3.9302
90.5872349,6.28913,6.28913,5.33991,5.86909,3.79314
90.58902019,6.37844,6.37844,5.45434,5.96276,3.6949
90.59059337,6.45513,6.45513,5.55284,6.04329,3.60746
90.59157136,6.50186,6.50186,5.61298,6.09243,3.5524
90.59340632,6.5876,6.5876,5.7236,6.18272,3.44909
90.59707623,6.75161,6.75161,5.93638,6.35598,3.2387
90.60441605,7.05016,7.05016,6.32979,6.67379,2.80567
90.61106392,7.28712,7.28712,6.65053,6.92914,2.40005
90.61768017,7.49178,7.49178,6.93731,7.15305,1.98449
90.62480615,7.67783,7.67783,7.21088,7.36088,1.52461
90.63905813,7.94474,7.94474,7.65065,7.67442,0.571482
90.65869359,8.08852,8.08852,8.02709,7.88824,-0.798531
90.66589387,8.0772,8.0772,8.09928,7.90414,-1.31373
90.66871759,8.06352,8.06352,8.11805,7.90133,-1.51719
90.66984636,8.05623,8.05623,8.12366,7.89842,-1.59853
90.67089575,8.04945,8.04945,8.12889,7.89572,-1.67428
90.67299453,8.03304,8.03304,8.13636,7.88751,-1.82579
90.67719209,7.9919,7.9919,8.14265,7.86291,-2.12843
90.6855872,7.87692,7.87692,8.12097,7.78149,-2.72857
90.70237743,7.52105,7.52105,7.94458,7.4939,-3.87443
90.71468287,7.15773,7.15773,7.70603,7.18107,-4.63907
90.72126965,6.92885,6.92885,7.54139,6.97921,-5.01343
90.72448103,6.8088,6.8088,7.45197,6.87229,-5.18571
90.72754306,6.68932,6.68932,7.36125,6.76529,-5.34318
90.73026655,6.57901,6.57901,7.27615,6.66604,-5.47761
90.73330415,6.45158,6.45158,7.17641,6.55089,-5.62139
90.73937937,6.18316,6.18316,6.96197,6.30678,-5.89012
90.74839603,5.7527,5.7527,6.60802,5.91168,-6.24422
90.76125187,5.0766,5.0766,6.03322,5.28406,-6.65962
90.77132716,4.49862,4.49862,5.52801,4.74232,-6.91311
90.7817007,3.86282,3.86282,4.96093,4.14217,-7.10915
90.79188399,3.20187,3.20187,4.36116,3.51453,-7.23849
90.81051027,1.91188,1.91188,3.16662,2.28106,-7.31765
90.84776281,-0.891684,-0.891684,0.486965,-0.42875,-6.90386
90.86223324,-2.03418,-2.03418,-0.640313,-1.54882,-6.54617
90.86947143,-2.60918,-2.60918,-1.21822,-2.11737,-6.3279
90.87151847,-2.77179,-2.77179,-1.38311,-2.27875,-6.26098
90.8726565,-2.8622,-2.8622,-1.47507,-2.36848,-6.22378
90.8738971,-2.9602,-2.9602,-1.57532,-2.46628,-6.18193
90.87637828,-3.1562,-3.1562,-1.77652,-2.66133,-6.09613
90.87832846,-3.30899,-3.30899,-1.93466,-2.81464,-6.02672
90.87973649,-3.41931,-3.41931,-2.04915,-2.92475,-5.97536
90.88032937,-3.46538,-3.46538,-2.09736,-2.97112,-5.95374
90.88114392,-3.52868,-3.52868,-2.16359,-3.03482,-5.92336
90.88200995,-3.59597,-3.59597,-2.234,-3.10222,-5.89106
90.88299619,-3.67201,-3.67201,-2.31419,-3.17897,-5.85345
90.88412822,-3.7593,-3.7593,-2.40624,-3.2665,-5.81029
90.88596537,-3.8998,-3.8998,-2.55532,-3.40854,-5.73865
90.88951534,-4.16778,-4.16778,-2.84338,-3.67989,-5.59613
90.89661529,-4.68623,-4.68623,-3.41321,-4.20822,-5.29532
90.90261305,-5.10198,-5.10198,-3.88485,-4.6352,-5.02528
90.90411249,-5.20174,-5.20174,-4.00076,-4.73823,-4.95507
90.90711137,-5.39713,-5.39713,-4.23023,-4.9404,-4.8126
90.90912551,-5.52466,-5.52466,-4.38217,-5.07269,-4.7148
90.91011959,-5.58609,-5.58609,-4.45624,-5.13654,-4.66653
90.91088661,-5.63349,-5.63349,-4.5134,-5.1858,-4.62859
90.91205184,-5.7039,-5.7039,-4.59919,-5.25905,-4.57096
90.91238966,-5.72431,-5.72431,-4.62407,-5.28029,-4.55403
90.91370437,-5.80217,-5.80217,-4.71976,-5.36133,-4.48814
90.91460095,-5.85444,-5.85444,-4.78441,-5.41574,-4.4425
90.91639412,-5.95699,-5.95699,-4.91208,-5.52254,-4.35123
90.91926953,-6.11602,-6.11602,-5.11199,-5.6883,-4.20203
90.92154475,-6.23723,-6.23723,-5.26567,-5.81481,-4.08193
90.92385984,-6.35643,-6.35643,-5.41768,-5.93941,-3.95789
90.92488855,-6.40781,-6.40781,-5.48374,-5.9932,-3.90207
90.92558816,-6.44275,-6.44275,-5.52791,-6.02979,-3.86411
90.92632275,-6.47837,-6.47837,-5.57428,-6.06715,-3.82379
90.92770867,-6.54559,-6.54559,-5.66007,-6.13765,-3.7477
90.93028237,-6.66593,-6.66593,-5.81505,-6.26417,-3.60445
90.93476617,-6.864,-6.864,-6.07211,-6.47329,-3.34988
90.93588712,-6.91077,-6.91077,-6.13335,-6.52289,-3.28476
90.93812901,-7.00215,-7.00215,-6.25348,-6.62,-3.15452
90.9426128,-7.17458,-7.17458,-6.48279,-6.80419,-2.88919
90.94682834,-7.32385,-7.32385,-6.68492,-6.96492,-2.63458
90.95365037,-7.53902,-7.53902,-6.98473,-7.19947,-2.21244
90.9606306,-7.72561,-7.72561,-7.25705,-7.40695,-1.76832
90.97459107,-7.99839,-7.99839,-7.69918,-7.72453,-0.847496
90.99599142,-8.16347,-8.16347,-8.11756,-7.96505,0.630256
91.00454311,-8.14527,-8.14527,-8.19812,-7.97905,1.23811
91.01309178,-8.08043,-8.08043,-8.23029,-7.94734,1.84967
91.01540258,-8.05497,-8.05497,-8.23074,-7.93099,2.01516
91.01769061,-8.0265,-8.0265,-8.22778,-7.91159,2.17901
91.02226669,-7.95996,-7.95996,-8.21178,-7.86332,2.50511
91.03141884,-7.78927,-7.78927,-8.14015,-7.72964,3.14621
91.04972315,-7.30432,-7.30432,-7.84391,-7.31949,4.33725
91.06146642,-6.89659,-6.89659,-7.54997,-6.95977,5.0078
91.06721622,-6.67043,-6.67043,-7.37728,-6.75697,5.30466
91.07240633,-6.45194,-6.45194,-7.2057,-6.55941,5.55334
91.07811948,-6.19628,-6.19628,-7.0001,-6.32654,5.80583
91.08467984,-5.88383,-5.88383,-6.74303,-6.03986,6.06889
91.09605249,-5.29704,-5.29704,-6.24654,-5.49639,6.459
91.10607893,-4.73488,-4.73488,-5.75786,-4.97078,6.73506
91.11621021,-4.12725,-4.12725,-5.21847,-4.39842,6.9506
91.12645311,-3.4757,-3.4757,-4.62967,-3.78085,7.10477
91.13567868,-2.85953,-2.85953,-4.06455,-3.19378,7.1896
91.15412982,-1.55633,-1.55633,-2.84765,-1.94448,7.21006
91.1910321,1.24394,1.24394,-0.151884,0.768865,6.69384
91.20364265,2.23775,2.23775,0.83578,1.74543,6.35394
91.20937354,2.69058,2.69058,1.2933,2.19406,6.1732
91.21140963,2.85146,2.85146,1.45693,2.35346,6.10515
91.21329511,2.99986,2.99986,1.60883,2.50106,6.04039
91.21573392,3.19098,3.19098,1.80588,2.69172,5.9542
91.21787492,3.35762,3.35762,1.97886,2.8584,5.87589
91.21872309,3.42363,3.42363,2.04753,2.92443,5.84487
91.21936349,3.47315,3.47315,2.09938,2.97428,5.8208
91.22027466,3.54359,3.54359,2.17315,3.04486,5.78654
91.2211393,3.61004,3.61004,2.24315,3.11182,5.75338
91.22213134,3.68628,3.68628,2.32347,3.18828,5.71534
91.22331066,3.77638,3.77638,2.41895,3.27916,5.66882
91.22527858,3.92569,3.92569,2.57813,3.42986,5.59119
91.22917675,4.21709,4.21709,2.89247,3.72503,5.43153
91.2369731,4.77767,4.77767,3.51309,4.2969,5.09322
91.2429858,5.18538,5.18538,3.98038,4.71627,4.81554
91.24801871,5.50679,5.50679,4.36071,5.04898,4.57227
91.25009135,5.63344,5.63344,4.51397,5.18057,4.46927
91.25211436,5.75364,5.75364,4.66136,5.30563,4.36718
91.25391627,5.85781,5.85781,4.79055,5.41407,4.27499
91.25545195,5.94445,5.94445,4.89896,5.50431,4.1955
91.25850649,6.11112,6.11112,5.10951,5.67806,4.0349
91.26085509,6.23421,6.23421,5.26647,5.80658,3.9092
91.26314682,6.35018,6.35018,5.41522,5.92785,3.78473
91.26422076,6.40281,6.40281,5.48336,5.98329,3.72565
91.26499452,6.44074,6.44074,5.53154,6.02247,3.68308
91.26580099,6.47896,6.47896,5.58176,6.06331,3.63814
91.26741393,6.55542,6.55542,5.67995,6.14308,3.54827
91.27052899,6.69666,6.69666,5.86334,6.29178,3.37192
91.27630973,6.93993,6.93993,6.18286,6.54938,3.03665
91.28285761,7.18632,7.18632,6.51342,6.81282,2.64488
91.28965383,7.40971,7.40971,6.8226,7.0549,2.22551
91.29847207,7.65111,7.65111,7.1738,7.32206,1.66354
91.30780758,7.84777,7.84777,7.48535,7.54779,1.04862
91.3264786,8.06351,8.06351,7.92676,7.82663,-0.231594
91.33719908,8.08235,8.08235,8.07231,7.88437,-0.991189
91.34214933,8.06561,8.06561,8.11326,7.88617,-1.34644
91.34505497,8.04838,8.04838,8.12964,7.87999,-1.556
91.34631033,8.03926,8.03926,8.13499,7.87569,-1.64653
91.34882105,8.01805,8.01805,8.14256,7.86414,-1.8278
91.35384248,7.96377,7.96377,8.14532,7.8294,-2.18974
91.36388534,7.8088,7.8088,8.10212,7.71416,-2.9049
91.38397107,7.32194,7.32194,7.82782,7.30818,-4.24042
91.39702429,6.88467,6.88467,7.51992,6.92374,-5.00095
91.40281815,6.66119,6.66119,7.35146,6.72361,-5.3057
91.40839139,6.42994,6.42994,7.17163,6.51468,-5.57764
91.41386556,6.18782,6.18782,6.97849,6.29428,-5.82427
91.41967389,5.91526,5.91526,6.75617,6.04444,-6.06418
91.43129054,5.32439,5.32439,6.26017,5.49779,-6.47885
91.4424513,4.70265,4.70265,5.72227,4.9167,-6.79726
91.45269162,4.08887,4.08887,5.17897,4.33856,-7.02172
91.46349828,3.4,3.4,4.55764,3.68554,-7.18953
91.47346612,2.73044,2.73044,3.94405,3.04743,-7.28243
91.4934018,1.30884,1.30884,2.61573,1.68388,-7.29559
91.52748737,-1.29825,-1.29825,0.105693,-0.842517,-6.8184
91.52839389,-1.37069,-1.37069,0.0347833,-0.913165,-6.79658
91.53020693,-1.51557,-1.51557,-0.107375,-1.05446,-6.75294
91.533833,-1.80626,-1.80626,-0.393246,-1.33827,-6.66031
91.53485046,-1.88783,-1.88783,-0.473829,-1.4182,-6.63297
91.53567556,-1.95413,-1.95413,-0.539294,-1.48302,-6.6108
91.53662925,-2.03076,-2.03076,-0.615087,-1.55811,-6.58424
91.53784714,-2.12862,-2.12862,-0.712069,-1.654,-6.55033
91.53935339,-2.24966,-2.24966,-0.8323,-1.77291,-6.50645
91.54099983,-2.38196,-2.38196,-0.964136,-1.90289,-6.45849
91.54163505,-2.433,-2.433,-1.015,-1.95304,-6.43914
91.54243814,-2.49754,-2.49754,-1.07951,-2.01656,-6.41469
91.5433513,-2.57077,-2.57077,-1.15286,-2.08878,-6.38689
91.5453784,-2.73334,-2.73334,-1.31613,-2.24911,-6.32306
91.54688376,-2.85355,-2.85355,-1.43766,-2.36817,-6.27442
91.54953891,-3.06556,-3.06556,-1.65255,-2.57774,-6.18607
91.55201116,-3.26177,-3.26177,-1.85335,-2.77287,-6.1009
91.55498304,-3.49609,-3.49609,-2.09473,-3.00619,-5.99485
91.55565222,-3.54852,-3.54852,-2.14919,-3.05873,-5.97029
91.55651699,-3.61627,-3.61627,-2.21956,-3.12628,-5.93855
91.55745677,-3.68946,-3.68946,-2.29605,-3.19969,-5.90334
91.55847477,-3.76875,-3.76875,-2.37889,-3.27879,-5.86519
91.55989147,-3.87837,-3.87837,-2.49418,-3.38886,-5.81105
91.56239202,-4.07021,-4.07021,-2.69739,-3.58163,-5.71337
91.56739313,-4.44631,-4.44631,-3.10183,-3.96118,-5.51002
91.57739534,-5.15763,-5.15763,-3.89332,-4.68472,-5.07256
91.58383322,-5.58,-5.58,-4.38429,-5.11794,-4.77002
91.58672859,-5.75979,-5.75979,-4.59912,-5.30303,-4.62875
91.58830721,-5.85497,-5.85497,-4.71439,-5.40114,-4.54995
91.58980144,-5.94316,-5.94316,-4.82212,-5.4921,-4.47537
91.59188791,-6.06323,-6.06323,-4.97006,-5.61598,-4.36928
91.59389804,-6.17554,-6.17554,-5.10966,-5.73195,-4.26559
91.59647939,-6.31504,-6.31504,-5.28433,-5.87616,-4.13036
91.59879252,-6.4356,-6.4356,-5.4362,-6.00098,-4.00722
91.59984424,-6.48876,-6.48876,-5.50372,-6.05609,-3.9505
91.60056391,-6.52514,-6.52514,-5.54912,-6.09381,-3.91169
91.6013174,-6.56208,-6.56208,-5.59666,-6.13217,-3.87054
91.60280768,-6.63514,-6.63514,-5.68874,-6.20804,-3.78917
91.6055271,-6.7634,-6.7634,-5.85193,-6.34157,-3.63848
91.61039739,-6.97951,-6.97951,-6.12914,-6.56748,-3.36275
91.61647067,-7.22485,-7.22485,-6.44885,-6.82581,-3.00878
91.62338259,-7.47191,-7.47191,-6.77902,-7.08874,-2.59296
91.63049029,-7.69069,-7.69069,-7.08222,-7.32505,-2.15185
91.63836621,-7.89178,-7.89178,-7.37613,-7.547,-1.64827
91.65411806,-8.16595,-8.16595,-7.83408,-7.86712,-0.600913
91.67683376,-8.26979,-8.26979,-8.197,-8.04569,0.978178
91.68427297,-8.23023,-8.23023,-8.24045,-8.03258,1.50806
91.68712521,-8.2056,-8.2056,-8.24737,-8.01832,1.71224
91.68986419,-8.17711,-8.17711,-8.24901,-7.99989,1.90831
91.69279749,-8.1414,-8.1414,-8.24537,-7.97507,2.11806
91.69866407,-8.05412,-8.05412,-8.22156,-7.90986,2.5352
91.71039725,-7.81783,-7.81783,-8.10917,-7.71862,3.34896
91.7338636,-7.11315,-7.11315,-7.63758,-7.1057,4.79287
91.74152082,-6.81844,-6.81844,-7.41433,-6.84111,5.1986
91.74894118,-6.50422,-6.50422,-7.16692,-6.55593,5.55535
91.75379802,-6.28384,-6.28384,-6.98889,-6.35442,5.76891
91.75926901,-6.02222,-6.02222,-6.77359,-6.11383,5.99069
91.770211,-5.4588,-5.4588,-6.29815,-5.59153,6.3761
91.78029487,-4.89472,-4.89472,-5.80942,-5.06395,6.66408
91.78993842,-4.31774,-4.31774,-5.29922,-4.52052,6.8803
91.7979559,-3.81198,-3.81198,-4.84498,-4.04164,7.01665
91.80644599,-3.25263,-3.25263,-4.33614,-3.50972,7.11867
91.82342617,-2.07003,-2.07003,-3.24185,-2.37878,7.19511
91.85738653,0.483558,0.483558,-0.812039,0.0855678,6.86632
91.87422961,1.8133,1.8133,0.489873,1.38415,6.47603
91.88195271,2.42921,2.42921,1.10382,1.99046,6.24892
91.88471647,2.64962,2.64962,1.32567,2.2084,6.16052
91.88576269,2.73305,2.73305,1.40996,2.2909,6.12585
91.88674907,2.81145,2.81145,1.48942,2.36868,6.09316
91.88872183,2.96823,2.96823,1.64872,2.52425,6.02596
91.89112952,3.15859,3.15859,1.8437,2.71337,5.94151
91.89323392,3.32392,3.32392,2.01411,2.87866,5.86519
91.89397446,3.38209,3.38209,2.07408,2.93653,5.83834
91.89553126,3.50365,3.50365,2.20036,3.05817,5.78034
91.89742773,3.65086,3.65086,2.35419,3.20566,5.70823
91.89868537,3.74791,3.74791,2.45621,3.30274,5.65954
91.9008224,3.91164,3.91164,2.62934,3.4677,5.57522
91.90509646,4.23388,4.23388,2.97432,3.79287,5.40072
91.91364459,4.85119,4.85119,3.65354,4.42,5.029
91.92015899,5.29157,5.29157,4.15623,4.87079,4.72603
91.92373359,5.52036,5.52036,4.42485,5.10613,4.55275
91.92549234,5.62925,5.62925,4.55436,5.21838,4.4654
91.92643106,5.68609,5.68609,4.62348,5.27704,4.41877
91.9270147,5.72143,5.72143,4.66583,5.3135,4.38928
91.92759323,5.75574,5.75574,4.7078,5.34892,4.36004
91.92841765,5.80464,5.80464,4.76689,5.39939,4.31837
91.92927471,5.85464,5.85464,4.82831,5.45102,4.27435
91.93098884,5.95282,5.95282,4.9492,5.55241,4.1863
91.93441709,6.14198,6.14198,5.18446,5.74796,4.00656
91.93696978,6.27675,6.27675,5.35356,5.88747,3.87007
91.93889595,6.37505,6.37505,5.47753,5.98938,3.76559
91.94045015,6.45229,6.45229,5.57518,6.06955,3.68038
91.94139642,6.49779,6.49779,5.63358,6.11748,3.62784
91.94314787,6.582,6.582,5.73965,6.20444,3.53058
91.94665075,6.74233,6.74233,5.94405,6.37166,3.33258
91.94927791,6.8561,6.8561,6.09016,6.49078,3.1813
91.9527808,7.00046,7.00046,6.27706,6.64247,2.97654
91.9576694,7.18727,7.18727,6.52236,6.83996,2.68479
91.96265333,7.36015,7.36015,6.75409,7.02429,2.3804
91.97091005,7.60785,7.60785,7.09814,7.29218,1.86168
91.97867386,7.79712,7.79712,7.37706,7.50182,1.35861
91.99420148,8.05106,8.05106,7.80797,7.80022,0.314351
92.00735504,8.13866,8.13866,8.04271,7.92899,-0.603436
92.01440924,8.13824,8.13824,8.12,7.95187,-1.10562
92.01889509,8.12105,8.12105,8.15172,7.94988,-1.42749
92.0216818,8.1038,8.1038,8.16464,7.94223,-1.62821
92.02353545,8.08958,8.08958,8.1704,7.93445,-1.76172
92.02724274,8.05463,8.05463,8.17513,7.91248,-2.02874
92.03465734,7.95902,7.95902,8.15781,7.84332,-2.55973
92.04948654,7.66841,7.66841,8.01876,7.60688,-3.58708
92.06123904,7.34724,7.34724,7.81237,7.32943,-4.34545
92.07109717,7.01848,7.01848,7.57584,7.03755,-4.925
92.07522203,6.86528,6.86528,7.46006,6.89977,-5.14948
92.0785263,6.73609,6.73609,7.36032,6.78292,-5.32078
92.08116107,6.62905,6.62905,7.27641,6.68568,-5.4518
92.08387925,6.51494,6.51494,7.18584,6.58165,-5.58183
92.08931561,6.2758,6.2758,6.99272,6.36253,-5.82666
92.10018833,5.75568,5.75568,6.56017,5.88166,-6.25789
92.11063244,5.20615,5.20615,6.08895,5.36855,-6.60087
92.12114948,4.6066,4.6066,5.56226,4.80421,-6.87737
92.13242645,3.91626,3.91626,4.94321,4.14993,-7.09849
92.14306398,3.22387,3.22387,4.31144,3.4899,-7.23671
92.15648951,2.29941,2.29941,3.45413,2.60398,-7.3157
92.18334056,0.317199,0.317199,1.57406,0.690671,-7.16812
92.20258437,-1.18668,-1.18668,0.115447,-0.77165,-6.82319
92.21194565,-1.93496,-1.93496,-0.621791,-1.50411,-6.58609
92.21747482,-2.3791,-2.3791,-1.0641,-1.94096,-6.42556
92.22001696,-2.5833,-2.5833,-1.26895,-2.14257,-6.34675
92.22068825,-2.63722,-2.63722,-1.32323,-2.19581,-6.32522
92.22203084,-2.74471,-2.74471,-1.43179,-2.30229,-6.28215
92.22471601,-2.9597,-2.9597,-1.64951,-2.51494,-6.19308
92.22723502,-3.16027,-3.16027,-1.85451,-2.71443,-6.1065
92.23008496,-3.38586,-3.38586,-2.08644,-2.93906,-6.00509
92.23074523,-3.43775,-3.43775,-2.14028,-2.9911,-5.98094
92.2316309,-3.50736,-3.50736,-2.21251,-3.06059,-5.94854
92.23252617,-3.57772,-3.57772,-2.28552,-3.13084,-5.91512
92.23352618,-3.6557,-3.6557,-2.36707,-3.20893,-5.87778
92.23478529,-3.75388,-3.75388,-2.46975,-3.30725,-5.82989
92.23692841,-3.91956,-3.91956,-2.64436,-3.47354,-5.7468
92.24121467,-4.24584,-4.24584,-2.99235,-3.80213,-5.5747
92.24978718,-4.87168,-4.87168,-3.67781,-4.43644,-5.20764
92.2563254,-5.31924,-5.31924,-4.18576,-4.89325,-4.90784
92.25999348,-5.55712,-5.55712,-4.46327,-5.13713,-4.73234
92.26178756,-5.66965,-5.66965,-4.59623,-5.25275,-4.64431
92.26273795,-5.72792,-5.72792,-4.66666,-5.31266,-4.59768
92.26343304,-5.77053,-5.77053,-4.71738,-5.35647,-4.56304
92.26406918,-5.80864,-5.80864,-4.76379,-5.39568,-4.53135
92.26505583,-5.86775,-5.86775,-4.83473,-5.45648,-4.48158
92.26610419,-5.92938,-5.92938,-4.9101,-5.5199,-4.4287
92.26820093,-6.04991,-6.04991,-5.05786,-5.64397,-4.32138
92.27103256,-6.20705,-6.20705,-5.25214,-5.80587,-4.17399
92.27327525,-6.32698,-6.32698,-5.40142,-5.9296,-4.05527
92.27502314,-6.41773,-6.41773,-5.51481,-6.02334,-3.96135
92.27567982,-6.45094,-6.45094,-5.55639,-6.05768,-3.92607
92.27680542,-6.50785,-6.50785,-5.62767,-6.11655,-3.86472
92.27786877,-6.56048,-6.56048,-5.69368,-6.17103,-3.80676
92.27988124,-6.65774,-6.65774,-5.81596,-6.27188,-3.69569
92.28390618,-6.84328,-6.84328,-6.05048,-6.46482,-3.46965
92.29195606,-7.17896,-7.17896,-6.48131,-6.81636,-3.0027
92.29973322,-7.4591,-7.4591,-6.85112,-7.11327,-2.53377
92.30721855,-7.68828,-7.68828,-7.16537,-7.35994,-2.06704
92.3153344,-7.89249,-7.89249,-7.46097,-7.5846,-1.54533
92.3315661,-8.16526,-8.16526,-7.91441,-7.90256,-0.460217
92.34902631,-8.26161,-8.26161,-8.20108,-8.05318,0.756044
92.35619322,-8.24302,-8.24302,-8.25917,-8.05841,1.26657
92.36041131,-8.21654,-8.21654,-8.27738,-8.04633,1.56907
92.36173603,-8.20533,-8.20533,-8.2801,-8.03969,1.66407
92.36305062,-8.19419,-8.19419,-8.28279,-8.03311,1.7585
92.36567981,-8.16757,-8.16757,-8.28367,-8.01568,1.94735
92.37093819,-8.10146,-8.10146,-8.27203,-7.96819,2.32381
92.38145494,-7.91892,-7.91892,-8.19613,-7.82371,3.06441
92.40248844,-7.36284,-7.36284,-7.84228,-7.34558,4.42611
92.4112484,-7.05866,-7.05866,-7.61757,-7.07426,4.92853
92.41603678,-6.87502,-6.87502,-7.47609,-6.90859,5.183
92.42059733,-6.68915,-6.68915,-7.32945,-6.73978,5.41062
92.42396934,-6.545,-6.545,-7.21372,-6.60819,5.56955
92.42773674,-6.37737,-6.37737,-7.07722,-6.45452,5.73779
92.43527154,-6.02201,-6.02201,-6.78205,-6.12673,6.04573
92.44437933,-5.55817,-5.55817,-6.38714,-5.69548,6.3686
92.45375772,-5.04341,-5.04341,-5.93879,-5.21318,6.64592
92.46265449,-4.52234,-4.52234,-5.47632,-4.72176,6.85819
92.47176932,-3.95773,-3.95773,-4.96723,-4.18636,7.02513
92.48072787,-3.3747,-3.3747,-4.43424,-3.63089,7.14005
92.49806129,-2.17787,-2.17787,-3.32123,-2.48408,7.22744
92.53272811,0.416301,0.416301,-0.841435,0.0241898,6.89878
92.55045764,1.81258,1.81258,0.53197,1.39062,6.48382
92.55844566,2.44834,2.44834,1.16904,2.01798,6.24475
92.56131784,2.67693,2.67693,1.40037,2.24458,6.15112
92.56240343,2.76333,2.76333,1.48813,2.33023,6.11444
92.56342582,2.84438,2.84438,1.57078,2.41089,6.07989
92.56547061,3.00648,3.00648,1.73658,2.57188,6.00884
92.56753086,3.16897,3.16897,1.90363,2.7341,5.93531
92.57001685,3.36395,3.36395,2.1057,2.92887,5.84403
92.5707463,3.42083,3.42083,2.165,2.98603,5.81658
92.57161355,3.48846,3.48846,2.23549,3.05365,5.78394
92.57258131,3.56347,3.56347,2.31416,3.12911,5.74675
92.57361218,3.64337,3.64337,2.39795,3.20904,5.70714
92.5751419,3.76115,3.76115,2.5223,3.32765,5.64717
92.57790061,3.97157,3.97157,2.74612,3.53975,5.53645
92.58341803,4.38314,4.38314,3.19095,3.95645,5.30535
92.59445286,5.15513,5.15513,4.05643,4.74434,4.80604
92.59997859,5.51094,5.51094,4.47281,5.11028,4.53801
92.6027279,5.67933,5.67933,4.67459,5.28397,4.40031
92.60424926,5.76989,5.76989,4.78444,5.37747,4.3225
92.60568747,5.85373,5.85373,4.88696,5.46407,4.24894
92.60737261,5.94979,5.94979,5.00529,5.56334,4.16134
92.60974616,6.08115,6.08115,5.1684,5.69919,4.03625
92.61172633,6.18728,6.18728,5.30109,5.80907,3.93039
92.61383289,6.29678,6.29678,5.43867,5.92257,3.81613
92.61427348,6.31906,6.31906,5.46675,5.94569,3.79223
92.61536184,6.3741,6.3741,5.5361,6.00281,3.73241
92.61605254,6.40818,6.40818,5.57913,6.03823,3.69444
92.61702666,6.45625,6.45625,5.63982,6.08818,3.64013
92.61897489,6.54972,6.54972,5.75813,6.18547,3.53153
92.62216394,6.69661,6.69661,5.9449,6.33874,3.35061
92.62854202,6.96796,6.96796,6.29389,6.62344,2.97933
92.63520182,7.21983,7.21983,6.62474,6.89016,2.57882
92.6416792,7.43437,7.43437,6.91478,7.12009,2.17743
92.65105746,7.69257,7.69257,7.28085,7.40219,1.57726
92.66205502,7.91742,7.91742,7.63059,7.65742,0.847743
92.68405013,8.12162,8.12162,8.0789,7.92904,-0.675775
92.69210749,8.11579,8.11579,8.16034,7.94992,-1.25088
92.7000919,8.06849,8.06849,8.19814,7.92999,-1.82469
92.7022728,8.04845,8.04845,8.20109,7.91758,-1.98169
92.70441663,8.02583,8.02583,8.20095,7.9025,-2.13603
92.7087043,7.97198,7.97198,8.19169,7.86389,-2.44353
92.71727962,7.83057,7.83057,8.13781,7.75342,-3.04996
92.73443028,7.41834,7.41834,7.89313,7.40425,-4.19037
92.74652913,7.02791,7.02791,7.61418,7.05869,-4.90703
92.75182441,6.83192,6.83192,7.46511,6.88234,-5.1929
92.75690766,6.62998,6.62998,7.30705,6.69916,-5.44939
92.760518,6.47855,6.47855,7.18606,6.56099,-5.62071
92.76450103,6.30398,6.30398,7.04437,6.40096,-5.79939
92.7724671,5.93211,5.93211,6.73586,6.05775,-6.12524
92.78151048,5.47473,5.47473,6.34641,5.63208,-6.44559
92.79060984,4.97869,4.97869,5.91427,5.16685,-6.71589
92.79925652,4.47597,4.47597,5.46803,4.6923,-6.92517
92.80706825,3.99712,3.99712,5.0366,4.23798,-7.07488
92.81518491,3.47647,3.47647,4.56155,3.74189,-7.19136
92.83141822,2.37274,2.37274,3.53755,2.6844,-7.30738
92.86388484,-0.0262866,-0.0262866,1.2509,0.365635,-7.09518
92.8848374,-1.66824,-1.66824,-0.359361,-1.2394,-6.66012
92.89337542,-2.34866,-2.34866,-1.04003,-1.91038,-6.41858
92.89651581,-2.59926,-2.59926,-1.29334,-2.15879,-6.32068
92.89881069,-2.78239,-2.78239,-1.47927,-2.34033,-6.24615
92.90103692,-2.95938,-2.95938,-1.66013,-2.51643,-6.17151
92.90331693,-3.1399,-3.1399,-1.84596,-2.69617,-6.09272
92.90561759,-3.32095,-3.32095,-2.03348,-2.87754,-6.01048
92.90626059,-3.37155,-3.37155,-2.08588,-2.92797,-5.9875
92.90780569,-3.49241,-3.49241,-2.21206,-3.04917,-5.93072
92.90974273,-3.64307,-3.64307,-2.37024,-3.20045,-5.85804
92.91109806,-3.74785,-3.74785,-2.48091,-3.30585,-5.80621
92.91345638,-3.92878,-3.92878,-2.67326,-3.4882,-5.71412
92.91817303,-4.28425,-4.28425,-3.0563,-3.84783,-5.52282
92.92760633,-4.96105,-4.96105,-3.80804,-4.53742,-5.11278
92.93450233,-5.41987,-5.41987,-4.33873,-5.0085,-4.79068
92.93757301,-5.613,-5.613,-4.56851,-5.20765,-4.64133
92.93922983,-5.7141,-5.7141,-4.69048,-5.31204,-4.55887
92.9405594,-5.79359,-5.79359,-4.78722,-5.39417,-4.49269
92.94183423,-5.86842,-5.86842,-4.87892,-5.47151,-4.42795
92.94312053,-5.94256,-5.94256,-4.97034,-5.54817,-4.36262
92.94569314,-6.08681,-6.08681,-5.14957,-5.69743,-4.22961
92.94776727,-6.19926,-6.19926,-5.29035,-5.81391,-4.12069
92.95012054,-6.32276,-6.32276,-5.44579,-5.942,-3.99512
92.95059182,-6.34676,-6.34676,-5.47625,-5.96693,-3.96997
92.95106182,-6.3707,-6.3707,-5.50662,-5.99179,-3.94452
92.95179196,-6.40788,-6.40788,-5.55305,-6.03041,-3.90498
92.95245799,-6.4409,-6.4409,-5.59541,-6.06475,-3.86891
92.95370462,-6.50269,-6.50269,-5.67324,-6.12902,-3.80076
92.95561075,-6.59445,-6.59445,-5.78966,-6.22462,-3.69556
92.95942302,-6.7699,-6.7699,-6.01346,-6.40797,-3.48167
92.96704755,-7.08913,-7.08913,-6.4266,-6.74385,-3.04051
92.97498682,-7.37731,-7.37731,-6.81001,-7.05073,-2.56322
92.98235465,-7.60492,-7.60492,-7.12454,-7.29694,-2.10499
92.98980481,-7.79655,-7.79655,-7.40313,-7.5086,-1.62782
93.00470515,-8.06561,-8.06561,-7.84386,-7.82116,-0.637481
93.02678482,-8.19226,-8.19226,-8.21802,-8.01947,0.896055
93.03420252,-8.1631,-8.1631,-8.26989,-8.01612,1.42444
93.03674133,-8.14496,-8.14496,-8.27921,-8.007,1.60642
93.03840413,-8.13086,-8.13086,-8.28301,-7.99884,1.7256
93.04000291,-8.11565,-8.11565,-8.28495,-7.9894,1.8402
93.04320047,-8.08048,-8.08048,-8.28386,-7.96581,2.06927
93.04959559,-7.99129,-7.99129,-8.26195,-7.90009,2.52479
93.06238583,-7.7397,-7.7397,-8.14096,-7.69634,3.41118
93.08796632,-6.96281,-6.96281,-7.6063,-7.01612,4.95273
93.09703415,-6.60319,-6.60319,-7.32596,-6.69066,5.41092
93.10522898,-6.24269,-6.24269,-7.03379,-6.36067,5.77978
93.11453748,-5.79475,-5.79475,-6.65932,-5.94666,6.14566
93.12388981,-5.30584,-5.30584,-6.23953,-5.4908,6.4572
93.13390098,-4.74209,-4.74209,-5.74437,-4.96104,6.72963
93.14377388,-4.14807,-4.14807,-5.2124,-4.39906,6.93748
93.15333219,-3.53973,-3.53973,-4.65874,-3.82031,7.08202
93.16250539,-2.92769,-2.92769,-4.09413,-3.23535,7.16907
93.18085179,-1.63292,-1.63292,-2.87912,-1.9908,7.19565
93.21754458,1.15222,1.15222,-0.189256,0.712527,6.69733
93.23050932,2.1758,2.1758,0.829642,1.71919,6.3526
93.236938,2.68476,2.68476,1.34497,2.22357,6.15056
93.23913451,2.85866,2.85866,1.52231,2.39616,6.07694
93.24118166,3.02005,3.02005,1.68817,2.55702,6.00628
93.24336464,3.19141,3.19141,1.86504,2.7278,5.92882
93.24608369,3.40354,3.40354,2.08598,2.94052,5.82931
93.24766779,3.52636,3.52636,2.2147,3.06364,5.76981
93.24863275,3.60071,3.60071,2.29311,3.13864,5.7328
93.2496529,3.67931,3.67931,2.376,3.21743,5.69368
93.2511234,3.79185,3.79185,2.49548,3.33099,5.63617
93.25373915,3.99022,3.99022,2.70768,3.53133,5.53155
93.25897065,4.37855,4.37855,3.12968,3.92529,5.3136
93.26943366,5.10968,5.10968,3.95319,4.67323,4.84424
93.27584291,5.52084,5.52084,4.43777,5.09748,4.53545
93.27873686,5.69631,5.69631,4.65032,5.27918,4.39087
93.28047625,5.79853,5.79853,4.77583,5.38516,4.30247
93.28212762,5.89327,5.89327,4.89323,5.48345,4.21753
93.283826,5.98837,5.98837,5.01202,5.58218,4.12914
93.28715466,6.16804,6.16804,5.23847,5.7689,3.95298
93.28892469,6.26,6.26,5.35526,5.86462,3.85742
93.28998384,6.31362,6.31362,5.42362,5.92051,3.80024
93.29054687,6.34213,6.34213,5.45996,5.95021,3.76939
93.29183024,6.40567,6.40567,5.54115,6.01651,3.69909
93.29386526,6.50387,6.50387,5.6669,6.11911,3.5863
93.29633504,6.61887,6.61887,5.81474,6.23954,3.4476
93.30087611,6.81856,6.81856,6.07344,6.44949,3.18754
93.30807091,7.10424,7.10424,6.45009,6.75227,2.76274
93.31701164,7.4076,7.4076,6.86378,7.07843,2.21443
93.32483874,7.62681,7.62681,7.17798,7.31902,1.71713
93.33309867,7.81179,7.81179,7.46209,7.52798,1.17639
93.34961853,8.04189,8.04189,7.88733,7.80997,0.0536723
93.36112092,8.09395,8.09395,8.07244,7.90096,-0.755084
93.36693105,8.08703,8.08703,8.13172,7.91449,-1.17026
93.37264328,8.0589,8.0589,8.16791,7.90693,-1.58099
93.37572488,8.03502,8.03502,8.17841,7.89432,-1.80321
93.37879633,8.00526,8.00526,8.18265,7.87589,-2.02469
93.38493924,7.92813,7.92813,8.17269,7.82171,-2.46571
93.39722506,7.70532,7.70532,8.08056,7.64566,-3.32765
93.42179669,7.00222,7.00222,7.62124,7.03722,-4.85413
93.42291485,6.96123,6.96123,7.5907,7.00056,-4.91671
93.42515116,6.87924,6.87924,7.52963,6.92725,-5.03964
93.42670511,6.82052,6.82052,7.4853,6.87454,-5.12306
93.42868421,6.74395,6.74395,7.42688,6.80562,-5.2267
93.43012726,6.68686,6.68686,7.3829,6.75409,-5.30042
93.43301334,6.5695,6.5695,7.29148,6.64782,-5.44332
93.43832713,6.34258,6.34258,7.11123,6.44118,-5.69113
93.4475083,5.91856,5.91856,6.76439,6.05162,-6.07471
93.45845345,5.36284,5.36284,6.29466,5.5357,-6.46088
93.46837651,4.8145,4.8145,5.81845,5.02201,-6.74585
93.47854895,4.21154,4.21154,5.28351,4.45305,-6.97495
93.48749291,3.64967,3.64967,4.77639,3.91978,-7.1244
93.49687356,3.0311,3.0311,4.2101,3.32991,-7.22967
93.51563485,1.71687,1.71687,2.9843,2.06898,-7.28628
93.55315745,-1.12683,-1.12683,0.248799,-0.687488,-6.82376
93.56640965,-2.17534,-2.17534,-0.792417,-1.7177,-6.48439
93.57296471,-2.69589,-2.69589,-1.31857,-2.23312,-6.28419
93.57521716,-2.87477,-2.87477,-1.50077,-2.41056,-6.2106
93.57731212,-3.04045,-3.04045,-1.67071,-2.57558,-6.14002
93.57953269,-3.21533,-3.21533,-1.8514,-2.74975,-6.063
93.58226026,-3.4288,-3.4288,-2.07335,-2.96368,-5.96536
93.58383526,-3.55131,-3.55131,-2.20173,-3.08641,-5.90745
93.58479916,-3.62582,-3.62582,-2.2803,-3.16152,-5.87126
93.58581833,-3.7046,-3.7046,-2.36338,-3.24042,-5.83299
93.5872955,-3.81802,-3.81802,-2.48378,-3.35479,-5.7764
93.58993066,-4.01849,-4.01849,-2.69825,-3.55711,-5.67311
93.59520097,-4.41086,-4.41086,-3.12484,-3.95487,-5.45769
93.6057416,-5.14897,-5.14897,-3.9575,-4.7093,-4.99294
93.61216713,-5.5617,-5.5617,-4.44524,-5.13469,-4.68818
93.61358809,-5.64895,-5.64895,-4.55074,-5.22497,-4.61847
93.61386257,-5.66552,-5.66552,-4.57112,-5.24213,-4.60501
93.61414289,-5.68245,-5.68245,-4.59169,-5.25966,-4.59125
93.61452251,-5.70538,-5.70538,-4.61956,-5.2834,-4.57238
93.61513214,-5.74162,-5.74162,-4.6643,-5.32094,-4.54206
93.61577552,-5.77988,-5.77988,-4.71096,-5.36055,-4.51007
93.61671682,-5.83498,-5.83498,-4.77923,-5.41763,-4.46251
93.61856396,-5.94097,-5.94097,-4.9111,-5.52746,-4.36918
93.62158986,-6.10866,-6.10866,-5.12183,-5.70137,-4.21316
93.623952,-6.23452,-6.23452,-5.28143,-5.83209,-4.08913
93.62622841,-6.35171,-6.35171,-5.43088,-5.95398,-3.96779
93.62731997,-6.4065,-6.4065,-5.50095,-6.01103,-3.90883
93.62812256,-6.44596,-6.44596,-5.55151,-6.05217,-3.86548
93.62895745,-6.487,-6.487,-5.6041,-6.09497,-3.81978
93.63062724,-6.56703,-6.56703,-5.70689,-6.17853,-3.72837
93.63396682,-6.72092,-6.72092,-5.90544,-6.33963,-3.5424
93.64034297,-6.99221,-6.99221,-6.25973,-6.6253,-3.17768
93.64697859,-7.24358,-7.24358,-6.59527,-6.89256,-2.78528
93.65322403,-7.45168,-7.45168,-6.88124,-7.11651,-2.40463
93.66148158,-7.68492,-7.68492,-7.21621,-7.37205,-1.88574
93.67447018,-7.95668,-7.95668,-7.6459,-7.68184,-1.03759
93.69417751,-8.15229,-8.15229,-8.07592,-7.94122,0.309683
93.7056289,-8.14847,-8.14847,-8.20486,-7.97742,1.11809
93.71096529,-8.11772,-8.11772,-8.235,-7.96598,1.49914
93.71286201,-8.10241,-8.10241,-8.24117,-7.95763,1.63504
93.71463428,-8.08605,-8.08605,-8.24479,-7.94781,1.76203
93.71767789,-8.0534,-8.0534,-8.24626,-7.92648,1.9801
93.72376509,-7.97103,-7.97103,-8.23128,-7.867,2.41432
93.73593951,-7.73985,-7.73985,-8.13122,-7.68246,3.26326
93.76028835,-7.02801,-7.02801,-7.66405,-7.06502,4.77104
93.76826513,-6.72493,-6.72493,-7.43563,-6.79287,5.19554
93.77600069,-6.40004,-6.40004,-7.18026,-6.49772,5.56784
93.7809201,-6.17815,-6.17815,-7.00103,-6.29454,5.78384
93.78641254,-5.91696,-5.91696,-6.78594,-6.05399,6.00599
93.79594121,-5.43186,-5.43186,-6.37684,-5.60383,6.34495
93.80586364,-4.88591,-4.88591,-5.90448,-5.09287,6.63662
93.81510731,-4.34217,-4.34217,-5.42409,-4.58038,6.85306
93.82308953,-3.84714,-3.84714,-4.97967,-4.11126,6.99767
93.8313989,-3.30859,-3.30859,-4.48969,-3.59863,7.10714
93.84801763,-2.1692,-2.1692,-3.43466,-2.50785,7.20327
93.88125509,0.296383,0.296383,-1.0852,-0.125518,6.93059
93.88956446,0.95217,0.95217,-0.444954,0.513189,6.74949
93.89839217,1.65323,1.65323,0.243831,1.19776,6.53127
93.90211285,1.95005,1.95005,0.537162,1.48829,6.42974
93.90335409,2.04908,2.04908,0.635431,1.58557,6.39421
93.90437074,2.13018,2.13018,0.716142,1.66524,6.36511
93.90537656,2.21043,2.21043,0.795993,1.74407,6.33506
93.9073882,2.37091,2.37091,0.956293,1.90215,6.27496
93.90799861,2.41961,2.41961,1.00493,1.95011,6.25595
93.90970353,2.55563,2.55563,1.14124,2.08409,6.20285
93.91168489,2.71323,2.71323,1.30005,2.23993,6.13912
93.91305241,2.82201,2.82201,1.40989,2.34748,6.09407
93.91539444,3.00757,3.00757,1.59841,2.5313,6.01489
93.91791816,3.20659,3.20659,1.80218,2.72938,5.92676
93.92000021,3.36963,3.36963,1.9703,2.89192,5.85188
93.92127886,3.46975,3.46975,2.07378,2.99174,5.80475
93.9218749,3.51604,3.51604,2.12202,3.03828,5.78278
93.92356989,3.64768,3.64768,2.25919,3.16976,5.71896
93.92455776,3.7238,3.7238,2.33914,3.24639,5.68093
93.92570019,3.81182,3.81182,2.4316,3.33431,5.63695
93.92756416,3.95426,3.95426,2.58232,3.47778,5.56357
93.93118891,4.22754,4.22754,2.87464,3.75342,5.41661
93.9384384,4.7556,4.7556,3.45279,4.2893,5.10624
93.94438655,5.16638,5.16638,3.91705,4.70922,4.83568
93.94587359,5.26492,5.26492,4.03108,4.81047,4.76539
93.94884767,5.45787,5.45787,4.25676,5.00908,4.62278
93.95109307,5.59916,5.59916,4.42453,5.15484,4.51266
93.95211655,5.66187,5.66187,4.49985,5.21966,4.46246
93.95288928,5.70923,5.70923,4.55672,5.2686,4.42383
93.95329465,5.73356,5.73356,4.58655,5.29377,4.40357
93.95402847,5.7776,5.7776,4.63981,5.33933,4.36689
93.95465123,5.81434,5.81434,4.68501,5.37733,4.3354
93.95530327,5.85279,5.85279,4.73173,5.41712,4.30242
93.95627134,5.90897,5.90897,4.80109,5.47525,4.25274
93.95817095,6.01693,6.01693,4.93497,5.58701,4.15526
93.96131926,6.18938,6.18938,5.15102,5.7657,3.99034
93.9637507,6.31714,6.31714,5.31253,5.89828,3.86061
93.96598055,6.43023,6.43023,5.4563,6.01582,3.73987
93.96751397,6.50578,6.50578,5.55264,6.09444,3.65586
93.96839224,6.54774,6.54774,5.60688,6.1382,3.60717
93.96989793,6.61968,6.61968,5.69831,6.21321,3.52371
93.9729093,6.75748,6.75748,5.87542,6.35728,3.35417
93.97851512,6.99621,6.99621,6.18552,6.60817,3.03102
93.98478144,7.23603,7.23603,6.50321,6.86239,2.6587
93.99113402,7.45038,7.45038,6.79517,7.09225,2.26992
94.00017313,7.70613,7.70613,7.16004,7.37169,1.69857
94.00942987,7.9088,7.9088,7.47334,7.60052,1.09328
94.02794336,8.13843,8.13843,7.92101,7.88766,-0.167639
94.0388176,8.16607,8.16607,8.07435,7.952,-0.933814
94.04389189,8.15224,8.15224,8.11848,7.95597,-1.29626
94.046402,8.13917,8.13917,8.13391,7.95186,-1.4765
94.0473833,8.13235,8.13235,8.13816,7.94857,-1.54697
94.04934589,8.1187,8.1187,8.14667,7.94199,-1.68809
94.05327107,8.08284,8.08284,8.15481,7.92045,-1.97034
94.06112143,7.98227,7.98227,8.14105,7.84903,-2.53173
94.07682215,7.6697,7.6697,7.99649,7.59625,-3.61571
94.08877507,7.33574,7.33574,7.78475,7.30865,-4.38128
94.09884844,6.99267,6.99267,7.54041,7.00484,-4.9664
94.10300117,6.83528,6.83528,7.4225,6.86362,-5.18904
94.10697214,6.67636,6.67636,7.30063,6.72012,-5.39074
94.11005443,6.54746,6.54746,7.19999,6.60315,-5.53967
94.11349648,6.39791,6.39791,7.08147,6.46685,-5.69819
94.12038058,6.08164,6.08164,6.82549,6.17682,-5.99136
94.1292568,5.64136,5.64136,6.45933,5.76968,-6.32384
94.13915295,5.10958,5.10958,6.00519,5.27369,-6.63562
94.14855999,4.56649,4.56649,5.53084,4.76336,-6.87549
94.15826914,3.97024,3.97024,5.00025,4.19957,-7.06621
94.16826622,3.32139,3.32139,4.4133,3.58274,-7.20313
94.18322787,2.2919,2.2919,3.46536,2.59842,-7.29774
94.21315117,0.0707191,0.0707191,1.36616,0.457024,-7.10932
94.23309849,-1.49745,-1.49745,-0.154893,-1.06865,-6.7177
94.24148835,-2.16976,-2.16976,-0.818601,-1.72776,-6.49193
94.24429043,-2.39513,-2.39513,-1.04297,-1.94971,-6.40809
94.24516691,-2.46562,-2.46562,-1.11344,-2.01914,-6.38187
94.24592923,-2.52693,-2.52693,-1.17473,-2.07952,-6.35808
94.24681267,-2.59799,-2.59799,-1.24596,-2.1496,-6.33052
94.24808019,-2.69965,-2.69965,-1.34816,-2.25015,-6.2895
94.25008359,-2.86034,-2.86034,-1.51012,-2.40908,-6.22468
94.25332817,-3.11925,-3.11925,-1.77317,-2.66573,-6.11483
94.25528731,-3.27476,-3.27476,-1.9325,-2.82069,-6.04617
94.25767831,-3.46352,-3.46352,-2.12694,-3.00878,-5.96003
94.25849559,-3.52766,-3.52766,-2.1935,-3.07307,-5.92984
94.25935367,-3.59501,-3.59501,-2.26337,-3.14023,-5.89815
94.26036386,-3.67376,-3.67376,-2.34564,-3.21929,-5.85997
94.26156608,-3.76748,-3.76748,-2.44354,-3.31274,-5.81454
94.26355171,-3.92098,-3.92098,-2.6051,-3.46708,-5.73768
94.26751957,-4.22339,-4.22339,-2.927,-3.77157,-5.57902
94.27545529,-4.8058,-4.8058,-3.56255,-4.36156,-5.24207
94.28157939,-5.23012,-5.23012,-4.04121,-4.79442,-4.96465
94.28670554,-5.56483,-5.56483,-4.43054,-5.1376,-4.72119
94.28882287,-5.69715,-5.69715,-4.58779,-5.27365,-4.61769
94.29000182,-5.76868,-5.76868,-4.67393,-5.34782,-4.5591
94.29112385,-5.83676,-5.83676,-4.75591,-5.41679,-4.50333
94.29223771,-5.90219,-5.90219,-4.83568,-5.48526,-4.44703
94.29342846,-5.97213,-5.97213,-4.92096,-5.55672,-4.38684
94.29580997,-6.10743,-6.10743,-5.08763,-5.69613,-4.26448
94.29819254,-6.23823,-6.23823,-5.25005,-5.83104,-4.14006
94.30055044,-6.36327,-6.36327,-5.40623,-5.96018,-4.015
94.30249704,-6.46325,-6.46325,-5.53158,-6.06357,-3.91032
94.30432747,-6.55462,-6.55462,-5.64642,-6.15821,-3.81074
94.30611667,-6.64149,-6.64149,-5.75588,-6.24832,-3.71232
94.30949994,-6.79927,-6.79927,-5.95555,-6.41239,-3.52341
94.3120374,-6.91159,-6.91159,-6.09863,-6.52959,-3.37914
94.31542067,-7.05453,-7.05453,-6.28205,-6.67924,-3.1839
94.3200293,-7.2361,-7.2361,-6.518,-6.87039,-2.91255
94.32465077,-7.40299,-7.40299,-6.73876,-7.04739,-2.63436
94.33170324,-7.62854,-7.62854,-7.04569,-7.28936,-2.19872
94.33970222,-7.84216,-7.84216,-7.35079,-7.52302,-1.68946
94.35570018,-8.13713,-8.13713,-7.82667,-7.86232,-0.629186
94.37860213,-8.26154,-8.26154,-8.20393,-8.05868,0.959628
94.38614335,-8.22706,-8.22706,-8.25086,-8.04987,1.49606
94.38899887,-8.20441,-8.20441,-8.25875,-8.03717,1.70026
94.39175256,-8.17767,-8.17767,-8.26131,-8.02013,1.89717
94.39438336,-8.14769,-8.14769,-8.25915,-7.99951,2.08514
94.39964496,-8.07491,-8.07491,-8.24149,-7.94569,2.45937
94.41016818,-7.87931,-7.87931,-8.15379,-7.78876,3.1931
94.4312146,-7.29835,-7.29835,-7.77746,-7.28678,4.53006
94.43947104,-7.00362,-7.00362,-7.55855,-7.02333,4.99121
94.44399303,-6.82683,-6.82683,-7.42215,-6.86367,5.22549
94.44834846,-6.64668,-6.64668,-7.28004,-6.69995,5.43778
94.45301261,-6.44332,-6.44332,-7.11649,-6.5141,5.65054
94.45796742,-6.21579,-6.21579,-6.93013,-6.30501,5.86039
94.46787703,-5.72687,-5.72687,-6.51986,-5.85228,6.23181
94.47870663,-5.14366,-5.14366,-6.01676,-5.30728,6.56604
94.48885734,-4.55361,-4.55361,-5.49608,-4.75159,6.81276
94.49960002,-3.88703,-3.88703,-4.89672,-4.11978,7.00496
94.51062414,-3.16195,-3.16195,-4.23387,-3.42866,7.12977
94.52407131,-2.22775,-2.22775,-3.36616,-2.53349,7.18484
94.55096564,-0.231659,-0.231659,-1.47108,-0.607065,6.98938
94.57001548,1.25954,1.25954,-0.0239401,0.842808,6.61601
94.57902453,1.97914,1.97914,0.685294,1.54719,6.37434
94.58431001,2.40284,2.40284,1.10733,1.96399,6.21385
94.58673637,2.59735,2.59735,1.30235,2.15593,6.13565
94.58742776,2.65277,2.65277,1.3581,2.21062,6.11263
94.58881054,2.76316,2.76316,1.46958,2.32,6.06659
94.59157611,2.98395,2.98395,1.69314,2.53835,5.97143
94.59397674,3.17448,3.17448,1.88782,2.72788,5.886
94.59678066,3.39567,3.39567,2.11519,2.94812,5.78292
94.59747321,3.44998,3.44998,2.17143,3.00251,5.75679
94.59834127,3.51806,3.51806,2.24193,3.07037,5.72403
94.59930083,3.59287,3.59287,2.31985,3.14537,5.68707
94.60032828,3.67297,3.67297,2.40329,3.22526,5.64749
94.6018032,3.78723,3.78723,2.52306,3.33993,5.58957
94.60443341,3.9892,3.9892,2.73625,3.5428,5.48394
94.60969382,4.3849,4.3849,3.16021,3.94192,5.26392
94.62021465,5.13108,5.13108,3.98736,4.70037,4.79022
94.62683345,5.56234,5.56234,4.48663,5.14214,4.47003
94.62982215,5.74622,5.74622,4.70531,5.33111,4.31999
94.6315908,5.85164,5.85164,4.83235,5.43957,4.22965
94.63326962,5.9493,5.9493,4.9511,5.5401,4.14285
94.63500117,6.04759,6.04759,5.0715,5.64132,4.05227
94.63825821,6.22587,6.22587,5.29172,5.82513,3.87907
94.63990576,6.31225,6.31225,5.39983,5.91433,3.78982
94.64078589,6.3584,6.3584,5.45643,5.96198,3.74214
94.64131164,6.38508,6.38508,5.49025,5.98957,3.71328
94.64255464,6.44816,6.44816,5.56873,6.05479,3.64505
94.6448244,6.55983,6.55983,5.70852,6.17045,3.51894
94.64759117,6.6907,6.6907,5.87296,6.30628,3.36298
94.65251089,6.90933,6.90933,6.14985,6.53413,3.07973
94.65897991,7.16983,7.16983,6.485,6.80756,2.69627
94.66693779,7.4489,7.4489,6.85402,7.10386,2.20838
94.67414144,7.66263,7.66263,7.14806,7.33447,1.75235
94.68212671,7.85686,7.85686,7.43056,7.54882,1.23222
94.69809724,8.11326,8.11326,7.86145,7.84955,0.152774
94.71005081,8.19197,8.19197,8.06866,7.96471,-0.683763
94.71633198,8.19508,8.19508,8.13845,7.98801,-1.13113
94.72264419,8.17219,8.17219,8.18187,7.98603,-1.58387
94.72434133,8.16161,8.16161,8.18899,7.98119,-1.70597
94.72602498,8.14929,8.14929,8.19417,7.97459,-1.82711
94.7293923,8.11925,8.11925,8.19894,7.9561,-2.06939
94.73612693,8.03782,8.03782,8.18631,7.89819,-2.55119
94.74959619,7.79208,7.79208,8.07444,7.70077,-3.48749
94.76244452,7.45839,7.45839,7.86314,7.41426,-4.32064
94.7729424,7.11675,7.11675,7.61719,7.11156,-4.93667
94.77733425,6.95591,6.95591,7.49515,6.96705,-5.17406
94.78154284,6.79221,6.79221,7.3679,6.81898,-5.38901
94.7846318,6.66623,6.66623,7.26819,6.70444,-5.53886
94.78798427,6.52404,6.52404,7.15405,6.57462,-5.69399
94.79468922,6.22312,6.22312,6.90768,6.29824,-5.98156
94.80232435,5.8545,5.8545,6.59857,5.95714,-6.27323
94.81425164,5.22654,5.22654,6.0577,5.37086,-6.65484
94.82448163,4.64032,4.64032,5.54026,4.81896,-6.91155
94.83556548,3.95944,3.95944,4.92761,4.17369,-7.11743
94.84621903,3.26396,3.26396,4.29139,3.51089,-7.24562
94.85957953,2.34136,2.34136,3.43418,2.62706,-7.31186
94.88630055,0.363514,0.363514,1.55648,0.718958,-7.14292
94.90563229,-1.15147,-1.15147,0.0870229,-0.753116,-6.78187
94.91519843,-1.91853,-1.91853,-0.668435,-1.50334,-6.5321
94.92083266,-2.37263,-2.37263,-1.12043,-1.94959,-6.36384
94.92342727,-2.58175,-2.58175,-1.3301,-2.15587,-6.28119
94.92409981,-2.63595,-2.63595,-1.38463,-2.20934,-6.25904
94.9254449,-2.74401,-2.74401,-1.49369,-2.31628,-6.21473
94.92813508,-2.96012,-2.96012,-1.7124,-2.52984,-6.12321
94.93045764,-3.14573,-3.14573,-1.90184,-2.71423,-6.04154
94.93313357,-3.35841,-3.35841,-2.12011,-2.9257,-5.94444
94.93384783,-3.41488,-3.41488,-2.17847,-2.98215,-5.91784
94.93470884,-3.48294,-3.48294,-2.24882,-3.04989,-5.88578
94.93567465,-3.55887,-3.55887,-2.32773,-3.12588,-5.84906
94.93670026,-3.6395,-3.6395,-2.41153,-3.20616,-5.81007
94.93819568,-3.75635,-3.75635,-2.53371,-3.32322,-5.75207
94.94087323,-3.96379,-3.96379,-2.75213,-3.5312,-5.64583
94.94622834,-4.37037,-4.37037,-3.18653,-3.94045,-5.42427
94.95693855,-5.13736,-5.13736,-4.03382,-4.71803,-4.94635
94.96360831,-5.57636,-5.57636,-4.53978,-5.16619,-4.62611
94.9666253,-5.76396,-5.76396,-4.76171,-5.35826,-4.47571
94.96857677,-5.88142,-5.88142,-4.90247,-5.47862,-4.37665
94.97043635,-5.99042,-5.99042,-5.03429,-5.59039,-4.28097
94.97223277,-6.09303,-6.09303,-5.15928,-5.69566,-4.18739
94.9745981,-6.22417,-6.22417,-5.32003,-5.83032,-4.06245
94.97619772,-6.30979,-6.30979,-5.42615,-5.91835,-3.97665
94.97705118,-6.35548,-6.35548,-5.48167,-5.96531,-3.93086
94.97762024,-6.38499,-6.38499,-5.51868,-5.99585,-3.89993
94.97813598,-6.41174,-6.41174,-5.55162,-6.02353,-3.87189
94.97887739,-6.45019,-6.45019,-5.59897,-6.06259,-3.83158
94.97965167,-6.48912,-6.48912,-5.6472,-6.10339,-3.78896
94.98120023,-6.56697,-6.56697,-5.74366,-6.1832,-3.70371
94.98408606,-6.7064,-6.7064,-5.91704,-6.32726,-3.54242
94.98935855,-6.94523,-6.94523,-6.21631,-6.57499,-3.24103
94.99566553,-7.20432,-7.20432,-6.54584,-6.84556,-2.86957
95.00299306,-7.46948,-7.46948,-6.89126,-7.12526,-2.4239
95.0102266,-7.69389,-7.69389,-7.1939,-7.3653,-1.97004
95.0182305,-7.89946,-7.89946,-7.48529,-7.58963,-1.45304
95.03423832,-8.17832,-8.17832,-7.93388,-7.91032,-0.379234
95.04918209,-8.28273,-8.28273,-8.1939,-8.05844,0.662151
95.05631746,-8.28035,-8.28035,-8.26467,-8.07839,1.16975
95.06347042,-8.24485,-8.24485,-8.30156,-8.0661,1.68197
95.06539941,-8.22964,-8.22964,-8.30572,-8.05729,1.82045
95.06731239,-8.21223,-8.21223,-8.30742,-8.04627,1.95778
95.07113836,-8.17053,-8.17053,-8.30371,-8.0175,2.23187
95.07879031,-8.06006,-8.06006,-8.26812,-7.93341,2.77493
95.09409419,-7.73462,-7.73462,-8.08738,-7.66224,3.81491
95.10589236,-7.39209,-7.39209,-7.85122,-7.36246,4.55016
95.11269229,-7.15965,-7.15965,-7.67785,-7.15487,4.93887
95.11598414,-7.03817,-7.03817,-7.58435,-7.04544,5.11625
95.11847021,-6.94265,-6.94265,-7.50966,-6.95901,5.2451
95.12071131,-6.8538,-6.8538,-7.43939,-6.87836,5.3574
95.1228733,-6.76567,-6.76567,-7.36897,-6.79812,5.46228
95.12719728,-6.58241,-6.58241,-7.22054,-6.63059,5.66215
95.13584525,-6.18882,-6.18882,-6.89406,-6.26812,6.02391
95.14619477,-5.6725,-5.6725,-6.45335,-5.78823,6.39256
95.15749208,-5.05599,-5.05599,-5.91324,-5.21007,6.71728
95.16693977,-4.50073,-4.50073,-5.4168,-4.68562,6.92774
95.17664824,-3.89537,-3.89537,-4.86696,-4.1107,7.08698
95.18569464,-3.30206,-3.30206,-4.32083,-3.54461,7.1841
95.20378743,-2.04257,-2.04257,-3.14219,-2.33618,7.23397
95.23997302,0.686095,0.686095,-0.519062,0.305432,6.79236
95.24863789,1.37988,1.37988,0.163542,0.982571,6.56293
95.25491354,1.884,1.884,0.661919,1.47564,6.38326
95.25729594,2.07538,2.07538,0.852174,1.66354,6.31134
95.25805146,2.13613,2.13613,0.912718,1.72313,6.28775
95.2595625,2.25763,2.25763,1.03381,1.84262,6.24057
95.26122198,2.39106,2.39106,1.16718,1.97384,6.18722
95.26207636,2.45976,2.45976,1.236,2.0414,6.15907
95.26298523,2.53269,2.53269,1.30922,2.11334,6.12912
95.26504857,2.69825,2.69825,1.47584,2.27665,6.05929
95.26667006,2.82803,2.82803,1.60705,2.40499,6.00304
95.2695883,3.06076,3.06076,1.84389,2.63534,5.89879
95.27164777,3.22398,3.22398,2.01103,2.79791,5.82232
95.27289692,3.32297,3.32297,2.11264,2.89604,5.77594
95.27442503,3.44322,3.44322,2.23695,3.01609,5.71728
95.27526452,3.50928,3.50928,2.30524,3.08175,5.68505
95.27628029,3.58863,3.58863,2.38787,3.1612,5.64503
95.2774862,3.68283,3.68283,2.48597,3.25492,5.59752
95.27950845,3.83956,3.83956,2.65032,3.41207,5.516
95.28354415,4.14808,4.14808,2.97722,3.72185,5.34812
95.29161555,4.74284,4.74284,3.6221,4.32252,4.99224
95.29793526,5.18278,5.18278,4.11407,4.76973,4.69548
95.29951518,5.28808,5.28808,4.23452,4.87724,4.61835
95.30267504,5.49396,5.49396,4.47245,5.08772,4.46187
95.30422119,5.59204,5.59204,4.58679,5.18814,4.38384
95.30512668,5.64819,5.64819,4.65376,5.24569,4.33814
95.30614325,5.71123,5.71123,4.72775,5.3103,4.28609
95.30682013,5.75224,5.75224,4.77702,5.35236,4.25143
95.30749819,5.79333,5.79333,4.82575,5.39449,4.21634
95.30810917,5.82958,5.82958,4.86965,5.43167,4.18473
95.30908096,5.88723,5.88723,4.93875,5.49081,4.13379
95.31062456,5.97677,5.97677,5.04715,5.58267,4.05289
95.31371177,6.14994,6.14994,5.25856,5.76048,3.88806
95.31604861,6.2759,6.2759,5.41347,5.88996,3.76113
95.31780978,6.36796,6.36796,5.52716,5.9847,3.66407
95.31842934,6.39956,6.39956,5.56627,6.01726,3.62992
95.3192735,6.44263,6.44263,5.61956,6.06162,3.58283
95.32017218,6.48709,6.48709,5.67535,6.10749,3.53269
95.32180224,6.56775,6.56775,5.77474,6.1907,3.44085
95.32506236,6.72192,6.72192,5.96679,6.35015,3.25466
95.33158261,7.00662,7.00662,6.32512,6.64608,2.87254
95.3382606,7.26603,7.26603,6.65793,6.91799,2.46836
95.34474355,7.48713,7.48713,6.94908,7.15224,2.06429
95.35429863,7.75863,7.75863,7.32257,7.44493,1.44953
95.36492983,7.98556,7.98556,7.66176,7.6979,0.741409
95.38619223,8.20819,8.20819,8.10477,7.9795,-0.733638
95.3937248,8.21415,8.21415,8.18728,8.0084,-1.27109
95.3997226,8.1922,8.1922,8.22561,8.0054,-1.70194
95.40144523,8.18156,8.18156,8.23216,8.00031,-1.82598
95.40315339,8.16912,8.16912,8.23671,7.99342,-1.94897
95.40656973,8.13868,8.13868,8.24004,7.97418,-2.19459
95.4134024,8.0558,8.0558,8.22389,7.91415,-2.68228
95.42706773,7.80469,7.80469,8.10247,7.71011,-3.62547
95.43809477,7.52174,7.52174,7.92004,7.46613,-4.33631
95.44732863,7.23172,7.23172,7.71101,7.20913,-4.88186
95.45127684,7.09329,7.09329,7.60627,7.08489,-5.09884
95.4536749,7.0051,7.0051,7.53826,7.00532,-5.22536
95.45595172,6.91854,6.91854,7.47065,6.92695,-5.34165
95.45820268,6.83031,6.83031,7.40093,6.8468,-5.45294
95.4625334,6.65325,6.65325,7.25892,6.68526,-5.65705
95.47119483,6.27123,6.27123,6.9445,6.334,-6.02737
95.48201818,5.74396,5.74396,6.49678,5.84436,-6.42165
95.49509303,5.03792,5.03792,5.87915,5.18211,-6.79957
95.50520968,4.44317,4.44317,5.34683,4.61984,-7.0195
95.51425765,3.87816,3.87816,4.83312,4.08277,-7.1635
95.5237254,3.25625,3.25625,4.26024,3.489,-7.26173
95.54266091,1.93162,1.93162,3.01901,2.21708,-7.30172
95.58053191,-0.945956,-0.945956,0.246542,-0.571534,-6.79761
95.59485178,-2.08586,-2.08586,-0.884328,-1.69014,-6.41306
95.60176378,-2.63902,-2.63902,-1.44251,-2.23692,-6.19125
95.60412035,-2.82761,-2.82761,-1.63431,-2.42371,-6.1104
95.60632843,-3.00366,-3.00366,-1.81468,-2.59873,-6.03232
95.60849533,-3.17555,-3.17555,-1.99168,-2.76989,-5.95308
95.609471,-3.25295,-3.25295,-2.07158,-2.84696,-5.91741
95.61010608,-3.30299,-3.30299,-2.12359,-2.89712,-5.8934
95.61188157,-3.44287,-3.44287,-2.26899,-3.03662,-5.82629
95.61287362,-3.52048,-3.52048,-2.35024,-3.11457,-5.7878
95.61402099,-3.61024,-3.61024,-2.4442,-3.20409,-5.74329
95.61591615,-3.75742,-3.75742,-2.59906,-3.35195,-5.66812
95.61959108,-4.03936,-4.03936,-2.89934,-3.63554,-5.51801
95.62694096,-4.58568,-4.58568,-3.49294,-4.1879,-5.20107
95.63489605,-5.14279,-5.14279,-4.11843,-4.75487,-4.83381
95.64105972,-5.54416,-5.54416,-4.58529,-5.16547,-4.5326
95.6438617,-5.71702,-5.71702,-4.79124,-5.34273,-4.39099
95.6461389,-5.85282,-5.85282,-4.95515,-5.48211,-4.27381
95.64806405,-5.96431,-5.96431,-5.09099,-5.59662,-4.17331
95.6500425,-6.07576,-6.07576,-5.22775,-5.71116,-4.06869
95.65190615,-6.17787,-6.17787,-5.35374,-5.8162,-3.96852
95.65313266,-6.24326,-6.24326,-5.43474,-5.88352,-3.9026
95.65379765,-6.27871,-6.27871,-5.47866,-5.92002,-3.86634
95.65467627,-6.32439,-6.32439,-5.53537,-5.9671,-3.81843
95.65532702,-6.35821,-6.35821,-5.57737,-6.00197,-3.78264
95.65601578,-6.39316,-6.39316,-5.62083,-6.03802,-3.74475
95.65707637,-6.44696,-6.44696,-5.68775,-6.09354,-3.68564
95.65919757,-6.55147,-6.55147,-5.81804,-6.20154,-3.56741
95.66266996,-6.71532,-6.71532,-6.02322,-6.37128,-3.37022
95.66961475,-7.01657,-7.01657,-6.40479,-6.68505,-2.96491
95.67616126,-7.26871,-7.26871,-6.73068,-6.94997,-2.57011
95.68241361,-7.48105,-7.48105,-7.01231,-7.17543,-2.1822
95.69010481,-7.70457,-7.70457,-7.32008,-7.41633,-1.69154
95.70548722,-8.02898,-8.02898,-7.81058,-7.77933,-0.671513
95.72477591,-8.21017,-8.21017,-8.19498,-8.0154,0.665205
95.7328039,-8.21281,-8.21281,-8.28032,-8.04282,1.23613
95.74074531,-8.17442,-8.17442,-8.3224,-8.0299,1.80448
95.74291533,-8.1569,-8.1569,-8.32662,-8.0195,1.96001
95.74504874,-8.13677,-8.13677,-8.32777,-8.00643,2.11291
95.74931557,-8.08802,-8.08802,-8.32119,-7.97195,2.41753
95.75784923,-7.95714,-7.95714,-8.27311,-7.87015,3.01823
95.77491654,-7.56713,-7.56713,-8.04158,-7.53981,4.14837
95.78726533,-7.1826,-7.1826,-7.76511,-7.19913,4.87612
95.79264225,-6.98915,-6.98915,-7.61686,-7.02484,5.16416
95.79781108,-6.78891,-6.78891,-7.45891,-6.84298,5.42241
95.80139343,-6.64212,-6.64212,-7.34075,-6.70888,5.59048
95.80528439,-6.47545,-6.47545,-7.20451,-6.55593,5.76301
95.81306632,-6.12034,-6.12034,-6.90807,-6.22795,6.07772
95.82108575,-5.72515,-5.72515,-6.57019,-5.86014,6.36078
95.83160936,-5.16404,-5.16404,-6.07919,-5.33383,6.6703
95.84136559,-4.60334,-4.60334,-5.57819,-4.80406,6.89552
95.85178534,-3.96468,-3.96468,-4.99755,-4.19699,7.07153
95.86249672,-3.26891,-3.26891,-4.35515,-3.53214,7.18413
95.87580206,-2.35544,-2.35544,-3.49898,-2.65483,7.2296
95.90241275,-0.399722,-0.399722,-1.6274,-0.763605,7.02129
95.9218994,1.11515,1.11515,-0.147137,0.711624,6.62793
95.93173443,1.89724,1.89724,0.628704,1.47823,6.35544
95.93760424,2.36624,2.36624,1.09906,1.94029,6.17016
95.94030569,2.58209,2.58209,1.31712,2.15372,6.07932
95.94100612,2.63806,2.63806,1.37385,2.20906,6.05498
95.94240697,2.74956,2.74956,1.4873,2.31974,6.0063
95.94512725,2.96608,2.96608,1.70817,2.53427,5.90879
95.94749646,3.15359,3.15359,1.90111,2.72111,5.82114
95.9502318,3.36881,3.36881,2.12387,2.93576,5.71683
95.95093418,3.42376,3.42376,2.18115,2.99088,5.68938
95.9517983,3.49136,3.49136,2.25161,3.05837,5.65561
95.9527618,3.56631,3.56631,2.33018,3.13362,5.61721
95.95378847,3.64617,3.64617,2.4139,3.21339,5.57629
95.95527803,3.7613,3.7613,2.53537,3.32911,5.51581
95.95794292,3.96547,3.96547,2.75226,3.5345,5.40524
95.96327269,4.36544,4.36544,3.18349,3.93853,5.17524
95.97393224,5.11923,5.11923,4.02421,4.70576,4.68121
95.98060804,5.55248,5.55248,4.52882,5.15009,4.34957
95.98362508,5.73725,5.73725,4.74987,5.34019,4.19424
95.98548813,5.84768,5.84768,4.88376,5.45393,4.09667
95.98725971,5.95003,5.95003,5.00897,5.5594,4.00275
95.98901735,6.04901,6.04901,5.13098,5.66147,3.9085
95.99168265,6.19432,6.19432,5.31141,5.81147,3.76356
95.9931955,6.27375,6.27375,5.41124,5.89356,3.68
95.99408692,6.32055,6.32055,5.46895,5.94194,3.63076
95.99457953,6.34563,6.34563,5.50084,5.96789,3.60322
95.99573952,6.40468,6.40468,5.57463,6.02902,3.53838
95.99765171,6.49941,6.49941,5.69367,6.1272,3.43038
96.00005092,6.61435,6.61435,5.83854,6.24654,3.29323
96.00390879,6.79013,6.79013,6.06144,6.42964,3.06896
96.01162451,7.10893,7.10893,6.47182,6.76399,2.60724
96.01974688,7.39807,7.39807,6.85491,7.07093,2.10334
96.02742279,7.62812,7.62812,7.17232,7.31918,1.61152
96.03493837,7.81321,7.81321,7.44204,7.52336,1.11651
96.04996952,8.06635,8.06635,7.86226,7.81823,0.0925585
96.06119335,8.15527,8.15527,8.07379,7.94113,-0.696798
96.06716888,8.1682,8.1682,8.15114,7.97305,-1.12396
96.07317634,8.15752,8.15752,8.20454,7.98204,-1.5563
96.0747881,8.15064,8.15064,8.21472,7.98053,-1.67268
96.07638774,8.14215,8.14215,8.22311,7.97741,-1.78819
96.07918942,8.12334,8.12334,8.23372,7.96807,-1.9905
96.08479278,8.07077,8.07077,8.2394,7.93476,-2.39372
96.09599949,7.9073,7.9073,8.1898,7.81074,-3.1853
96.11841291,7.35903,7.35903,7.85668,7.34364,-4.62194
96.1270078,7.07305,7.07305,7.64832,7.08923,-5.10311
96.1320616,6.88606,6.88606,7.50559,6.92082,-5.36426
96.13589085,6.7354,6.7354,7.38775,6.78421,-5.5506
96.13992216,6.56867,6.56867,7.25485,6.63222,-5.73592
96.14798478,6.21117,6.21117,6.9627,6.30388,-6.07402
96.1604417,5.59902,5.59902,6.44507,5.73562,-6.51397
96.17284523,4.92195,4.92195,5.854,5.10042,-6.85517
96.1841633,4.24976,4.24976,5.25295,4.46465,-7.08388
96.19333457,3.66991,3.66991,4.72553,3.91305,-7.21229
96.20343387,2.99833,2.99833,4.10616,3.27121,-7.29577
96.22363248,1.56719,1.56719,2.76174,1.89519,-7.28626
96.2640297,-1.52155,-1.52155,-0.237402,-1.11151,-6.61482
96.27643559,-2.50449,-2.50449,-1.22656,-2.08175,-6.2414
96.28127831,-2.88818,-2.88818,-1.6193,-2.46311,-6.0753
96.2830733,-3.02991,-3.02991,-1.76573,-2.60446,-6.01092
96.28474957,-3.16227,-3.16227,-1.90248,-2.73609,-5.94891
96.28628099,-3.28246,-3.28246,-2.02775,-2.85634,-5.89226
96.28689586,-3.33072,-3.33072,-2.07805,-2.90462,-5.86877
96.28855138,-3.45996,-3.45996,-2.21347,-3.0339,-5.80551
96.28949953,-3.53354,-3.53354,-2.29103,-3.10793,-5.76841
96.29054346,-3.61455,-3.61455,-2.37642,-3.18892,-5.72755
96.29211263,-3.73551,-3.73551,-2.50478,-3.31065,-5.66494
96.29495545,-3.95257,-3.95257,-2.73694,-3.52927,-5.54884
96.30064107,-4.37685,-4.37685,-3.19835,-3.95843,-5.30657
96.31201232,-5.17063,-5.17063,-4.09513,-4.76738,-4.78354
96.31665119,-5.46981,-5.46981,-4.44751,-5.07436,-4.55584
96.31920288,-5.62745,-5.62745,-4.63705,-5.23646,-4.42716
96.32055769,-5.70901,-5.70901,-4.73626,-5.32041,-4.35756
96.32183485,-5.78452,-5.78452,-4.82875,-5.39815,-4.29195
96.32349157,-5.88045,-5.88045,-4.94714,-5.49696,-4.20558
96.32550436,-5.99399,-5.99399,-5.08834,-5.61397,-4.09937
96.32808254,-6.1347,-6.1347,-5.26468,-5.75914,-3.96129
96.32998089,-6.23497,-6.23497,-5.39107,-5.86271,-3.85791
96.33085318,-6.27974,-6.27974,-5.44791,-5.90901,-3.8104
96.33140131,-6.30787,-6.30787,-5.48363,-5.93811,-3.78013
96.33194186,-6.33562,-6.33562,-5.51822,-5.9668,-3.75029
96.33267754,-6.37241,-6.37241,-5.56529,-6.0049,-3.70966
96.33344741,-6.4109,-6.4109,-5.61334,-6.04477,-3.66663
96.33498716,-6.48614,-6.48614,-5.70943,-6.12278,-3.58058
96.33786385,-6.62199,-6.62199,-5.88263,-6.26392,-3.41744
96.34306122,-6.85208,-6.85208,-6.17851,-6.50399,-3.11628
96.349672,-7.11661,-7.11661,-6.5245,-6.78204,-2.72179
96.35757325,-7.39205,-7.39205,-6.89521,-7.07494,-2.23455
96.36511233,-7.61402,-7.61402,-7.20666,-7.31487,-1.75476
96.37341193,-7.8128,-7.8128,-7.50282,-7.53488,-1.21126
96.39001113,-8.06981,-8.06981,-7.9513,-7.83853,-0.0838629
96.40166829,-8.14022,-8.14022,-8.15321,-7.94473,0.734543
96.40767391,-8.1416,-8.1416,-8.22125,-7.96543,1.16288
96.41363209,-8.11995,-8.11995,-8.26492,-7.9635,1.59035
96.41525367,-8.11012,-8.11012,-8.27272,-7.95912,1.70697
96.41685111,-8.09881,-8.09881,-8.2787,-7.95321,1.82185
96.42004597,-8.07138,-8.07138,-8.28564,-7.93668,2.05161
96.4264357,-7.99754,-7.99754,-8.27966,-7.88498,2.50855
96.43921516,-7.77604,-7.77604,-8.18987,-7.70883,3.39865
96.46477408,-7.05626,-7.05626,-7.71442,-7.08159,4.9513
96.4738929,-6.71349,-6.71349,-7.45214,-6.77199,5.41678
96.48210283,-6.36857,-6.36857,-7.17634,-6.4567,5.79032
96.48985262,-6.01304,-6.01304,-6.88291,-6.12873,6.1024
96.49807415,-5.60569,-5.60569,-6.53794,-5.75002,6.39098
96.50767067,-5.09318,-5.09318,-6.09344,-5.26985,6.67351
96.51708617,-4.55389,-4.55389,-5.61575,-4.76107,6.89478
96.52680285,-3.96218,-3.96218,-5.08219,-4.19952,7.06592
96.53730704,-3.28565,-3.28565,-4.46222,-3.55408,7.18659
96.55131005,-2.33092,-2.33092,-3.57257,-2.63833,7.24577
96.57931606,-0.279892,-0.279892,-1.61561,-0.656297,7.03207
96.5990175,1.24786,1.24786,-0.123487,0.831416,6.6295
96.60829571,1.98297,1.98297,0.606311,1.55228,6.37081
96.61369114,2.41207,2.41207,1.03708,1.97523,6.20087
96.6161759,2.60968,2.60968,1.23684,2.17063,6.11789
96.61682854,2.66159,2.66159,1.28947,2.22196,6.09542
96.61813381,2.76498,2.76498,1.39473,2.32461,6.05046
96.62074436,2.97176,2.97176,1.60581,2.5295,5.95783
96.62331604,3.17427,3.17427,1.81441,2.73134,5.86355
96.62540292,3.3375,3.3375,1.98369,2.89424,5.78438
96.62646128,3.42028,3.42028,2.06972,2.97686,5.74423
96.62707671,3.46803,3.46803,2.11975,3.0249,5.72013
96.6288357,3.60452,3.60452,2.26274,3.1615,5.65125
96.63098798,3.77019,3.77019,2.4377,3.32782,5.56485
96.63291173,3.91704,3.91704,2.59393,3.47557,5.48594
96.63667901,4.20063,4.20063,2.89899,3.7618,5.32689
96.64421357,4.74773,4.74773,3.50178,4.3173,4.99133
96.65016611,5.15685,5.15685,3.96729,4.73558,4.71026
96.65165425,5.25494,5.25494,4.08156,4.83634,4.63739
96.65463052,5.44697,5.44697,4.30764,5.0339,4.48967
96.65674455,5.57937,5.57937,4.46566,5.1704,4.38281
96.6570308,5.5969,5.5969,4.48706,5.1885,4.36835
96.65806707,5.66035,5.66035,4.56343,5.25401,4.31518
96.65864691,5.6952,5.6952,4.60617,5.29,4.28543
96.65892378,5.71184,5.71184,4.62634,5.30719,4.27122
96.65935404,5.7377,5.7377,4.65768,5.33391,4.24887
96.65998171,5.77473,5.77473,4.7034,5.37216,4.21626
96.66064715,5.81398,5.81398,4.75123,5.41272,4.18168
96.66168713,5.8743,5.8743,4.82599,5.47506,4.12676
96.6637671,5.99223,5.99223,4.97283,5.59698,4.0169
96.66716151,6.17715,6.17715,5.20555,5.78838,3.83381
96.66966402,6.30761,6.30761,5.3712,5.92362,3.69632
96.6715844,6.4044,6.4044,5.49472,6.0241,3.5894
96.67344985,6.49571,6.49571,5.6116,6.11903,3.48438
96.67459277,6.55035,6.55035,5.6817,6.17592,3.41948
96.67687862,6.6567,6.6567,5.81855,6.28683,3.28845
96.68145033,6.85781,6.85781,6.07932,6.49733,3.02155
96.68259325,6.9052,6.9052,6.14133,6.54715,2.95363
96.68487911,6.99771,6.99771,6.2629,6.64458,2.81689
96.68945081,7.17188,7.17188,6.49456,6.82891,2.5391
96.69375338,7.32231,7.32231,6.69844,6.98933,2.27247
96.70051039,7.53211,7.53211,6.9913,7.21566,1.84404
96.70750006,7.71537,7.71537,7.25961,7.41708,1.38915
96.72147939,7.98041,7.98041,7.69262,7.72149,0.448181
96.73819793,8.12351,8.12351,8.03246,7.91647,-0.721109
96.74514515,8.1281,8.1281,8.11731,7.94402,-1.21813
96.75197404,8.10191,8.10191,8.16901,7.9411,-1.70991
96.75383242,8.08955,8.08955,8.17767,7.93519,-1.84408
96.75567117,8.07515,8.07515,8.18398,7.92722,-1.97683
96.75934867,8.03995,8.03995,8.18993,7.90498,-2.24185
96.76670366,7.9443,7.9443,8.17541,7.83567,-2.76735
96.78141365,7.65527,7.65527,8.04338,7.60059,-3.77744
96.79280997,7.34485,7.34485,7.84918,7.33266,-4.50044
96.80236736,7.02868,7.02868,7.62643,7.0523,-5.04933
96.80657447,6.87378,6.87378,7.51143,6.91316,-5.27219
96.81041001,6.72445,6.72445,7.39777,6.77816,-5.46464
96.8154966,6.51484,6.51484,7.23438,6.58745,-5.70409
96.82022976,6.30822,6.30822,7.06962,6.39828,-5.9111
96.82969606,5.86297,5.86297,6.70459,5.98735,-6.28108
96.83915341,5.37742,5.37742,6.29433,5.53512,-6.59354
96.84877462,4.84412,4.84412,5.83242,5.03449,-6.85397
96.85852299,4.26598,4.26598,5.32116,4.48812,-7.0597
96.86831108,3.65005,3.65005,4.76675,3.90273,-7.20822
96.87742576,3.04709,3.04709,4.21592,3.32698,-7.29497
96.89565512,1.76816,1.76816,3.02599,2.09879,-7.32347
96.93211384,-0.996663,-0.996663,0.374918,-0.581503,-6.83815
96.94578302,-2.08016,-2.08016,-0.696379,-1.64538,-6.4777
96.95249111,-2.61472,-2.61472,-1.2341,-2.17416,-6.26691
96.95468591,-2.78962,-2.78962,-1.41147,-2.34758,-6.19323
96.95635767,-2.9223,-2.9223,-1.54709,-2.47967,-6.1356
96.95810174,-3.06072,-3.06072,-1.68857,-2.61748,-6.07412
96.96009905,-3.2184,-3.2184,-1.85117,-2.77457,-6.00202
96.96258385,-3.41347,-3.41347,-2.05347,-2.97,-5.90983
96.96416113,-3.53657,-3.53657,-2.1821,-3.0933,-5.8499
96.96506078,-3.60638,-3.60638,-2.25547,-3.16362,-5.81503
96.96604674,-3.68287,-3.68287,-2.33588,-3.24025,-5.77682
96.96728971,-3.77874,-3.77874,-2.43725,-3.33684,-5.72724
96.96939892,-3.94026,-3.94026,-2.6091,-3.49966,-5.64311
96.97361734,-4.25818,-4.25818,-2.95164,-3.82126,-5.46809
96.98205417,-4.86742,-4.86742,-3.62663,-4.44163,-5.09627
96.98847708,-5.30193,-5.30193,-4.12639,-4.88739,-4.79434
96.99218653,-5.53948,-5.53948,-4.40768,-5.13227,-4.61275
96.99339664,-5.61471,-5.61471,-4.49815,-5.21,-4.55223
96.99407693,-5.65627,-5.65627,-4.54854,-5.25298,-4.51821
96.9946651,-5.69221,-5.69221,-4.59211,-5.29014,-4.48841
96.99576745,-5.75844,-5.75844,-4.67277,-5.35865,-4.43257
96.99645068,-5.79865,-5.79865,-4.72277,-5.40026,-4.39753
96.99755344,-5.86356,-5.86356,-4.80247,-5.46741,-4.34097
96.99975896,-5.98974,-5.98974,-4.9594,-5.59802,-4.22629
97.00339634,-6.18932,-6.18932,-5.21034,-5.80486,-4.03349
97.00546876,-6.29837,-6.29837,-5.34864,-5.91805,-3.92161
97.00724314,-6.38909,-6.38909,-5.46419,-6.01234,-3.8245
97.00783804,-6.41879,-6.41879,-5.5021,-6.04325,-3.79195
97.00863227,-6.45844,-6.45844,-5.55272,-6.08451,-3.74795
97.00948135,-6.49965,-6.49965,-5.60546,-6.12745,-3.70092
97.01095525,-6.57118,-6.57118,-5.697,-6.20201,-3.61854
97.01390304,-6.70848,-6.70848,-5.87351,-6.34548,-3.45171
97.01957002,-6.95462,-6.95462,-6.19312,-6.60395,-3.12349
97.02588402,-7.20163,-7.20163,-6.51991,-6.86548,-2.74669
97.03233103,-7.42459,-7.42459,-6.82287,-7.10417,-2.35051
97.04116228,-7.68265,-7.68265,-7.18905,-7.38527,-1.79052
97.05033397,-7.89336,-7.89336,-7.5108,-7.6217,-1.18962
97.06867736,-8.14347,-8.14347,-7.97935,-7.92812,0.0607278
97.08008068,-8.18591,-8.18591,-8.15472,-8.00852,0.864648
97.08552672,-8.17608,-8.17608,-8.2075,-8.01755,1.25406
97.08809391,-8.16477,-8.16477,-8.22549,-8.01529,1.43864
97.08903817,-8.15899,-8.15899,-8.23043,-8.01287,1.50653
97.09088308,-8.14771,-8.14771,-8.24008,-8.00815,1.63937
97.09415683,-8.12142,-8.12142,-8.2507,-7.99362,1.87511
97.10070434,-8.04884,-8.04884,-8.25103,-7.94491,2.34495
97.11379936,-7.82582,-7.82582,-8.16984,-7.77069,3.26343
97.1399894,-7.0883,-7.0883,-7.69651,-7.13237,4.87562
97.14117398,-7.04483,-7.04483,-7.66429,-7.09343,4.94073
97.14354314,-6.95789,-6.95789,-7.59985,-7.01555,5.06841
97.14557703,-6.88065,-6.88065,-7.54169,-6.94606,5.17491
97.14741846,-6.80891,-6.80891,-7.48706,-6.88133,5.26868
97.14908576,-6.74248,-6.74248,-7.43598,-6.82123,5.35141
97.15242036,-6.60543,-6.60543,-7.32924,-6.6968,5.51086
97.15908956,-6.31503,-6.31503,-7.09777,-6.4314,5.80663
97.16878998,-5.85533,-5.85533,-6.71964,-6.00734,6.18401
97.18057295,-5.24085,-5.24085,-6.19723,-5.43458,6.56107
97.19185621,-4.59861,-4.59861,-5.63572,-4.83044,6.84052
97.20317268,-3.90588,-3.90588,-5.01644,-4.17399,7.04212
97.21369328,-3.22203,-3.22203,-4.394,-3.5221,7.16007
97.22623149,-2.36247,-2.36247,-3.59882,-2.6984,7.21506
97.25130792,-0.527653,-0.527653,-1.86333,-0.927582,7.05766
97.27070851,0.973237,0.973237,-0.411311,0.5316,6.7026
97.28138921,1.81993,1.81993,0.421444,1.36036,6.42402
97.28675099,2.2479,2.2479,0.846892,1.78131,6.26273
97.28931146,2.45227,2.45227,1.05159,1.98326,6.18076
97.29100542,2.58748,2.58748,1.18746,2.11686,6.12482
97.29340934,2.77895,2.77895,1.38081,2.30654,6.04315
97.29555226,2.94909,2.94909,1.55364,2.47562,5.96811
97.29841118,3.17502,3.17502,1.78494,2.70041,5.86474
97.300293,3.32294,3.32294,1.93719,2.84838,5.7947
97.30265835,3.5078,3.5078,2.12905,3.03329,5.70442
97.3034502,3.5693,3.5693,2.19328,3.09519,5.6735
97.30431604,3.63655,3.63655,2.26351,3.16252,5.63968
97.30532175,3.71411,3.71411,2.34509,3.24073,5.59957
97.30651409,3.80606,3.80606,2.4418,3.33278,5.55201
97.30847268,3.9558,3.9558,2.60053,3.484,5.47213
97.31237146,4.24955,4.24955,2.9155,3.78111,5.30831
97.32016903,4.81496,4.81496,3.53734,4.35681,4.96199
97.32619504,5.22728,5.22728,4.00644,4.77991,4.67781
97.33123933,5.55249,5.55249,4.38818,5.1156,4.42923
97.33333291,5.68165,5.68165,4.54318,5.24938,4.32326
97.33538982,5.80502,5.80502,4.69317,5.37731,4.21757
97.33722045,5.9118,5.9118,4.82449,5.48811,4.12223
97.33892518,6.00871,6.00871,4.94476,5.58873,4.03239
97.34218855,6.18764,6.18764,5.16901,5.77468,3.85759
97.34467236,6.31814,6.31814,5.33404,5.9105,3.72212
97.34662655,6.4174,6.4174,5.46025,6.01398,3.61408
97.34807648,6.48915,6.48915,5.55172,6.08887,3.53311
97.35026926,6.59461,6.59461,5.68653,6.19914,3.40936
97.35297547,6.71981,6.71981,5.84724,6.33037,3.25454
97.35785688,6.93194,6.93194,6.12196,6.55374,2.96958
97.36411274,7.17841,7.17841,6.44667,6.81532,2.59415
97.37136209,7.42882,7.42882,6.78601,7.08432,2.14552
97.37860671,7.64178,7.64178,7.08666,7.31702,1.68358
97.38662866,7.83459,7.83459,7.37567,7.53304,1.15755
97.40267255,8.08722,8.08722,7.81833,7.83599,0.0667073
97.41401274,8.16063,8.16063,8.02387,7.94782,-0.73042
97.4198828,8.16493,8.16493,8.09575,7.97285,-1.14977
97.42571404,8.14687,8.14687,8.14415,7.97589,-1.56905
97.42729891,8.13734,8.13734,8.15336,7.9722,-1.68335
97.42886063,8.12795,8.12795,8.16081,7.96856,-1.79599
97.43198407,8.10292,8.10292,8.17086,7.95515,-2.02125
97.43823094,8.03443,8.03443,8.17179,7.91022,-2.46978
97.45072469,7.82571,7.82571,8.09852,7.74962,-3.34585
97.47571218,7.13859,7.13859,7.66564,7.1604,-4.89063
97.47684103,7.0982,7.0982,7.63614,7.12448,-4.95324
97.47909873,7.01742,7.01742,7.57714,7.05263,-5.07617
97.48104992,6.94516,6.94516,7.52349,6.98809,-5.17957
97.48264229,6.88408,6.88408,7.47742,6.93328,-5.26187
97.48423719,6.82289,6.82289,7.43128,6.87838,-5.34242
97.487427,6.69529,6.69529,7.33329,6.76331,-5.49804
97.49380663,6.42475,6.42475,7.12053,6.51765,-5.78814
97.50313549,5.99368,5.99368,6.77031,6.12234,-6.16376
97.51494325,5.39094,5.39094,6.26333,5.56345,-6.55933
97.52484237,4.83932,4.83932,5.78608,5.0471,-6.82377
97.53514467,4.22366,4.22366,5.24193,4.46661,-7.03513
97.54440962,3.63644,3.63644,4.71379,3.90965,-7.17039
97.5541948,2.98472,2.98472,4.11898,3.28846,-7.25775
97.57376516,1.59868,1.59868,2.82942,1.95893,-7.26653
97.61290588,-1.39432,-1.39432,-0.0479191,-0.94524,-6.66795
97.62549556,-2.39436,-2.39436,-1.0433,-1.92942,-6.30803
97.62969026,-2.72866,-2.72866,-1.38103,-2.26062,-6.17073
97.63133864,-2.86003,-2.86003,-1.51456,-2.39077,-6.11389
97.63288445,-2.98261,-2.98261,-1.63977,-2.51282,-6.06059
97.63494032,-3.14565,-3.14565,-1.80698,-2.67469,-5.98724
97.63719211,-3.3229,-3.3229,-1.99011,-2.852,-5.90436
97.63792806,-3.38083,-3.38083,-2.04997,-2.90966,-5.87727
97.63948648,-3.50255,-3.50255,-2.17697,-3.03175,-5.81834
97.64036767,-3.57138,-3.57138,-2.24879,-3.10048,-5.78436
97.6413582,-3.64812,-3.64812,-2.32951,-3.17773,-5.74616
97.64256584,-3.74168,-3.74168,-2.42792,-3.27126,-5.69827
97.64459686,-3.89769,-3.89769,-2.5933,-3.42854,-5.61771
97.64865889,-4.20507,-4.20507,-2.92305,-3.73893,-5.45033
97.65678297,-4.79593,-4.79593,-3.57368,-4.33949,-5.09533
97.65881399,-4.93703,-4.93703,-3.73354,-4.48388,-5.0016
97.66287603,-5.21235,-5.21235,-4.04958,-4.76631,-4.81033
97.66597324,-5.41467,-5.41467,-4.28624,-4.97452,-4.66062
97.66774105,-5.52688,-5.52688,-4.41897,-5.09025,-4.57332
97.66868681,-5.58556,-5.58556,-4.48998,-5.15086,-4.52662
97.66945211,-5.63305,-5.63305,-4.54652,-5.19991,-4.48818
97.67055331,-5.70007,-5.70007,-4.62787,-5.26918,-4.43288
97.67187235,-5.77898,-5.77898,-4.72408,-5.35077,-4.36569
97.67272225,-5.82904,-5.82904,-4.7855,-5.40255,-4.32239
97.67442204,-5.92738,-5.92738,-4.90689,-5.50427,-4.23462
97.67723355,-6.08489,-6.08489,-5.10314,-5.66734,-4.08725
97.6794964,-6.2071,-6.2071,-5.2567,-5.794,-3.96666
97.68108836,-6.29013,-6.29013,-5.36224,-5.88019,-3.88055
97.68196568,-6.33589,-6.33589,-5.4193,-5.92769,-3.8331
97.68245932,-6.36086,-6.36086,-5.4514,-5.95364,-3.80606
97.68362015,-6.41956,-6.41956,-5.52561,-6.01466,-3.74247
97.68551328,-6.51277,-6.51277,-5.64408,-6.1117,-3.63767
97.68788671,-6.62586,-6.62586,-5.78827,-6.22966,-3.50467
97.69167546,-6.79779,-6.79779,-6.0088,-6.4096,-3.28871
97.69925297,-7.11049,-7.11049,-6.41602,-6.7392,-2.84393
97.7085261,-7.43747,-7.43747,-6.85567,-7.08862,-2.27781
97.71737911,-7.69324,-7.69324,-7.21714,-7.36765,-1.71668
97.72537497,-7.87746,-7.87746,-7.49581,-7.5744,-1.19406
97.74136671,-8.11537,-8.11537,-7.92005,-7.86129,-0.111173
97.75322481,-8.18139,-8.18139,-8.12167,-7.96672,0.718642
97.75931854,-8.17932,-8.17932,-8.18829,-7.98582,1.15205
97.76538085,-8.15347,-8.15347,-8.23,-7.9816,1.58587
97.76702873,-8.14238,-8.14238,-8.23713,-7.97647,1.70408
97.7686522,-8.12976,-8.12976,-8.2424,-7.96977,1.82054
97.77189913,-8.09958,-8.09958,-8.24778,-7.9515,2.05346
97.77839299,-8.01963,-8.01963,-8.23809,-7.89574,2.51663
97.79138071,-7.78365,-7.78365,-8.1387,-7.70921,3.41805
97.81735615,-7.02704,-7.02704,-7.63616,-7.0531,4.9821
97.8265134,-6.67329,-6.67329,-7.36536,-6.73483,5.44313
97.83481917,-6.31569,-6.31569,-7.07965,-6.40911,5.81497
97.84472499,-5.84629,-5.84629,-6.69143,-5.97701,6.19973
97.85482875,-5.32224,-5.32224,-6.24475,-5.48986,6.52739
97.86485759,-4.75977,-4.75977,-5.75346,-4.96263,6.78915
97.8749409,-4.15482,-4.15482,-5.21426,-4.39161,6.98962
97.8847478,-3.53149,-3.53149,-4.64921,-3.79983,7.12522
97.89429767,-2.89421,-2.89421,-4.06319,-3.19188,7.20186
97.9133974,-1.54365,-1.54365,-2.79865,-1.89572,7.19611
97.95159687,1.3608,1.3608,0.00645292,0.922117,6.59366
97.96407816,2.34484,2.34484,0.988834,1.88996,6.23309
97.96780345,2.63968,2.63968,1.28721,2.1818,6.11041
97.96932329,2.75998,2.75998,1.40961,2.30087,6.05792
97.97075287,2.87286,2.87286,1.52473,2.41286,6.00856
97.97361202,3.09774,3.09774,1.75572,2.63657,5.90601
97.9756788,3.25941,3.25941,1.92315,2.79751,5.82959
97.9780986,3.44755,3.44755,2.11919,2.98594,5.73768
97.97889769,3.50929,3.50929,2.18393,3.0478,5.70661
97.9797717,3.57681,3.57681,2.25479,3.11547,5.67263
97.98205502,3.75194,3.75194,2.43993,3.29136,5.58187
97.98415731,3.9117,3.9117,2.61018,3.4522,5.49632
97.98836188,4.22613,4.22613,2.94946,3.7699,5.31962
97.99677102,4.82867,4.82867,3.61781,4.38286,4.94452
98.00318452,5.25918,5.25918,4.11335,4.82423,4.63962
98.00677188,5.48724,5.48724,4.38348,5.05923,4.46218
98.00852859,5.59526,5.59526,4.51312,5.17081,4.37321
98.0094915,5.65316,5.65316,4.58419,5.23068,4.32444
98.01004425,5.6864,5.6864,4.6244,5.26506,4.29598
98.01058213,5.7181,5.7181,4.66354,5.29785,4.26829
98.01134285,5.76294,5.76294,4.71826,5.34423,4.22912
98.01215122,5.80939,5.80939,4.77642,5.39231,4.18692
98.01353767,5.88906,5.88906,4.87481,5.47476,4.11453
98.01631057,6.04276,6.04276,5.0675,5.63393,3.96735
98.01899695,6.18578,6.18578,5.24856,5.78225,3.82223
98.02066393,6.27106,6.27106,5.35796,5.87143,3.73068
98.02161047,6.31948,6.31948,5.41881,5.92073,3.6787
98.02214445,6.34589,6.34589,5.45313,5.94855,3.64899
98.02267336,6.37205,6.37205,5.4865,5.97609,3.61955
98.02338388,6.4072,6.4072,5.53132,6.01218,3.58001
98.02413017,6.44298,6.44298,5.57725,6.05007,3.538
98.02562276,6.51454,6.51454,5.66912,6.12424,3.45396
98.02831157,6.63851,6.63851,5.82895,6.25375,3.30047
98.03306398,6.8446,6.8446,6.09694,6.46996,3.0237
98.03983818,7.11005,7.11005,6.44832,6.75064,2.61767
98.04816025,7.39126,7.39126,6.83276,7.05195,2.10146
98.05570409,7.60392,7.60392,7.13753,7.28417,1.61811
98.06396487,7.79127,7.79127,7.42466,7.49436,1.0735
98.08048644,8.02607,8.02607,7.85591,7.77893,-0.0559066
98.0912571,8.08041,8.08041,8.03577,7.86838,-0.816198
98.09657267,8.07892,8.07892,8.09541,7.88493,-1.19691
98.09996525,8.06831,8.06831,8.12349,7.88607,-1.4413
98.10247747,8.05566,8.05566,8.13932,7.88222,-1.62276
98.10559323,8.03439,8.03439,8.15314,7.87197,-1.84781
98.11182474,7.9735,7.9735,8.16165,7.83348,-2.2969
98.12428778,7.78024,7.78024,8.10361,7.68611,-3.17802
98.14921384,7.12469,7.12469,7.70115,7.12444,-4.75227
98.15743533,6.83238,6.83238,7.48681,6.86337,-5.20027
98.16427006,6.56218,6.56218,7.27912,6.61903,-5.53989
98.16879428,6.37021,6.37021,7.1273,6.44409,-5.7476
98.17368298,6.15148,6.15148,6.95079,6.24359,-5.95668
98.18346038,5.68045,5.68045,6.56037,5.80835,-6.3282
98.19442426,5.10184,5.10184,6.06583,5.2685,-6.6726
98.20428377,4.53879,4.53879,5.57251,4.7389,-6.91837
98.21441224,3.92136,3.92136,5.02079,4.15442,-7.10886
98.22455362,3.26676,3.26676,4.42585,3.53134,-7.23763
98.24077841,2.15325,2.15325,3.39477,2.46515,-7.31776
98.27322801,-0.257895,-0.257895,1.09895,0.136214,-7.03829
98.29369668,-1.85992,-1.85992,-0.476372,-1.43244,-6.57651
98.3021368,-2.52837,-2.52837,-1.1489,-2.0935,-6.32459
98.3052472,-2.77471,-2.77471,-1.39951,-2.33818,-6.223
98.3077357,-2.97125,-2.97125,-1.60086,-2.53395,-6.13842
98.30995136,-3.14548,-3.14548,-1.78074,-2.70768,-6.06074
98.31195734,-3.3022,-3.3022,-1.94359,-2.86498,-5.98801
98.31303376,-3.3863,-3.3863,-2.0312,-2.94894,-5.94898
98.3144893,-3.49912,-3.49912,-2.14966,-3.06248,-5.89445
98.3153594,-3.56656,-3.56656,-2.22047,-3.13003,-5.86186
98.31632616,-3.64092,-3.64092,-2.29915,-3.20508,-5.82471
98.31741343,-3.72455,-3.72455,-2.38763,-3.28893,-5.78294
98.31916201,-3.858,-3.858,-2.52969,-3.4238,-5.71431
98.32247022,-4.10745,-4.10745,-2.79845,-3.67618,-5.5809
98.32908665,-4.5916,-4.5916,-3.33088,-4.16868,-5.30039
98.34231949,-5.47556,-5.47556,-4.35315,-5.07613,-4.68748
98.34696236,-5.75614,-5.75614,-4.69416,-5.3661,-4.45652
98.35118707,-5.99695,-5.99695,-4.99342,-5.61556,-4.2395
98.35427757,-6.16426,-6.16426,-5.20447,-5.78922,-4.07675
98.35631111,-6.2703,-6.2703,-5.33929,-5.89945,-3.96747
98.3574041,-6.32572,-6.32572,-5.41006,-5.95713,-3.90874
98.35801909,-6.3569,-6.3569,-5.44988,-5.98959,-3.87515
98.35944296,-6.42739,-6.42739,-5.54012,-6.06306,-3.7974
98.36032456,-6.46976,-6.46976,-5.5951,-6.10728,-3.74861
98.36191048,-6.54596,-6.54596,-5.69233,-6.18683,-3.66083
98.36508232,-6.69175,-6.69175,-5.88046,-6.33946,-3.48241
98.371426,-6.96137,-6.96137,-6.23256,-6.62331,-3.11629
98.3780619,-7.21254,-7.21254,-6.56781,-6.89022,-2.72063
98.3844781,-7.42574,-7.42574,-6.86093,-7.11955,-2.32644
98.39369705,-7.68176,-7.68176,-7.23031,-7.40027,-1.74167
98.40477263,-7.91193,-7.91193,-7.59496,-7.66243,-1.01336
98.42668813,-8.12507,-8.12507,-8.0682,-7.9453,0.492741
98.43618109,-8.11923,-8.11923,-8.17218,-7.97205,1.16611
98.44168376,-8.08923,-8.08923,-8.20492,-7.96151,1.56002
98.44354341,-8.07472,-8.07472,-8.21145,-7.95367,1.69355
98.44525754,-8.05942,-8.05942,-8.21547,-7.94455,1.81663
98.44868579,-8.02334,-8.02334,-8.21777,-7.92092,2.06259
98.45554229,-7.92957,-7.92957,-8.1997,-7.85237,2.55152
98.46925529,-7.65824,-7.65824,-8.07503,-7.6324,3.49976
98.4812848,-7.33149,-7.33149,-7.87112,-7.35127,4.27646
98.4912451,-7.00077,-7.00077,-7.63757,-7.05838,4.86223
98.49550791,-6.84302,-6.84302,-7.52007,-6.91677,5.09405
98.49810757,-6.74217,-6.74217,-7.44336,-6.82574,5.22924
98.50057532,-6.64325,-6.64325,-7.36706,-6.73612,5.35305
98.50293204,-6.54594,-6.54594,-7.29107,-6.64765,5.46719
98.50764548,-6.34317,-6.34317,-7.1301,-6.46244,5.68375
98.51707236,-5.90619,-5.90619,-6.77319,-6.05996,6.07195
98.52777085,-5.36198,-5.36198,-6.31389,-5.55362,6.44243
98.53747039,-4.82675,-4.82675,-5.84998,-5.05131,6.71556
98.54753539,-4.23226,-4.23226,-5.32365,-4.48945,6.93711
98.55596739,-3.70566,-3.70566,-4.84949,-3.98899,7.0749
98.56501492,-3.11402,-3.11402,-4.30932,-3.42417,7.17497
98.58310999,-1.85947,-1.85947,-3.14251,-2.21939,7.23059
98.61930012,0.853195,0.853195,-0.541923,0.411056,6.79968
98.63376917,1.98822,1.98822,0.579991,1.52617,6.43382
98.6411098,2.56753,2.56753,1.16305,2.09995,6.20798
98.64390091,2.78779,2.78779,1.38683,2.31895,6.11518
98.64486281,2.8634,2.8634,1.46424,2.39442,6.08192
98.64678662,3.01461,3.01461,1.61905,2.54501,6.0154
98.64921866,3.20471,3.20471,1.81545,2.73539,5.92834
98.65210676,3.42892,3.42892,2.04867,2.96025,5.82149
98.65276372,3.47958,3.47958,2.10182,3.0114,5.79653
98.65366046,3.54873,3.54873,2.17436,3.08085,5.76247
98.65453272,3.61559,3.61559,2.24492,3.14841,5.72867
98.65552441,3.69161,3.69161,2.32515,3.22482,5.69025
98.65672017,3.78271,3.78271,2.42188,3.31696,5.6426
98.65872282,3.93422,3.93422,2.58371,3.47026,5.5628
98.6627281,4.23259,4.23259,2.90633,3.77325,5.39702
98.67073867,4.80556,4.80556,3.54282,4.35919,5.04556
98.67274132,4.94225,4.94225,3.69921,4.5,4.95279
98.6767466,5.20888,5.20888,4.0084,4.77539,4.76349
98.67980033,5.40471,5.40471,4.23996,4.97839,4.61536
98.68188383,5.53421,5.53421,4.39555,5.11299,4.51221
98.68218029,5.55222,5.55222,4.41741,5.13174,4.49754
98.68321282,5.61495,5.61495,4.49356,5.19705,4.44561
98.68351217,5.63282,5.63282,4.51564,5.21567,4.43056
98.68406083,5.66557,5.66557,4.55564,5.24979,4.40296
98.6843477,5.68269,5.68269,4.57655,5.26764,4.38835
98.68486128,5.71281,5.71281,4.61399,5.29903,4.3622
98.68564139,5.75857,5.75857,4.67019,5.34673,4.32247
98.68635354,5.79938,5.79938,4.7215,5.38928,4.28576
98.6875411,5.86743,5.86743,4.80604,5.46024,4.22453
98.68991624,5.99936,5.99936,4.97219,5.5979,4.10027
98.69357506,6.19377,6.19377,5.21979,5.80107,3.905
98.69542944,6.28829,6.28829,5.34118,5.90001,3.80396
98.69640792,6.33686,6.33686,5.40381,5.95093,3.75065
98.69699467,6.36599,6.36599,5.44137,5.98146,3.7182
98.6984227,6.43526,6.43526,5.53089,6.05417,3.63923
98.69932045,6.47746,6.47746,5.58625,6.09855,3.58891
98.70095923,6.55451,6.55451,5.6855,6.17958,3.49706
98.70423678,6.70154,6.70154,5.87722,6.33472,3.31031
98.7107919,6.97208,6.97208,6.23477,6.62205,2.9269
98.71759036,7.22001,7.22001,6.57061,6.88827,2.51597
98.72395241,7.42226,7.42226,6.85374,7.10852,2.11985
98.73226592,7.64375,7.64375,7.17963,7.35477,1.58668
98.74621731,7.90823,7.90823,7.61687,7.66383,0.657221
98.76571799,8.05846,8.05846,8.00287,7.88183,-0.699454
98.77341845,8.04845,8.04845,8.0839,7.90017,-1.24964
98.78096616,8.00153,8.00153,8.12486,7.88174,-1.79252
98.78302104,7.98245,7.98245,8.12945,7.87053,-1.94061
98.78505344,7.96097,7.96097,8.13127,7.85688,-2.08709
98.78911824,7.9103,7.9103,8.12685,7.82197,-2.37913
98.79724784,7.77874,7.77874,8.08619,7.72229,-2.95621
98.81350703,7.39931,7.39931,7.88135,7.40739,-4.05051
98.82590747,7.00985,7.00985,7.61786,7.0673,-4.80173
98.83137312,6.81155,6.81155,7.47297,6.89068,-5.10411
98.83457224,6.68814,6.68814,7.38018,6.77991,-5.27181
98.83759276,6.56679,6.56679,7.28729,6.67044,-5.42351
98.84038651,6.45045,6.45045,7.19687,6.56503,-5.55809
98.84597402,6.20626,6.20626,7.00331,6.34251,-5.81114
98.85526306,5.76763,5.76763,6.64514,5.93917,-6.1861
98.86799618,5.10391,5.10391,6.08377,5.32189,-6.61039
98.87844854,4.50845,4.50845,5.56527,4.7627,-6.88288
98.88928943,3.84649,3.84649,4.97622,4.13653,-7.09471
98.90024994,3.13535,3.13535,4.33149,3.45965,-7.23681
98.91613784,2.03928,2.03928,3.31837,2.40976,-7.31717
98.94791365,-0.326539,-0.326539,1.06965,0.122999,-7.05547
98.96792024,-1.89164,-1.89164,-0.467302,-1.4116,-6.61667
98.97623364,-2.54908,-2.54908,-1.12809,-2.06307,-6.3747
98.9792908,-2.79085,-2.79085,-1.37376,-2.30373,-6.27719
98.9816291,-2.97523,-2.97523,-1.56246,-2.4878,-6.19961
98.98402586,-3.16338,-3.16338,-1.75654,-2.67591,-6.11747
98.98601888,-3.31868,-3.31868,-1.91793,-2.83234,-6.04718
98.98750461,-3.43446,-3.43446,-2.03857,-2.94831,-5.99342
98.98809033,-3.47971,-3.47971,-2.08613,-2.99403,-5.97222
98.98890203,-3.54241,-3.54241,-2.15203,-3.05738,-5.94217
98.98976645,-3.60919,-3.60919,-2.22222,-3.12451,-5.91017
98.99075731,-3.68512,-3.68512,-2.30268,-3.20146,-5.87265
98.99190571,-3.77313,-3.77313,-2.39593,-3.29002,-5.82916
98.9937773,-3.91533,-3.91533,-2.54757,-3.43436,-5.75666
98.99742487,-4.18868,-4.18868,-2.84311,-3.71226,-5.61103
99.00472002,-4.71641,-4.71641,-3.42735,-4.25236,-5.30308
99.0104797,-5.11144,-5.11144,-3.8792,-4.65983,-5.04466
99.01191962,-5.20629,-5.20629,-3.9903,-4.75819,-4.97756
99.01479947,-5.39213,-5.39213,-4.21033,-4.95131,-4.84145
99.01679498,-5.51734,-5.51734,-4.3606,-5.08175,-4.74535
99.01707915,-5.5348,-5.5348,-4.382,-5.09997,-4.73167
99.01805707,-5.59489,-5.59489,-4.4547,-5.16267,-4.68382
99.01872112,-5.63499,-5.63499,-4.50406,-5.20455,-4.65134
99.01898883,-5.65115,-5.65115,-4.52373,-5.22144,-4.63824
99.01926911,-5.66808,-5.66808,-4.54433,-5.23912,-4.62437
99.02012917,-5.71899,-5.71899,-4.60753,-5.29259,-4.5818
99.02086019,-5.76226,-5.76226,-4.66062,-5.3373,-4.54527
99.02159692,-5.80475,-5.80475,-4.71412,-5.38236,-4.50846
99.02290953,-5.88045,-5.88045,-4.80829,-5.46109,-4.4422
99.02553476,-6.02687,-6.02687,-4.99307,-5.61429,-4.30784
99.02826296,-6.17323,-6.17323,-5.17968,-5.76764,-4.16563
99.03098307,-6.31342,-6.31342,-5.35975,-5.91478,-4.02127
99.03216158,-6.37192,-6.37192,-5.43584,-5.97631,-3.95773
99.03322716,-6.42481,-6.42481,-5.50312,-6.03194,-3.90027
99.03424117,-6.4735,-6.4735,-5.56715,-6.08324,-3.84486
99.03531559,-6.52509,-6.52509,-5.63352,-6.13761,-3.78615
99.03746443,-6.62489,-6.62489,-5.76332,-6.24303,-3.66724
99.04176211,-6.81439,-6.81439,-6.01154,-6.44399,-3.425
99.04283653,-6.85859,-6.85859,-6.0708,-6.49113,-3.36306
99.04498537,-6.94699,-6.94699,-6.18716,-6.58541,-3.2392
99.04928305,-7.11297,-7.11297,-6.40974,-6.76346,-2.98694
99.05417895,-7.28632,-7.28632,-6.64673,-6.95101,-2.69317
99.06000757,-7.47081,-7.47081,-6.90612,-7.15307,-2.33489
99.06644696,-7.64715,-7.64715,-7.1644,-7.34963,-1.92885
99.07932573,-7.91438,-7.91438,-7.59352,-7.65976,-1.08803
99.09970794,-8.11008,-8.11008,-8.03949,-7.92911,0.306273
99.111305,-8.09978,-8.09978,-8.16778,-7.96343,1.12614
99.11674435,-8.06511,-8.06511,-8.19704,-7.95029,1.51512
99.11867792,-8.04826,-8.04826,-8.20273,-7.94117,1.65383
99.12048239,-8.03042,-8.03042,-8.20583,-7.93058,1.78328
99.12383948,-7.99186,-7.99186,-8.20599,-7.90559,2.02412
99.13055364,-7.89414,-7.89414,-8.18463,-7.83525,2.50302
99.14398198,-7.61876,-7.61876,-8.0572,-7.61529,3.43386
99.15992859,-7.15952,-7.15952,-7.76428,-7.22213,4.44988
99.16801216,-6.87384,-6.87384,-7.55869,-6.96979,4.91426
99.17210534,-6.71606,-6.71606,-7.4403,-6.82879,5.13364
99.17548835,-6.57919,-6.57919,-7.33539,-6.70572,5.30611
99.17819273,-6.46568,-6.46568,-7.247,-6.60317,5.4381
99.18107819,-6.34062,-6.34062,-7.14832,-6.48974,5.57321
99.18684912,-6.07861,-6.07861,-6.93775,-6.25074,5.82626
99.19353432,-5.75589,-5.75589,-6.67229,-5.95415,6.09162
99.20515715,-5.14841,-5.14841,-6.15821,-5.39051,6.48435
99.21602442,-4.53038,-4.53038,-5.62022,-4.81143,6.77447
99.22750871,-3.82892,-3.82892,-4.99551,-4.14891,7.00167
99.23858065,-3.1098,-3.1098,-4.34262,-3.46517,7.1448
99.25081823,-2.27141,-2.27141,-3.56842,-2.66337,7.21802
99.27529339,-0.485371,-0.485371,-1.88169,-0.942264,7.10768
99.2943245,0.981034,0.981034,-0.464694,0.481991,6.79557
99.30482877,1.81017,1.81017,0.350001,1.29303,6.54196
99.31019393,2.23661,2.23661,0.773559,1.71231,6.39088
99.31205275,2.38435,2.38435,0.921347,1.85827,6.33476
99.31303375,2.46232,2.46232,0.999576,1.9353,6.30514
99.31371384,2.51638,2.51638,1.05381,1.98871,6.28388
99.31463561,2.58964,2.58964,1.12751,2.06118,6.25506
99.31560085,2.66622,2.66622,1.20468,2.13707,6.22405
99.31669722,2.75319,2.75319,1.2926,2.22327,6.18882
99.31820199,2.87203,2.87203,1.41327,2.34158,6.13921
99.32084753,3.08094,3.08094,1.62605,2.54908,6.04944
99.32336466,3.27838,3.27838,1.8292,2.7465,5.96104
99.32625042,3.50315,3.50315,2.06209,2.97159,5.85615
99.32689953,3.55337,3.55337,2.11457,3.02222,5.83191
99.32779424,3.6226,3.6226,2.1869,3.09166,5.7985
99.32867155,3.69006,3.69006,2.25783,3.15974,5.76507
99.3296642,3.76639,3.76639,2.33809,3.23639,5.72724
99.33087327,3.85879,3.85879,2.43584,3.32974,5.67982
99.33290799,4.01317,4.01317,2.60016,3.48583,5.60001
99.33697742,4.31704,4.31704,2.9277,3.79428,5.43398
99.34511629,4.89973,4.89973,3.57354,4.39038,5.08124
99.35132682,5.3169,5.3169,4.05354,4.82113,4.7941
99.35498183,5.54952,5.54952,4.32902,5.06287,4.61788
99.35519009,5.5624,5.5624,4.34472,5.0763,4.60784
99.35607689,5.61725,5.61725,4.41059,5.13348,4.56415
99.35639086,5.63633,5.63633,4.43392,5.15345,4.54869
99.35675811,5.65865,5.65865,4.46091,5.17681,4.5306
99.35710833,5.67993,5.67993,4.48665,5.19909,4.51312
99.35750533,5.70405,5.70405,4.51583,5.22395,4.4933
99.35808024,5.73835,5.73835,4.55809,5.25996,4.46461
99.35836519,5.75534,5.75534,4.57881,5.2778,4.45039
99.35865061,5.77237,5.77237,4.59956,5.29542,4.43615
99.35916415,5.80246,5.80246,4.6369,5.32712,4.41015
99.35994248,5.84807,5.84807,4.69288,5.37439,4.37075
99.36065307,5.88876,5.88876,4.74398,5.41754,4.33477
99.36184061,5.95675,5.95675,4.82836,5.48828,4.27396
99.3642157,6.08857,6.08857,4.99418,5.62623,4.15082
99.36705126,6.24001,6.24001,5.18661,5.78492,4.00121
99.36981803,6.38168,6.38168,5.36808,5.93366,3.85253
99.37102053,6.4409,6.4409,5.44493,5.99596,3.78688
99.37210907,6.49451,6.49451,5.5129,6.05236,3.72744
99.37315997,6.54449,6.54449,5.57852,6.10505,3.66929
99.37424976,6.59632,6.59632,5.64504,6.1597,3.60898
99.37642935,6.69647,6.69647,5.77501,6.26554,3.48682
99.38078852,6.88623,6.88623,6.0232,6.46695,3.23797
99.38187831,6.93037,6.93037,6.08235,6.51474,3.17434
99.3840579,7.01863,7.01863,6.19842,6.60833,3.0471
99.38841708,7.18392,7.18392,6.42009,6.78593,2.78798
99.3928396,7.33789,7.33789,6.63058,6.9528,2.5196
99.39902819,7.5301,7.5301,6.90108,7.16381,2.1351
99.40564561,7.70583,7.70583,7.15978,7.36056,1.71306
99.41888045,7.96615,7.96615,7.58429,7.66571,0.838982
99.4393608,8.13555,8.13555,8.00254,7.91073,-0.576677
99.44795713,8.12361,8.12361,8.09286,7.93256,-1.18889
99.4542168,8.08471,8.08471,8.12745,7.9189,-1.63852
99.45622707,8.06688,8.06688,8.13304,7.90928,-1.78336
99.45805585,8.04843,8.04843,8.1358,7.89834,-1.91512
99.46171343,8.00526,8.00526,8.13479,7.87029,-2.1783
99.46902857,7.8942,7.8942,8.10689,7.78982,-2.70061
99.48365887,7.57655,7.57655,7.95025,7.53424,-3.70685
99.49507237,7.24343,7.24343,7.73724,7.24994,-4.43456
99.50464709,6.90876,6.90876,7.49919,6.95614,-4.98901
99.50858038,6.75705,6.75705,7.38602,6.82116,-5.19983
99.51234586,6.60432,6.60432,7.26951,6.68436,-5.39154
99.5154584,6.47265,6.47265,7.16727,6.5658,-5.54247
99.51896328,6.31865,6.31865,7.04584,6.42647,-5.70437
99.52597305,5.99299,5.99299,6.7834,6.12977,-6.00343
99.53527246,5.52613,5.52613,6.39629,5.7004,-6.35085
99.54467907,5.01551,5.01551,5.96141,5.2264,-6.64646
99.55354851,4.50079,4.50079,5.51342,4.7449,-6.87469
99.56255664,3.9472,3.9472,5.02285,4.22372,-7.05709
99.57100304,3.40189,3.40189,4.5322,3.70758,-7.18344
99.58789582,2.2446,2.2446,3.47107,2.60503,-7.30937
99.6216814,-0.270713,-0.270713,1.09354,0.183705,-7.08068
99.6426795,-1.91844,-1.91844,-0.51968,-1.42806,-6.6327
99.6514216,-2.61158,-2.61158,-1.21563,-2.11403,-6.3801
99.6545357,-2.85848,-2.85848,-1.46634,-2.35939,-6.28105
99.65725575,-3.07326,-3.07326,-1.68627,-2.5737,-6.19074
99.65925647,-3.23046,-3.23046,-1.84855,-2.73068,-6.12214
99.66176293,-3.42622,-3.42622,-2.05186,-2.92735,-6.03363
99.66335606,-3.54988,-3.54988,-2.1813,-3.05158,-5.9759
99.66429398,-3.62223,-3.62223,-2.25751,-3.12471,-5.94117
99.66529977,-3.69981,-3.69981,-2.33923,-3.20266,-5.90393
99.66667641,-3.8053,-3.8053,-2.45108,-3.30935,-5.85195
99.66907869,-3.98783,-3.98783,-2.64602,-3.49413,-5.75927
99.67388326,-4.34585,-4.34585,-3.03416,-3.85819,-5.56646
99.68349239,-5.02457,-5.02457,-3.79527,-4.55437,-5.15222
99.68991593,-5.44429,-5.44429,-4.2869,-4.98898,-4.8547
99.69278802,-5.62204,-5.62204,-4.50106,-5.17393,-4.71647
99.69432714,-5.71459,-5.71459,-4.61412,-5.27039,-4.64068
99.69578903,-5.8007,-5.8007,-4.72024,-5.36018,-4.5687
99.69721895,-5.88322,-5.88322,-4.82275,-5.44627,-4.49677
99.69854538,-5.95827,-5.95827,-4.91662,-5.52461,-4.43005
99.70119824,-6.10416,-6.10416,-5.10056,-5.67701,-4.29402
99.70402227,-6.25338,-6.25338,-5.29032,-5.83315,-4.14649
99.70631637,-6.37007,-6.37007,-5.43962,-5.95546,-4.0246
99.70799026,-6.45269,-6.45269,-5.54566,-6.0422,-3.93454
99.70883614,-6.49311,-6.49311,-5.59832,-6.08473,-3.88842
99.7105279,-6.57395,-6.57395,-5.70179,-6.16978,-3.7962
99.71363047,-6.71575,-6.71575,-5.88531,-6.31945,-3.62421
99.71983561,-6.97842,-6.97842,-6.22927,-6.59836,-3.27114
99.7264005,-7.22631,-7.22631,-6.561,-6.86428,-2.88497
99.73270326,-7.43561,-7.43561,-6.84943,-7.09176,-2.50264
99.74153027,-7.6821,-7.6821,-7.20536,-7.36516,-1.94958
99.75306068,-7.92323,-7.92323,-7.58766,-7.64387,-1.1993
99.77411254,-8.13324,-8.13324,-8.04989,-7.92866,0.235986
99.78568627,-8.12459,-8.12459,-8.17629,-7.96409,1.05327
99.79103973,-8.09136,-8.09136,-8.20453,-7.95186,1.43603
99.79290856,-8.07546,-8.07546,-8.20992,-7.94338,1.57021
99.79466949,-8.05847,-8.05847,-8.21292,-7.93341,1.69665
99.7967175,-8.03628,-8.03628,-8.21386,-7.91944,1.84369
99.80081352,-7.98416,-7.98416,-8.20764,-7.88385,2.13743
99.80900556,-7.8495,-7.8495,-8.16319,-7.78262,2.71966
99.82538965,-7.46313,-7.46313,-7.95,-7.46398,3.83205
99.83762988,-7.07671,-7.07671,-7.68597,-7.12833,4.5898
99.84429421,-6.83244,-6.83244,-7.5056,-6.91158,4.9672
99.84756425,-6.70408,-6.70408,-7.40786,-6.79668,5.14179
99.85067034,-6.57715,-6.57715,-7.30953,-6.68246,5.30056
99.85316501,-6.47172,-6.47172,-7.22674,-6.5872,5.42304
99.85586972,-6.35399,-6.35399,-7.13318,-6.48042,5.55081
99.86127914,-6.10807,-6.10807,-6.93447,-6.25621,5.79117
99.86867843,-5.74985,-5.74985,-6.63826,-5.92714,6.08825
99.87960234,-5.17727,-5.17727,-6.15156,-5.39615,6.46208
99.89058664,-4.55223,-4.55223,-5.60589,-4.811,6.76193
99.90231691,-3.83455,-3.83455,-4.96504,-4.1337,6.99961
99.91297092,-3.14168,-3.14168,-4.33471,-3.47549,7.14285
99.92497486,-2.31934,-2.31934,-3.57444,-2.68989,7.22301
99.94898274,-0.568506,-0.568506,-1.92049,-1.00485,7.13526
99.96822709,0.913953,0.913953,-0.488456,0.432972,6.83635
99.97951013,1.80511,1.80511,0.387116,1.3036,6.57048
99.98496053,2.2388,2.2388,0.818018,1.72957,6.41886
99.98687737,2.39132,2.39132,0.970647,1.88013,6.36163
99.98770618,2.45727,2.45727,1.03683,1.94523,6.33689
99.98842066,2.51413,2.51413,1.09389,2.00135,6.3148
99.9893316,2.58661,2.58661,1.16682,2.0729,6.28663
99.99034737,2.66729,2.66729,1.24814,2.15275,6.25432
99.9914607,2.75571,2.75571,1.33754,2.24028,6.21891
99.99314577,2.8892,2.8892,1.47285,2.37275,6.1638
99.99621451,3.13128,3.13128,1.72006,2.61357,6.06003
99.99844708,3.30638,3.30638,1.9004,2.78811,5.98181
100,3.42759,3.42759,2.02584,2.90952,5.92606
