"TIME","SIN1","SIN2","SIN3","SIN4","SIN5"
90,-4.0441,-4.04406,-4.84215,2.16786,2.62837
90.001135,-3.98111,-3.98106,-4.90243,2.09901,2.55764
90.00150015,-3.96084,-3.9608,-4.92156,2.07673,2.53474
90.00200077,-3.93275,-3.93271,-4.94778,2.04619,2.50335
90.00282061,-3.88674,-3.8867,-4.98996,1.99618,2.45195
90.00368806,-3.83806,-3.83802,-5.03459,1.94286,2.39712
90.00488834,-3.77003,-3.76999,-5.09509,1.86909,2.32125
90.00718947,-3.63829,-3.63825,-5.2082,1.72646,2.17448
90.01104932,-3.41352,-3.41347,-5.38973,1.48449,1.92525
90.01876903,-2.95037,-2.95033,-5.72327,0.990945,1.41607
90.02999516,-2.24694,-2.2469,-6.14102,0.252746,0.652625
90.04167131,-1.48144,-1.48139,-6.49351,-0.536803,-0.166372
90.04755619,-1.08355,-1.0835,-6.63997,-0.941722,-0.587647
90.05349834,-0.674458,-0.674407,-6.76696,-1.35365,-1.0176
90.05525681,-0.552043,-0.551992,-6.80053,-1.47609,-1.14562
90.05684363,-0.441083,-0.441031,-6.82885,-1.58657,-1.26143
90.05772957,-0.378934,-0.378883,-6.84467,-1.64826,-1.32609
90.05883202,-0.301406,-0.301354,-6.86281,-1.72502,-1.40676
90.05999744,-0.219225,-0.219173,-6.88199,-1.80616,-1.49203
90.06135794,-0.123001,-0.122949,-6.90294,-1.90089,-1.59157
90.06342309,0.0236291,0.0236812,-6.93269,-2.04449,-1.7428
90.06716914,0.291255,0.291308,-6.98032,-2.30416,-2.01713
90.07466124,0.832007,0.83206,-7.05132,-2.81764,-2.56272
90.07809739,1.08215,1.0822,-7.07313,-3.04975,-2.81085
90.08150306,1.33114,1.3312,-7.08812,-3.27696,-3.05448
90.08238538,1.39565,1.3957,-7.0907,-3.3352,-3.11759
90.08333646,1.46539,1.46544,-7.09347,-3.39798,-3.18498
90.08450032,1.55073,1.55078,-7.09523,-3.47425,-3.26743
90.08650074,1.6974,1.69746,-7.09826,-3.60424,-3.40804
90.08983084,1.94158,1.94163,-7.09726,-3.81718,-3.63929
90.09649104,2.42786,2.42791,-7.0769,-4.22774,-4.08877
90.10180584,2.81216,2.81221,-7.04329,-4.5384,-4.43266
90.10625544,3.12995,3.13,-7.00342,-4.78514,-4.70865
90.10819559,3.26685,3.2669,-6.98211,-4.88864,-4.82528
90.1093915,3.35123,3.35128,-6.96897,-4.95064,-4.8955
90.11053381,3.43087,3.43092,-6.95464,-5.00987,-4.96256
90.11214803,3.5434,3.54345,-6.9344,-5.09129,-5.05507
90.1136554,3.64728,3.64732,-6.91359,-5.16566,-5.13971
90.11419558,3.6845,3.68455,-6.90614,-5.19183,-5.16951
90.11472602,3.72071,3.72076,-6.89821,-5.21753,-5.19877
90.11563345,3.78266,3.78271,-6.88465,-5.2606,-5.24783
90.11654369,3.84409,3.84414,-6.87105,-5.30381,-5.29703
90.1180489,3.94568,3.94573,-6.84706,-5.37358,-5.3765
90.12105932,4.1452,4.14525,-6.79561,-5.50867,-5.53043
90.12625137,4.47832,4.47837,-6.69613,-5.72808,-5.78079
90.13663548,5.09245,5.09249,-6.45742,-6.11696,-6.22681
90.14032646,5.29273,5.29276,-6.36,-6.23937,-6.36813
90.14366893,5.46546,5.46549,-6.26621,-6.34319,-6.4885
90.14656043,5.60825,5.60828,-6.18088,-6.42766,-6.58688
90.14978945,5.76055,5.76058,-6.08106,-6.51617,-6.69049
90.15624749,6.04325,6.04327,-5.86745,-6.67491,-6.87809
90.1661307,6.42131,6.42133,-5.50568,-6.87104,-7.11496
90.17895607,6.81647,6.81648,-4.97657,-7.04226,-7.33295
90.19430744,7.15132,7.15133,-4.26102,-7.12606,-7.46376
90.21584888,7.37509,7.37509,-3.12282,-7.02912,-7.41662
90.24696984,7.21693,7.21692,-1.25305,-6.47601,-6.90373
90.27040387,6.74432,6.7443,0.293132,-5.76105,-6.19579
90.28336314,6.35977,6.35975,1.18451,-5.26313,-5.69368
90.28999924,6.13049,6.13046,1.64686,-4.98152,-5.40781
90.29232215,6.0452,6.04517,1.80921,-4.87883,-5.3033
90.29447491,5.9639,5.96387,1.95966,-4.78184,-5.20448
90.29878044,5.795,5.79496,2.25981,-4.58278,-5.00133
90.30739149,5.43278,5.43274,2.85296,-4.16515,-4.57397
90.32461359,4.61732,4.61728,3.97462,-3.25826,-3.64166
90.33767107,3.92384,3.9238,4.73436,-2.51247,-2.87164
90.34334809,3.6032,3.60315,5.03415,-2.17362,-2.52098
90.34697118,3.39284,3.3928,5.21447,-1.95306,-2.29251
90.34995553,3.21638,3.21634,5.35625,-1.76902,-2.10173
90.35303405,3.03145,3.0314,5.49614,-1.57704,-1.90261
90.3591911,2.65317,2.65312,5.757,-1.18699,-1.4977
90.36980872,1.97641,1.97636,6.14981,-0.497123,-0.78057
90.38108506,1.22707,1.22702,6.49021,0.256251,0.00390938
90.38894253,0.688098,0.688044,6.68151,0.791683,0.562503
90.39280734,0.418322,0.418268,6.76193,1.0576,0.840383
90.3938741,0.34334,0.343286,6.78228,1.13128,0.917463
90.39468971,0.285869,0.285814,6.79785,1.18762,0.976397
90.3958523,0.203744,0.203689,6.8185,1.2681,1.06065
90.39725111,0.104624,0.104569,6.84335,1.36493,1.16203
90.39825952,0.032962,0.0329068,6.85989,1.43474,1.23529
90.3992673,-0.0388223,-0.0388776,6.87642,1.5046,1.3085
90.40040227,-0.119863,-0.119918,6.89361,1.58327,1.39113
90.40153127,-0.200678,-0.200733,6.9107,1.66152,1.47332
90.40280471,-0.292065,-0.292121,6.92801,1.74979,1.56602
90.40452067,-0.41559,-0.415646,6.95134,1.86855,1.69106
90.40746136,-0.628228,-0.628284,6.9862,2.07207,1.90534
90.41117256,-0.89812,-0.898177,7.02299,2.32777,2.17531
90.41362452,-1.07727,-1.07733,7.04291,2.49588,2.35297
90.41562946,-1.22423,-1.22429,7.05617,2.63261,2.49823
90.41637665,-1.279,-1.27906,7.06112,2.68356,2.55211
90.41742915,-1.35637,-1.35643,7.06659,2.75489,2.62802
90.41854651,-1.4385,-1.43856,7.07239,2.83061,2.70824
90.41983793,-1.53343,-1.53349,7.07721,2.91743,2.80096
90.42148768,-1.65486,-1.65492,7.08337,3.02833,2.9188
90.42425261,-1.85838,-1.85844,7.0892,3.21221,3.11498
90.42978247,-2.26456,-2.26461,7.0879,3.57272,3.50109
90.4408422,-3.06446,-3.06452,7.03441,4.25433,4.23741
90.44360713,-3.26026,-3.26032,7.00843,4.41364,4.41124
90.44913699,-3.64586,-3.64592,6.94663,4.72037,4.74754
90.45154898,-3.811,-3.81105,6.91511,4.84834,4.88864
90.45290374,-3.90245,-3.9025,6.89568,4.91851,4.96622
90.45418332,-3.98883,-3.98888,6.87733,4.98324,5.03794
90.45495533,-4.04021,-4.04026,6.86527,5.0223,5.08121
90.45597832,-4.10829,-4.10834,6.8493,5.07276,5.13718
90.45643936,-4.13863,-4.13868,6.8421,5.0955,5.16241
90.45736144,-4.1993,-4.19935,6.82674,5.13993,5.2117
90.4582111,-4.25446,-4.25451,6.81258,5.18087,5.25712
90.45943288,-4.33379,-4.33384,6.79128,5.23848,5.32103
90.46187643,-4.48944,-4.48948,6.74638,5.35067,5.4455
90.46580239,-4.732,-4.73205,6.66788,5.52269,5.63642
90.46912572,-4.92947,-4.92951,6.59537,5.66054,5.78954
90.47188508,-5.08749,-5.08753,6.531,5.76969,5.91088
90.47388149,-5.19829,-5.19833,6.48208,5.84569,5.99546
90.47579105,-5.30139,-5.30143,6.43347,5.91608,6.07386
90.47698576,-5.36446,-5.3645,6.40152,5.95899,6.1217
90.47919655,-5.47833,-5.47837,6.34241,6.0361,6.20774
90.48361812,-5.69535,-5.69538,6.21598,6.18147,6.37031
90.49246127,-6.08848,-6.08851,5.93607,6.43719,6.65788
90.50340796,-6.50263,-6.50266,5.54149,6.68983,6.94543
90.51628865,-6.89055,-6.89056,5.01273,6.89793,7.18838
90.53104298,-7.20612,-7.20613,4.32749,7.02017,7.34251
90.55464501,-7.43411,-7.43411,3.07569,6.96741,7.32353
90.58756689,-7.21414,-7.21412,1.07075,6.41742,6.78764
90.6109241,-6.70131,-6.70128,-0.49422,5.71518,6.07391
90.62240609,-6.3465,-6.34647,-1.29421,5.28103,5.62803
90.63386845,-5.92961,-5.92957,-2.09864,4.79403,5.1257
90.63696201,-5.80663,-5.8066,-2.31575,4.6537,4.98063
90.64002094,-5.68085,-5.68082,-2.52969,4.5114,4.83341
90.6461388,-5.41729,-5.41726,-2.9532,4.21674,4.52823
90.65837453,-4.84468,-4.84464,-3.76904,3.58955,3.87747
90.66039036,-4.74381,-4.74376,-3.89829,3.4808,3.76447
90.66442201,-4.53843,-4.53838,-4.15221,3.26032,3.5353
90.67248532,-4.11085,-4.1108,-4.63431,2.80565,3.06232
90.67763968,-3.82588,-3.82583,-4.9216,2.50558,2.74991
90.67999055,-3.69295,-3.6929,-5.04673,2.36633,2.60488
90.68224843,-3.56358,-3.56353,-5.16324,2.23124,2.46412
90.68414197,-3.45382,-3.45377,-5.25814,2.11693,2.34501
90.6861487,-3.33627,-3.33622,-5.35595,1.99482,2.21773
90.69016216,-3.09749,-3.09744,-5.54331,1.74768,1.96006
90.69657613,-2.70612,-2.70606,-5.8206,1.34508,1.54012
90.70719214,-2.03392,-2.03386,-6.22208,0.659921,0.825006
90.71865005,-1.27761,-1.27755,-6.57725,-0.102574,0.0286372
90.72746314,-0.67643,-0.676373,-6.79627,-0.702713,-0.598694
90.73181223,-0.374054,-0.373997,-6.88718,-1.00248,-0.912342
90.73411356,-0.21264,-0.212582,-6.93021,-1.16194,-1.07932
90.73486394,-0.159806,-0.159748,-6.94425,-1.21394,-1.13377
90.73596155,-0.0823541,-0.082296,-6.96308,-1.29022,-1.21368
90.73701009,-0.00818427,-0.00812601,-6.98108,-1.3631,-1.29002
90.7381458,0.0723472,0.0724056,-6.9991,-1.44203,-1.3729
90.73926214,0.151698,0.151757,-7.01682,-1.51972,-1.45437
90.74052922,0.241989,0.242048,-7.035,-1.6079,-1.54685
90.74218694,0.360466,0.360525,-7.05879,-1.72326,-1.668
90.74498836,0.561531,0.56159,-7.0943,-1.91821,-1.87275
90.74919855,0.865501,0.86556,-7.13908,-2.21032,-2.18004
90.75181362,1.05526,1.05532,-7.16173,-2.39104,-2.37039
90.75497101,1.28515,1.28521,-7.18382,-2.60814,-2.59934
90.75718322,1.44668,1.44674,-7.19589,-2.75936,-2.759
90.75856684,1.54771,1.54777,-7.20133,-2.85323,-2.85821
90.7603263,1.6763,1.67636,-7.20824,-2.97259,-2.98438
90.76336627,1.89847,1.89853,-7.21486,-3.1766,-3.20032
90.76944622,2.3413,2.34136,-7.21253,-3.57618,-3.6242
90.7816061,3.20904,3.2091,-7.14684,-4.32754,-4.4252
90.79003824,3.78774,3.78779,-7.0544,-4.80095,-4.93327
90.79374137,4.03415,4.0342,-7.00185,-4.99492,-5.14208
90.79582935,4.17056,4.17061,-6.96904,-5.10027,-5.25558
90.79780983,4.298,4.29805,-6.93584,-5.19744,-5.36028
90.8001018,4.44289,4.44294,-6.8949,-5.30657,-5.47784
90.80311178,4.62851,4.62856,-6.83707,-5.44457,-5.6265
90.80913174,4.98171,4.98176,-6.70783,-5.70307,-5.90493
90.81158518,5.1183,5.11834,-6.65001,-5.80183,-6.01133
90.81300682,5.19538,5.19542,-6.61469,-5.85676,-6.07113
90.81434552,5.26654,5.26658,-6.58143,-5.90848,-6.12623
90.81579315,5.34194,5.34198,-6.54345,-5.96255,-6.18449
90.81737069,5.42228,5.42232,-6.50205,-6.02002,-6.24642
90.82052576,5.57741,5.57744,-6.41464,-6.13046,-6.36548
90.82683591,5.86631,5.86634,-6.22591,-6.33352,-6.58454
90.83729193,6.28508,6.28511,-5.87373,-6.61827,-6.89229
90.8483582,6.64959,6.64961,-5.44968,-6.85022,-7.14392
90.86291514,7.00942,7.00943,-4.81672,-7.04847,-7.36101
90.88064331,7.26876,7.26877,-3.94061,-7.12996,-7.45498
90.90977786,7.28685,7.28684,-2.28859,-6.90134,-7.22369
90.95458507,6.41435,6.41432,0.615196,-5.75996,-6.03011
90.97003931,5.87493,5.8749,1.68319,-5.15858,-5.39847
90.97592502,5.63919,5.63916,2.09351,-4.90334,-5.13021
90.97881901,5.51746,5.51742,2.29527,-4.77283,-4.99303
90.98235836,5.36363,5.36359,2.54074,-4.609,-4.82081
90.98943705,5.04031,5.04026,3.02499,-4.26803,-4.46236
91.00359445,4.33493,4.33488,3.94575,-3.53655,-3.6934
91.01443193,3.74534,3.74529,4.58856,-2.93504,-3.06116
91.02013064,3.41898,3.41893,4.89946,-2.60517,-2.71446
91.02290365,3.25627,3.25622,5.0431,-2.44143,-2.54239
91.0255689,3.0976,3.09755,5.17611,-2.28217,-2.37503
91.02807815,2.94622,2.94617,5.29677,-2.13061,-2.21576
91.0308545,2.77655,2.7765,5.4252,-1.96113,-2.03769
91.0364072,2.43062,2.43056,5.66659,-1.61684,-1.67598
91.04539231,1.85347,1.85341,6.01501,-1.04578,-1.07617
91.05762567,1.03666,1.0366,6.40833,-0.243807,-0.234278
91.071417,0.0792147,0.0791532,6.74246,0.687583,0.742959
91.07702917,-0.320362,-0.320424,6.84567,1.07328,1.14756
91.0795816,-0.503796,-0.503858,6.88572,1.24973,1.33267
91.08046492,-0.56756,-0.567623,6.89959,1.3108,1.39673
91.0813428,-0.630933,-0.630995,6.91189,1.37165,1.46057
91.08270742,-0.729724,-0.729787,6.93102,1.46623,1.5598
91.08482068,-0.883153,-0.883216,6.95794,1.61271,1.71347
91.08738504,-1.06997,-1.07003,6.98711,1.79045,1.89994
91.08986249,-1.25103,-1.25109,7.01164,1.96197,2.07989
91.09090601,-1.3275,-1.32756,7.02057,2.03422,2.15569
91.09202806,-1.40972,-1.40979,7.03016,2.1117,2.23699
91.09326722,-1.50053,-1.50059,7.03901,2.19727,2.32676
91.09475443,-1.60969,-1.60975,7.04963,2.29951,2.43402
91.09716156,-1.78636,-1.78642,7.06325,2.46497,2.60762
91.10186471,-2.13118,-2.13124,7.08032,2.78519,2.94355
91.11127101,-2.81384,-2.8139,7.07703,3.40935,3.59809
91.13008361,-4.10201,-4.10207,6.92536,4.54208,4.78349
91.13717945,-4.55109,-4.55114,6.81887,4.91969,5.17766
91.14150081,-4.8114,-4.81145,6.7411,5.13422,5.40134
91.14487211,-5.00612,-5.00617,6.67378,5.29305,5.56677
91.1468562,-5.11695,-5.117,6.63097,5.38299,5.66039
91.14786731,-5.17193,-5.17198,6.60915,5.42751,5.70671
91.14882952,-5.22426,-5.2243,6.58716,5.46988,5.75078
91.14999491,-5.28622,-5.28626,6.56052,5.51953,5.8024
91.1512511,-5.35184,-5.35188,6.53076,5.57304,5.85804
91.15360998,-5.47187,-5.47191,6.47278,5.66994,5.95869
91.15832775,-5.69982,-5.69986,6.34876,5.85328,6.14891
91.16776327,-6.10955,-6.10958,6.06931,6.1791,6.48593
91.17835526,-6.49894,-6.49897,5.7075,6.48116,6.79657
91.19198603,-6.89382,-6.89384,5.17109,6.77265,7.09309
91.20666518,-7.18854,-7.18855,4.51037,6.96654,7.2851
91.23201701,-7.38982,-7.38982,3.19126,7.01874,7.31747
91.26810683,-7.04576,-7.04574,1.0025,6.51647,6.75548
91.2925626,-6.42034,-6.4203,-0.640084,5.81892,5.99944
91.30369619,-6.03675,-6.03671,-1.41711,5.41162,5.5613
91.30836683,-5.85828,-5.85824,-1.74628,5.22486,5.3609
91.31016674,-5.78682,-5.78678,-1.87336,5.15047,5.28115
91.31207214,-5.70961,-5.70957,-2.00789,5.0703,5.19525
91.31588295,-5.55048,-5.55044,-2.27631,4.90572,5.01905
91.32350455,-5.21401,-5.21397,-2.80789,4.56017,4.64966
91.33874777,-4.4728,-4.47275,-3.82508,3.80781,3.84753
91.35046614,-3.84515,-3.8451,-4.54182,3.17771,3.17758
91.35686783,-3.48229,-3.48224,-4.90191,2.81568,2.79327
91.36001357,-3.29905,-3.299,-5.06935,2.63339,2.59993
91.3630085,-3.12173,-3.12167,-5.22243,2.45731,2.41326
91.36538156,-2.97931,-2.97925,-5.33926,2.31609,2.26361
91.367904,-2.82611,-2.82605,-5.45916,2.16438,2.10291
91.37294887,-2.51435,-2.51429,-5.68615,1.85624,1.77671
91.37914821,-2.12193,-2.12188,-5.94238,1.46939,1.36757
91.39154689,-1.30931,-1.30925,-6.3825,0.671415,0.52492
91.40315923,-0.518492,-0.518429,-6.7093,-0.10164,-0.289739
91.41188759,0.0923668,0.0924313,-6.90148,-0.696401,-0.915294
91.41599795,0.384405,0.38447,-6.97624,-0.979879,-1.21303
91.41730894,0.478096,0.478161,-6.9977,-1.07073,-1.30839
91.41803156,0.529897,0.529962,-7.00953,-1.12081,-1.36094
91.41914775,0.609909,0.609974,-7.02636,-1.19835,-1.4423
91.42038787,0.699047,0.699112,-7.04505,-1.28451,-1.5327
91.4217485,0.797055,0.797121,-7.06408,-1.37921,-1.63188
91.42358724,0.929826,0.929892,-7.08808,-1.5072,-1.76597
91.42662998,1.15034,1.1504,-7.12347,-1.71915,-1.98786
91.42751635,1.21457,1.21464,-7.13254,-1.7809,-2.05249
91.42838041,1.27741,1.27748,-7.14139,-1.84109,-2.1155
91.42953216,1.36117,1.36124,-7.15182,-1.92131,-2.1993
91.43069608,1.44582,1.44588,-7.16237,-2.00226,-2.28399
91.43198205,1.53949,1.53955,-7.17203,-2.0917,-2.37725
91.43375277,1.66846,1.66853,-7.18533,-2.2146,-2.50567
91.43683069,1.89265,1.89272,-7.20303,-2.4275,-2.72767
91.44298651,2.33947,2.33954,-7.22229,-2.84896,-3.1662
91.45529816,3.21444,3.2145,-7.19738,-3.66158,-4.00698
91.46483506,3.86308,3.86314,-7.12106,-4.251,-4.61154
91.47282966,4.37772,4.37777,-7.01962,-4.70855,-5.07639
91.47607384,4.57754,4.5776,-6.96885,-4.8833,-5.25289
91.47791363,4.6882,4.68825,-6.93762,-4.9793,-5.34968
91.47966256,4.7914,4.79145,-6.90632,-5.06838,-5.43941
91.48165329,4.90633,4.90638,-6.8688,-5.16718,-5.53885
91.48377323,5.02556,5.02561,-6.82606,-5.2694,-5.64164
91.48486045,5.08515,5.0852,-6.80414,-5.32041,-5.69289
91.4854824,5.11924,5.11929,-6.79081,-5.34959,-5.72221
91.4867489,5.18719,5.18724,-6.76366,-5.40776,-5.78062
91.48887524,5.29846,5.2985,-6.71596,-5.50307,-5.87622
91.49088205,5.40029,5.40034,-6.6689,-5.59035,-5.96366
91.49489569,5.59504,5.59508,-6.56891,-5.75731,-6.13056
91.50292295,5.95042,5.95046,-6.34597,-6.06149,-6.43304
91.51300592,6.33502,6.33505,-6.02395,-6.38858,-6.7549
91.52420193,6.68411,6.68414,-5.61398,-6.68135,-7.03777
91.54005143,7.042,7.04201,-4.94561,-6.97157,-7.30684
91.55882755,7.26469,7.2647,-4.03221,-7.13139,-7.43146
91.59174001,7.15578,7.15576,-2.16673,-6.95494,-7.17046
91.6276653,6.37014,6.37011,0.158817,-6.15239,-6.24963
91.64456567,5.77615,5.77611,1.32449,-5.56946,-5.60348
91.65357846,5.40477,5.40473,1.9545,-5.20857,-5.20734
91.6566962,5.26783,5.26778,2.17244,-5.07596,-5.06232
91.65957163,5.13786,5.13781,2.37308,-4.9503,-4.92513
91.66532247,4.86783,4.86778,2.77096,-4.68972,-4.64133
91.67682416,4.28959,4.28954,3.54223,-4.13352,-4.03814
91.69736893,3.14271,3.14265,4.7667,-3.03535,-2.85514
91.70420877,2.73027,2.73021,5.12221,-2.64163,-2.43306
91.71083023,2.31786,2.3178,5.43769,-2.24839,-2.01241
91.71537269,2.02794,2.02787,5.63743,-1.97219,-1.71746
91.72052441,1.69272,1.69265,5.8477,-1.65303,-1.37715
91.73082784,1.00385,1.00379,6.21778,-0.997675,-0.67999
91.74286514,0.171797,0.17173,6.567,-0.20672,0.158578
91.75338351,-0.575478,-0.575547,6.80022,0.503291,0.908392
91.75794796,-0.904795,-0.904864,6.88076,0.816117,1.23769
91.76019751,-1.06807,-1.06814,6.91588,0.971204,1.40074
91.76124648,-1.14442,-1.14449,6.93092,1.04373,1.47677
91.76228552,-1.22005,-1.22012,6.94581,1.11557,1.55221
91.76455867,-1.38586,-1.38593,6.97547,1.27307,1.71725
91.76726899,-1.58395,-1.58402,7.00688,1.46126,1.91403
91.76966676,-1.75919,-1.75926,7.0311,1.62774,2.08793
91.7742836,-2.09638,-2.09645,7.06833,1.94819,2.42154
91.78351729,-2.76434,-2.76441,7.10613,2.58355,3.07868
91.80198467,-4.02824,-4.0283,7.03909,3.79036,4.30485
91.80465347,-4.20031,-4.20037,7.01183,3.95534,4.46943
91.80999107,-4.53474,-4.5348,6.94821,4.27661,4.78768
91.81403144,-4.77709,-4.77714,6.89084,4.5101,5.01655
91.81580424,-4.88018,-4.88023,6.86255,4.60964,5.11339
91.81699823,-4.94839,-4.94845,6.84349,4.67514,5.1773
91.81816716,-5.01385,-5.0139,6.82321,4.73926,5.2385
91.81892507,-5.05629,-5.05634,6.81006,4.77979,5.27818
91.81942834,-5.08382,-5.08387,6.80133,4.80671,5.30388
91.81991858,-5.11064,-5.11069,6.7923,4.83292,5.32892
91.82037432,-5.13557,-5.13562,6.78391,4.85681,5.3522
91.82115878,-5.17769,-5.17774,6.76946,4.89794,5.39151
91.821548,-5.19858,-5.19863,6.76193,4.91802,5.41101
91.82217504,-5.2316,-5.23165,6.74981,4.95038,5.44181
91.82304687,-5.2775,-5.27755,6.73295,4.99448,5.48465
91.82397445,-5.32496,-5.32501,6.714,5.04139,5.52892
91.82545076,-5.40051,-5.40055,6.68385,5.11434,5.59939
91.8284034,-5.54578,-5.54582,6.61958,5.25568,5.7348
91.83323127,-5.76999,-5.77003,6.5052,5.47416,5.94343
91.842887,-6.17093,-6.17097,6.24279,5.86632,6.31459
91.85318035,-6.53089,-6.53092,5.91528,6.22087,6.64418
91.86693263,-6.90632,-6.90634,5.40482,6.59543,6.98062
91.882223,-7.18532,-7.18533,4.74589,6.88172,7.21805
91.90790246,-7.33763,-7.33763,3.4484,7.06434,7.30492
91.94612043,-6.88071,-6.88068,1.16389,6.68758,6.76164
91.97167346,-6.15322,-6.15318,-0.545425,6.03277,5.98416
91.98381321,-5.69702,-5.69698,-1.39233,5.6155,5.50645
91.99382981,-5.27127,-5.27122,-2.09631,5.22352,5.06404
91.99665612,-5.14333,-5.14328,-2.29495,5.10534,4.93157
91.99945651,-5.01333,-5.01328,-2.4912,4.9851,4.79718
92.0050573,-4.74412,-4.74406,-2.88024,4.73563,4.51939
92.01625887,-4.17077,-4.17072,-3.63415,4.20245,3.92981
92.03296468,-3.23676,-3.2367,-4.65526,3.32937,2.97379
92.03978927,-2.82958,-2.82951,-5.02787,2.94731,2.55836
92.04377982,-2.58505,-2.58498,-5.23195,2.71749,2.30921
92.04699204,-2.38497,-2.3849,-5.38843,2.52925,2.10552
92.05037286,-2.17141,-2.17134,-5.54556,2.32813,1.88825
92.0571345,-1.73572,-1.73565,-5.83725,1.91721,1.44545
92.06730338,-1.06084,-1.06077,-6.22116,1.27913,0.760639
92.08022589,-0.173747,-0.173675,-6.617,0.43751,-0.137753
92.09035752,0.541209,0.541283,-6.85671,-0.24323,-0.8602
92.09506631,0.878444,0.878518,-6.94722,-0.565148,-1.2003
92.09703141,1.02005,1.02012,-6.98067,-0.700426,-1.34293
92.09776514,1.07292,1.073,-6.99316,-0.75111,-1.39618
92.09879615,1.14745,1.14752,-7.00926,-0.82233,-1.47121
92.0998336,1.22243,1.22251,-7.02546,-0.894218,-1.5467
92.10101999,1.30839,1.30846,-7.04248,-0.976425,-1.63302
92.10211783,1.38792,1.388,-7.05822,-1.05272,-1.71291
92.10323409,1.46879,1.46887,-7.07274,-1.1303,-1.79416
92.1044065,1.55386,1.55393,-7.08799,-1.21197,-1.8795
92.10554828,1.6367,1.63678,-7.10127,-1.29151,-1.9626
92.10683259,1.72989,1.72996,-7.11622,-1.38115,-2.05609
92.10846157,1.84808,1.84816,-7.13325,-1.49485,-2.17431
92.11116268,2.04387,2.04394,-7.15811,-1.6834,-2.37035
92.11656489,2.43373,2.4338,-7.19526,-2.0605,-2.75941
92.12736932,3.19799,3.19806,-7.21998,-2.80512,-3.5178
92.14897818,4.58562,4.58568,-7.07788,-4.18701,-4.87364
92.1560347,4.98615,4.98621,-6.97721,-4.59664,-5.25974
92.16031411,5.21331,5.21336,-6.90347,-4.83171,-5.47815
92.16239353,5.31904,5.31909,-6.86424,-4.94177,-5.57977
92.16373804,5.38573,5.38578,-6.83726,-5.01137,-5.64389
92.16505377,5.44971,5.44976,-6.81085,-5.07825,-5.70541
92.16657957,5.52232,5.52237,-6.77863,-5.15429,-5.77527
92.16904052,5.63592,5.63596,-6.72422,-5.27355,-5.8846
92.17396241,5.85043,5.85047,-6.60652,-5.49996,-6.09116
92.1838062,6.23055,6.23058,-6.33645,-5.90653,-6.45711
92.19408822,6.55987,6.5599,-6.00669,-6.26765,-6.77361
92.2083731,6.90566,6.90568,-5.47214,-6.66491,-7.10429
92.22295479,7.12756,7.12757,-4.84076,-6.9478,-7.31364
92.25211818,7.19106,7.19105,-3.35262,-7.15531,-7.35992
92.28044107,6.795,6.79497,-1.66684,-6.92143,-6.95638
92.3061091,6.07739,6.07735,0.0191869,-6.36399,-6.23897
92.32397253,5.39305,5.393,1.25141,-5.79575,-5.55821
92.33176205,5.04991,5.04986,1.79709,-5.50398,-5.21743
92.33461209,4.91787,4.91781,1.99709,-5.3908,-5.08637
92.33726807,4.79184,4.79178,2.18347,-5.28236,-4.9613
92.34258003,4.53153,4.53148,2.55387,-5.0572,-4.70305
92.35320395,3.97968,3.97962,3.27802,-4.57533,-4.15579
92.37445178,2.76428,2.76421,4.58705,-3.49705,-2.95112
92.37593234,2.67377,2.6737,4.67036,-3.41594,-2.86143
92.37889347,2.49127,2.4912,4.83338,-3.25216,-2.68061
92.38126971,2.34322,2.34315,4.96011,-3.11905,-2.53391
92.38249739,2.26614,2.26607,5.02401,-3.04966,-2.45754
92.38440734,2.14543,2.14536,5.12121,-2.94086,-2.33794
92.38606165,2.04011,2.04004,5.20325,-2.84581,-2.23358
92.3893107,1.83122,1.83115,5.35872,-2.65696,-2.02662
92.39520125,1.44599,1.44591,5.62224,-2.30757,-1.64491
92.40516155,0.777104,0.777029,6.01639,-1.69766,-0.982091
92.4159863,0.0282169,0.0281398,6.37397,-1.01006,-0.239801
92.42818135,-0.837354,-0.837432,6.69089,-0.208653,0.618985
92.43305059,-1.18819,-1.18827,6.79228,0.118568,0.967593
92.43477856,-1.31333,-1.3134,6.82443,0.23561,1.09205
92.4355841,-1.37166,-1.37174,6.83941,0.290326,1.15006
92.4365747,-1.44357,-1.44365,6.85648,0.357737,1.2216
92.43764786,-1.52148,-1.52156,6.87498,0.430915,1.29911
92.43879363,-1.60466,-1.60474,6.89325,0.50921,1.38203
92.43995191,-1.68874,-1.68882,6.91171,0.588528,1.46586
92.44125189,-1.78312,-1.78319,6.93106,0.677741,1.55994
92.44308432,-1.91614,-1.91622,6.95663,0.803818,1.69266
92.44627331,-2.14723,-2.14731,6.99645,1.02401,1.92362
92.44737489,-2.22705,-2.22713,7.00854,1.10032,2.0034
92.44825666,-2.29075,-2.29083,7.01821,1.1614,2.06727
92.44947486,-2.37875,-2.37883,7.03002,1.24597,2.1553
92.45064693,-2.46312,-2.46319,7.04139,1.32733,2.24
92.4519754,-2.55874,-2.55882,7.05215,1.41972,2.3357
92.45375526,-2.68631,-2.68639,7.06657,1.5435,2.4639
92.45681787,-2.90449,-2.90457,7.08593,1.7565,2.68332
92.4629431,-3.33405,-3.33412,7.10856,2.18153,3.11683
92.47519356,-4.15127,-4.15133,7.09062,3.01623,3.9486
92.48456783,-4.72551,-4.72557,7.02106,3.63073,4.54057
92.48959337,-5.01108,-5.01114,6.96417,3.94832,4.83816
92.49206193,-5.14497,-5.14503,6.93128,4.10066,4.97852
92.49372938,-5.23236,-5.23241,6.90687,4.20165,5.07091
92.4945675,-5.27628,-5.27633,6.89461,4.25241,5.11634
92.49534834,-5.31602,-5.31607,6.88236,4.29891,5.15865
92.49609852,-5.3542,-5.35425,6.87058,4.34358,5.1983
92.49722557,-5.40993,-5.40998,6.85176,4.40947,5.25788
92.4984583,-5.47089,-5.47094,6.83118,4.48154,5.32157
92.50092375,-5.58852,-5.58857,6.78695,4.62213,5.44558
92.50585465,-5.81104,-5.81108,6.68923,4.8913,5.68051
92.50762125,-5.88669,-5.88673,6.65123,4.98368,5.76051
92.50923834,-5.95408,-5.95412,6.61443,5.06631,5.83185
92.51087199,-6.02039,-6.02043,6.57725,5.14789,5.90212
92.51239291,-6.08054,-6.08058,6.54084,5.22215,5.96593
92.51543474,-6.19629,-6.19633,6.46464,5.36589,6.08896
92.52151839,-6.40981,-6.40985,6.29889,5.63496,6.31692
92.53164146,-6.71277,-6.7128,5.98486,6.03057,6.64369
92.54267411,-6.96958,-6.96959,5.59038,6.39,6.92625
92.55702384,-7.19124,-7.19124,5.00065,6.74867,7.18112
92.57459161,-7.29407,-7.29406,4.17033,7.02418,7.32393
92.60249518,-7.09495,-7.09492,2.64079,7.10554,7.18554
92.64967687,-5.85727,-5.85722,-0.369172,6.334,6.0374
92.66684934,-5.14603,-5.14597,-1.55448,5.78579,5.35379
92.68387283,-4.32139,-4.32132,-2.72511,5.11607,4.5533
92.68842352,-4.08178,-4.08171,-3.03376,4.91658,4.31956
92.69308339,-3.82876,-3.82869,-3.34513,4.70396,4.07227
92.70240313,-3.30131,-3.30124,-3.94489,4.25502,3.55541
92.71004086,-2.84902,-2.84894,-4.40678,3.86462,3.11087
92.71642102,-2.45823,-2.45816,-4.76711,3.52376,2.72591
92.71923639,-2.28219,-2.28211,-4.91785,3.36922,2.55225
92.72086948,-2.1791,-2.17902,-5.0028,3.27844,2.45048
92.72241524,-2.08089,-2.08081,-5.08146,3.19179,2.35349
92.72447158,-1.9493,-1.94923,-5.18347,3.07541,2.22347
92.72669575,-1.80581,-1.80573,-5.29049,2.94815,2.08159
92.73114409,-1.51533,-1.51525,-5.49446,2.68946,1.79411
92.74004077,-0.921455,-0.921373,-5.86389,2.15631,1.20529
92.75108358,-0.163113,-0.163029,-6.25353,1.46769,0.451359
92.76426119,0.766476,0.766561,-6.62152,0.611674,-0.476242
92.76968132,1.15509,1.15517,-6.74264,0.249625,-0.865444
92.77326447,1.41346,1.41354,-6.81314,0.00740696,-1.12469
92.77444401,1.49851,1.4986,-6.83432,-0.072805,-1.21038
92.77551809,1.57614,1.57622,-6.85361,-0.146037,-1.28841
92.77657531,1.65254,1.65263,-6.87121,-0.218291,-1.36541
92.77772396,1.73555,1.73564,-6.89033,-0.296982,-1.44907
92.77899868,1.82768,1.82776,-6.90963,-0.38453,-1.54192
92.78070119,1.95051,1.9506,-6.93541,-0.501808,-1.6661
92.78357124,2.15758,2.15767,-6.97398,-0.700358,-1.87544
92.78649777,2.3679,2.36798,-7.00841,-0.903797,-2.08854
92.78915304,2.55773,2.55781,-7.03477,-1.08921,-2.28189
92.78994355,2.61425,2.61433,-7.04262,-1.14442,-2.33923
92.79207277,2.76559,2.76568,-7.06035,-1.29358,-2.49366
92.79487876,2.9637,2.96379,-7.07977,-1.49052,-2.69623
92.79725344,3.12994,3.13002,-7.09271,-1.65731,-2.86668
92.80180618,3.44411,3.44419,-7.10862,-1.97708,-3.19014
92.81091166,4.04848,4.04855,-7.10586,-2.61155,-3.81816
92.81872782,4.53471,4.53477,-7.06726,-3.14572,-4.33036
92.82521065,4.90968,4.90975,-7.01028,-3.57726,-4.73104
92.82806188,5.06552,5.06558,-6.97814,-3.763,-4.89938
92.82972066,5.15345,5.1535,-6.95678,-3.86972,-4.99485
92.83129068,5.23431,5.23437,-6.93657,-3.96947,-5.08299
92.83200927,5.27132,5.27138,-6.92637,-4.01513,-5.12333
92.83315693,5.32893,5.32899,-6.91008,-4.08718,-5.18627
92.8349591,5.41741,5.41747,-6.88278,-4.19906,-5.28308
92.83648905,5.49066,5.49071,-6.85831,-4.29277,-5.36333
92.83948986,5.62945,5.6295,-6.80684,-4.47289,-5.51574
92.84477258,5.85855,5.85859,-6.70525,-4.77678,-5.76855
92.84738554,5.9648,5.96484,-6.64986,-4.92044,-5.88645
92.8497512,6.05703,6.05707,-6.59681,-5.04645,-5.9892
92.85206326,6.14359,6.14363,-6.54232,-5.16574,-6.08604
92.85348939,6.19524,6.19527,-6.50742,-5.23743,-6.14402
92.85634163,6.29455,6.29458,-6.4347,-5.3766,-6.25602
92.86204613,6.47741,6.47744,-6.27775,-5.6387,-6.46435
92.87219804,6.75151,6.75153,-5.96161,-6.05399,-6.78414
92.88296162,6.97131,6.97132,-5.57693,-6.42515,-7.05288
92.89718898,7.15214,7.15214,-4.99498,-6.80961,-7.29897
92.91342072,7.20978,7.20977,-4.23674,-7.10388,-7.43136
92.94581367,6.87927,6.87924,-2.47027,-7.24979,-7.24758
92.97866107,5.9892,5.98915,-0.407326,-6.83292,-6.4982
93.00054382,5.11474,5.11468,1.07345,-6.26061,-5.71068
93.00945568,4.69857,4.6985,1.69139,-5.96341,-5.32802
93.01277234,4.53528,4.53521,1.92229,-5.84369,-5.1769
93.01587784,4.37852,4.37845,2.13848,-5.72731,-5.03136
93.02208885,4.05438,4.05431,2.56791,-5.48263,-4.72913
93.03451086,3.36644,3.36636,3.40265,-4.94792,-4.08276
93.05935488,1.85367,1.85358,4.85789,-3.71569,-2.6431
93.06817805,1.27622,1.27613,5.29318,-3.22902,-2.08822
93.07614396,0.739354,0.739263,5.64458,-2.76976,-1.57009
93.08482948,0.139562,0.13947,5.98187,-2.2495,-0.988799
93.0935989,-0.479012,-0.479106,6.27458,-1.70536,-0.386626
93.10038404,-0.964917,-0.965012,6.4686,-1.27237,0.0886224
93.10372951,-1.20638,-1.20647,6.55395,-1.05527,0.32568
93.10466377,-1.27406,-1.27416,6.5763,-0.994134,0.392187
93.10561861,-1.34324,-1.34333,6.59915,-0.931656,0.460287
93.10670402,-1.42187,-1.42197,6.62366,-0.860321,0.537847
93.10818569,-1.52942,-1.52951,6.65713,-0.762587,0.643966
93.11039496,-1.68978,-1.68987,6.70389,-0.616116,0.802684
93.11327656,-1.89893,-1.89903,6.7605,-0.423778,1.01049
93.11624402,-2.11393,-2.11403,6.813,-0.224243,1.22535
93.11696763,-2.16636,-2.16646,6.82581,-0.175365,1.27775
93.1178696,-2.23171,-2.23181,6.84024,-0.114322,1.34326
93.11898218,-2.31205,-2.31214,6.85805,-0.03885,1.42408
93.12022515,-2.4018,-2.4019,6.87625,0.0456902,1.51437
93.12159296,-2.50009,-2.50018,6.89628,0.138988,1.61385
93.12370792,-2.65205,-2.65214,6.92432,0.283774,1.76768
93.12762993,-2.93137,-2.93146,6.9694,0.55385,2.05275
93.1314577,-3.20067,-3.20076,7.00479,0.819219,2.33015
93.13442583,-3.40679,-3.40687,7.0264,1.02604,2.54433
93.13688409,-3.57545,-3.57554,7.04046,1.19792,2.72089
93.13926313,-3.73666,-3.73674,7.05079,1.36465,2.89084
93.1406317,-3.82838,-3.82847,7.05527,1.46073,2.98782
93.14247894,-3.95092,-3.95101,7.05963,1.59041,3.11872
93.14569273,-4.16031,-4.1604,7.06264,1.81604,3.34385
93.15212033,-4.56218,-4.56226,7.05139,2.26603,3.78397
93.15703963,-4.85243,-4.8525,7.02737,2.60769,4.10983
93.15776671,-4.89352,-4.8936,7.02232,2.65819,4.15681
93.15922088,-4.97571,-4.97578,7.01221,2.75838,4.25079
93.16062654,-5.05321,-5.05328,7.00089,2.85523,4.3403
93.16107201,-5.07777,-5.07784,6.9973,2.88574,4.36867
93.16152133,-5.10202,-5.10209,6.99368,2.91651,4.39692
93.16227602,-5.14275,-5.14282,6.98681,2.96819,4.44437
93.16316647,-5.18971,-5.18978,6.97869,3.02882,4.49954
93.16421688,-5.24511,-5.24518,6.96782,3.10035,4.56463
93.16616458,-5.34495,-5.34502,6.94767,3.23204,4.68302
93.16978744,-5.52322,-5.52328,6.90382,3.4741,4.8966
93.17255053,-5.65283,-5.65289,6.86573,3.65589,5.05329
93.17459878,-5.74544,-5.74549,6.83493,3.78893,5.16582
93.17641358,-5.82506,-5.82512,6.80582,3.90544,5.26284
93.17753583,-5.87319,-5.87324,6.78639,3.9768,5.32157
93.17954705,-5.95731,-5.95736,6.75157,4.10326,5.42447
93.18356951,-6.11749,-6.11754,6.67462,4.35019,5.62142
93.19161442,-6.40621,-6.40625,6.49655,4.81564,5.98157
93.1948288,-6.50987,-6.50991,6.41649,4.99006,6.11315
93.19670243,-6.56724,-6.56727,6.3675,5.08846,6.18667
93.19845319,-6.61883,-6.61886,6.32021,5.17816,6.25329
93.20033077,-6.672,-6.67203,6.26787,5.27194,6.32252
93.20236665,-6.72714,-6.72716,6.20923,5.37084,6.39502
93.20643841,-6.8296,-6.82963,6.08617,5.56018,6.53205
93.21458193,-7.00353,-7.00355,5.81747,5.90643,6.77455
93.22614485,-7.18036,-7.18036,5.38628,6.32662,7.04744
93.23829603,-7.27898,-7.27898,4.87361,6.68038,7.24517
93.2548545,-7.27359,-7.27357,4.0846,7.02128,7.3711
93.27638354,-7.03613,-7.0361,2.9206,7.22764,7.29625
93.31290457,-6.09187,-6.09181,0.665819,6.99995,6.6002
93.33591562,-5.17776,-5.17769,-0.891563,6.50437,5.82172
93.345654,-4.72204,-4.72196,-1.57162,6.21655,5.4181
93.34906503,-4.55325,-4.55317,-1.81158,6.10514,5.26677
93.35232172,-4.38795,-4.38788,-2.04069,5.99386,5.11775
93.35567868,-4.21351,-4.21343,-2.27637,5.87426,4.95965
93.36239259,-3.85283,-3.85275,-2.74389,5.62063,4.63035
93.37582042,-3.08775,-3.08766,-3.64656,5.05848,3.92256
93.38654606,-2.43794,-2.43785,-4.31939,4.55957,3.31316
93.39553607,-1.86923,-1.86914,-4.83672,4.10933,2.77457
93.39934747,-1.62189,-1.6218,-5.04109,3.90995,2.53895
93.40178572,-1.46183,-1.46174,-5.16669,3.77985,2.38606
93.40411191,-1.30787,-1.30778,-5.28263,3.65394,2.23869
93.40633593,-1.15957,-1.15947,-5.38995,3.53195,2.09646
93.41078398,-0.859894,-0.859795,-5.5945,3.28343,1.80827
93.41968007,-0.249391,-0.24929,-5.96486,2.76914,1.21802
93.43015351,0.485761,0.485863,-6.337,2.13622,0.501758
93.43675939,0.95698,0.957083,-6.53693,1.72275,0.0392551
93.44020068,1.20428,1.20438,-6.63056,1.50321,-0.204689
93.44113726,1.27182,1.27192,-6.65453,1.44289,-0.271421
93.44208265,1.34,1.3401,-6.67874,1.382,-0.338917
93.44316747,1.41823,1.41834,-6.70506,1.31178,-0.416529
93.44464667,1.52505,1.52516,-6.74096,1.21562,-0.522625
93.44680978,1.68126,1.68136,-6.79041,1.07419,-0.678301
93.45066846,1.95991,1.96002,-6.87172,0.819561,-0.957395
93.45335533,2.15343,2.15353,-6.92313,0.640555,-1.15265
93.45462389,2.24479,2.2449,-6.94562,0.555566,-1.24511
93.45542671,2.30243,2.30253,-6.95985,0.501627,-1.30362
93.45659233,2.38611,2.38621,-6.97902,0.423106,-1.38878
93.45770236,2.46551,2.46561,-6.99727,0.348107,-1.46987
93.45899193,2.55775,2.55785,-7.01649,0.26071,-1.56408
93.46069696,2.67919,2.67929,-7.04189,0.144726,-1.68881
93.46363361,2.88709,2.88719,-7.08056,-0.0561411,-1.90364
93.46950691,3.29659,3.29668,-7.14289,-0.461722,-2.33217
93.47445606,3.63346,3.63356,-7.18,-0.807038,-2.69075
93.47749477,3.83592,3.83602,-7.19584,-1.02046,-2.90922
93.48045057,4.02917,4.02926,-7.20622,-1.22888,-3.12008
93.48283448,4.18206,4.18215,-7.21099,-1.39745,-3.28869
93.48427302,4.2729,4.27299,-7.21233,-1.49936,-3.38969
93.48640467,4.4054,4.40548,-7.21219,-1.65037,-3.5382
93.49029817,4.64029,4.64037,-7.20542,-1.9262,-3.80535
93.49360995,4.83225,4.83233,-7.19309,-2.16049,-4.02788
93.49635972,4.98571,4.98579,-7.1783,-2.35437,-4.20896
93.49757452,5.05136,5.05143,-7.1702,-2.44003,-4.28758
93.49835181,5.09336,5.09344,-7.16501,-2.49458,-4.33789
93.50019831,5.1904,5.19047,-7.15078,-2.62417,-4.45554
93.50132886,5.2485,5.24857,-7.14048,-2.70302,-4.52663
93.50358996,5.3618,5.36187,-7.11988,-2.8607,-4.66653
93.50759599,5.55329,5.55335,-7.07553,-3.13714,-4.90628
93.5106571,5.69186,5.69192,-7.03594,-3.34577,-5.08195
93.51301668,5.79417,5.79423,-7.00209,-3.50486,-5.21269
93.51524372,5.88723,5.88729,-6.96749,-3.65341,-5.3322
93.51687894,5.95343,5.95348,-6.94047,-3.76137,-5.41757
93.52014937,6.08047,6.08052,-6.88234,-3.97411,-5.58247
93.52669022,6.31346,6.3135,-6.74997,-4.38465,-5.8898
93.53192444,6.47988,6.47992,-6.62882,-4.69658,-6.11481
93.53630525,6.60564,6.60567,-6.51719,-4.94464,-6.2892
93.53822322,6.65684,6.65687,-6.46488,-5.04923,-6.36162
93.53939054,6.68644,6.68647,-6.43305,-5.11116,-6.40411
93.5405054,6.71472,6.71475,-6.4011,-5.1703,-6.44469
93.54217444,6.75496,6.75499,-6.35326,-5.25648,-6.50334
93.5438656,6.79395,6.79397,-6.30303,-5.3418,-6.56097
93.54724791,6.86654,6.86656,-6.19863,-5.50653,-6.67078
93.55401255,6.99034,6.99035,-5.97436,-5.81334,-6.86885
93.56418715,7.12345,7.12345,-5.59957,-6.22021,-7.1131
93.57578246,7.19867,7.19867,-5.12019,-6.60649,-7.31388
93.58939012,7.18559,7.18558,-4.49126,-6.95723,-7.446
93.60909107,6.98063,6.9806,-3.46665,-7.27351,-7.4454
93.63081844,6.51381,6.51376,-2.20092,-7.36728,-7.19324
93.67427317,4.92127,4.92119,0.628885,-6.81327,-5.98273
93.68875663,4.20977,4.20968,1.63172,-6.41861,-5.3829
93.69497956,3.87865,3.87856,2.06625,-6.21839,-5.0971
93.69757862,3.7361,3.73601,2.24774,-6.12951,-4.97298
93.70093811,3.54842,3.54833,2.4814,-6.01022,-4.80866
93.70765711,3.16209,3.162,2.94324,-5.75726,-4.46741
93.7210951,2.34919,2.34909,3.82743,-5.1967,-3.73794
93.73149737,1.68617,1.68607,4.45932,-4.71524,-3.13313
93.74021799,1.10994,1.10984,4.94096,-4.28156,-2.60127
93.74401947,0.853323,0.853215,5.13563,-4.08425,-2.3627
93.74751544,0.614664,0.614555,5.30594,-3.89857,-2.13993
93.75170906,0.325268,0.325158,5.49921,-3.67071,-1.86868
93.75593485,0.0304616,0.0303506,5.68203,-3.43563,-1.59113
93.76438642,-0.567487,-0.5676,6.01308,-2.94991,-1.02433
93.76944532,-0.930011,-0.930125,6.1896,-2.64964,-0.678077
93.77246919,-1.14805,-1.14817,6.28749,-2.46689,-0.468767
93.77329046,-1.20745,-1.20757,6.31287,-2.41675,-0.411625
93.77415553,-1.27002,-1.27014,6.33962,-2.36393,-0.351308
93.77528341,-1.35175,-1.35186,6.37307,-2.2945,-0.272472
93.77656303,-1.44446,-1.44458,6.41103,-2.21572,-0.182774
93.77802749,-1.55069,-1.5508,6.45274,-2.12487,-0.0797898
93.78031334,-1.7165,-1.71661,6.51524,-1.98203,0.0816301
93.78467345,-2.03276,-2.03287,6.6257,-1.70625,0.391652
93.79094643,-2.48524,-2.48536,6.76457,-1.30217,0.841963
93.79424573,-2.72143,-2.72154,6.82815,-1.08633,1.08056
93.79752045,-2.95372,-2.95383,6.88486,-0.869956,1.3184
93.79843636,-3.01869,-3.0188,6.89932,-0.809064,1.38492
93.79941088,-3.08717,-3.08728,6.9147,-0.744103,1.45591
93.80051936,-3.16506,-3.16517,6.93066,-0.67,1.53667
93.80221354,-3.28326,-3.28337,6.95506,-0.556317,1.6601
93.80492107,-3.47035,-3.47045,6.98967,-0.3736,1.85735
93.81032074,-3.83546,-3.83557,7.04592,-0.00563544,2.24994
93.82112008,-4.52294,-4.52303,7.10811,0.742424,3.02345
93.8256936,-4.79418,-4.79427,7.11441,1.06341,3.34426
93.82954477,-5.01168,-5.01177,7.11059,1.3351,3.60993
93.83153028,-5.11967,-5.11975,7.10537,1.47561,3.74508
93.83243164,-5.16729,-5.16736,7.10199,1.5394,3.80574
93.83360053,-5.22904,-5.22911,7.09761,1.6222,3.88441
93.83511537,-5.30699,-5.30706,7.09044,1.72951,3.98522
93.837946,-5.44806,-5.44813,7.07366,1.93003,4.17077
93.84360727,-5.71298,-5.71305,7.0271,2.32981,4.52924
93.84889465,-5.94034,-5.9404,6.96812,2.7003,4.84664
93.85320504,-6.11174,-6.1118,6.90911,2.99914,5.09132
93.85513883,-6.18463,-6.18468,6.87946,3.13206,5.19674
93.85690629,-6.2491,-6.24915,6.85067,3.2528,5.29064
93.8586263,-6.3099,-6.30995,6.82111,3.3695,5.37977
93.860511,-6.37432,-6.37437,6.78697,3.49639,5.47491
93.8642804,-6.49634,-6.49639,6.71329,3.74658,5.6575
93.87181921,-6.7133,-6.71333,6.54471,4.22918,5.99316
93.88299686,-6.96935,-6.96937,6.24419,4.88729,6.42128
93.88730693,-7.04729,-7.04731,6.11247,5.1204,6.56457
93.89052841,-7.09805,-7.09807,6.00839,5.28643,6.66389
93.89311547,-7.13422,-7.13423,5.92139,5.41457,6.73889
93.89577629,-7.16715,-7.16716,5.82878,5.54156,6.81163
93.90109794,-7.22017,-7.22018,5.63426,5.78139,6.94381
93.91174124,-7.27554,-7.27554,5.20937,6.20663,7.15547
93.92212854,-7.26558,-7.26556,4.7507,6.55372,7.29506
93.93791874,-7.13328,-7.13325,3.97664,6.95649,7.38331
93.95487158,-6.8405,-6.84045,3.05223,7.22494,7.31658
93.98489242,-5.97164,-5.97158,1.22144,7.30055,6.81458
94.00777642,-5.03531,-5.03523,-0.306714,7.03031,6.12516
94.02045477,-4.42307,-4.42298,-1.18913,6.76376,5.63641
94.02689993,-4.08811,-4.08801,-1.6437,6.59748,5.36038
94.0291588,-3.96709,-3.96699,-1.80359,6.53441,5.25938
94.03125328,-3.85328,-3.85319,-1.95185,6.47376,5.16384
94.03544226,-3.62128,-3.62118,-2.2478,6.34634,4.96746
94.0438202,-3.14058,-3.14048,-2.83358,6.06772,4.55439
94.06057609,-2.11909,-2.11899,-3.94738,5.42051,3.6532
94.07337694,-1.29049,-1.29038,-4.71518,4.84988,2.90271
94.07919439,-0.901344,-0.901228,-5.03365,4.56972,2.54504
94.08243327,-0.681571,-0.681454,-5.20149,4.40834,2.34168
94.08546622,-0.473926,-0.473808,-5.35213,4.25386,2.14868
94.08844838,-0.268129,-0.268011,-5.49408,4.09888,1.95659
94.09355103,0.0874306,0.0875498,-5.72313,3.82686,1.62284
94.10268965,0.733415,0.733536,-6.09133,3.31917,1.01039
94.10685706,1.03135,1.03148,-6.24166,3.0792,0.725168
94.11101785,1.33028,1.3304,-6.38101,2.83459,0.436982
94.11210319,1.4085,1.40862,-6.41525,2.76981,0.361264
94.11318309,1.48633,1.48645,-6.44931,2.70535,0.285713
94.11447734,1.57961,1.57973,-6.48878,2.62748,0.194897
94.11706583,1.76628,1.7664,-6.56466,2.47041,0.0124152
94.12224281,2.13891,2.13903,-6.70428,2.15108,-0.3557
94.1286566,2.59706,2.59718,-6.85497,1.74636,-0.81689
94.13212682,2.84253,2.84265,-6.92626,1.52333,-1.06848
94.13557355,3.08393,3.08405,-6.98999,1.29915,-1.31957
94.13651553,3.14932,3.14944,-7.00592,1.23733,-1.3882
94.13746897,3.21551,3.21563,-7.02204,1.17476,-1.45789
94.13857401,3.29147,3.29159,-7.03918,1.10189,-1.53867
94.14033931,3.41281,3.41292,-7.06655,0.984963,-1.6677
94.14319953,3.60666,3.60677,-7.1061,0.794202,-1.87691
94.14891996,3.98436,3.98447,-7.17092,0.408077,-2.29436
94.16036084,4.68672,4.68681,-7.24426,-0.380362,-3.11561
94.16521863,4.96027,4.96035,-7.25292,-0.721054,-3.45627
94.16786239,5.10219,5.10228,-7.25205,-0.907773,-3.63897
94.17038606,5.23281,5.23289,-7.24759,-1.08673,-3.81116
94.17270096,5.34841,5.34849,-7.2404,-1.25141,-3.96698
94.17498592,5.45861,5.45869,-7.23042,-1.41436,-4.11852
94.17628328,5.51949,5.51956,-7.22292,-1.50704,-4.20348
94.17786229,5.59195,5.59203,-7.2138,-1.61984,-4.30575
94.18043723,5.70636,5.70643,-7.19512,-1.80381,-4.46968
94.18553495,5.91942,5.91948,-7.14767,-2.16802,-4.7825
94.18941382,6.06978,6.06984,-7.10233,-2.44405,-5.00907
94.19148575,6.14599,6.14604,-7.07426,-2.59082,-5.12574
94.19258163,6.18477,6.18483,-7.05942,-2.66846,-5.18574
94.19361819,6.22146,6.22152,-7.04391,-2.74151,-5.24249
94.19486531,6.26368,6.26373,-7.02524,-2.8294,-5.30917
94.19620747,6.30912,6.30917,-7.0039,-2.92358,-5.37962
94.19886354,6.39452,6.39457,-6.95894,-3.10888,-5.51514
94.20417567,6.55174,6.55179,-6.8583,-3.4741,-5.77114
94.21479994,6.81247,6.8125,-6.61522,-4.17384,-6.22594
94.22509568,6.99771,6.99773,-6.32807,-4.79874,-6.59641
94.22988764,7.06151,7.06153,-6.17749,-5.06831,-6.74569
94.23255377,7.0909,7.09091,-6.08916,-5.21174,-6.82247
94.23498422,7.11391,7.11392,-6.00586,-5.3382,-6.88859
94.2377063,7.13544,7.13545,-5.90946,-5.47495,-6.95828
94.24060898,7.15348,7.15349,-5.80311,-5.61521,-7.02754
94.24641435,7.17449,7.17449,-5.57966,-5.87905,-7.15048
94.25551623,7.16755,7.16753,-5.20148,-6.24955,-7.30176
94.2678308,7.08247,7.08244,-4.63856,-6.66956,-7.42696
94.28190442,6.88219,6.88215,-3.92831,-7.03783,-7.46053
94.30183696,6.42075,6.4207,-2.81416,-7.36046,-7.31567
94.32926736,5.47477,5.47469,-1.11047,-7.43698,-6.77096
94.35079543,4.50428,4.50419,0.335786,-7.21161,-6.08328
94.36285171,3.88087,3.88077,1.17607,-6.98013,-5.60472
94.36891619,3.54719,3.54708,1.60384,-6.83607,-5.34
94.37104475,3.42702,3.42692,1.75448,-6.78121,-5.2434
94.37302126,3.3141,3.314,1.89435,-6.72832,-5.15206
94.37697428,3.08456,3.08445,2.17367,-6.61702,-4.96477
94.38488031,2.61144,2.61133,2.72735,-6.37289,-4.57247
94.40069239,1.61481,1.61469,3.78761,-5.80276,-3.72216
94.41286908,0.806555,0.806432,4.53522,-5.29313,-3.01227
94.41963902,0.343467,0.343342,4.9163,-4.98447,-2.59832
94.42295159,0.113622,0.113496,5.09219,-4.82708,-2.39105
94.4256115,-0.0723419,-0.0724682,5.22793,-4.6978,-2.22249
94.42810251,-0.247548,-0.247674,5.3505,-4.57443,-2.06299
94.43035867,-0.407057,-0.407185,5.45776,-4.46081,-1.9172
94.434871,-0.728173,-0.728301,5.66186,-4.22838,-1.62201
94.43817014,-0.964521,-0.96465,5.80247,-4.05415,-1.40324
94.44123426,-1.18509,-1.18522,5.92669,-3.88883,-1.19793
94.44191231,-1.2339,-1.23403,5.95315,-3.85225,-1.15216
94.44286598,-1.30277,-1.3029,5.99036,-3.79991,-1.08779
94.44397377,-1.38277,-1.3829,6.03214,-3.73912,-1.01269
94.44534127,-1.4817,-1.48183,6.08372,-3.66298,-0.919657
94.44704985,-1.6053,-1.60543,6.14591,-3.56786,-0.802902
94.44989758,-1.81132,-1.81145,6.24549,-3.40678,-0.607077
94.45559306,-2.22253,-2.22266,6.42958,-3.07753,-0.211121
94.46698402,-3.03144,-3.03157,6.73819,-2.39264,0.595518
94.47297164,-3.44543,-3.44555,6.86884,-2.01922,1.02617
94.47637802,-3.67627,-3.67639,6.93353,-1.80288,1.27276
94.4782764,-3.80322,-3.80333,6.96657,-1.68112,1.41063
94.47934276,-3.87353,-3.87365,6.98371,-1.61237,1.48808
94.48082899,-3.97154,-3.97166,7.00761,-1.51613,1.59617
94.48306796,-4.1167,-4.11682,7.04043,-1.37026,1.75901
94.48713627,-4.37377,-4.37388,7.09252,-1.10253,2.05467
94.49527289,-4.85698,-4.85708,7.16771,-0.557533,2.6417
94.49849253,-5.03577,-5.03586,7.18686,-0.338515,2.87168
94.50036617,-5.13633,-5.13642,7.19525,-0.210228,3.00469
94.50213264,-5.22871,-5.2288,7.20133,-0.0887466,3.12941
94.50420391,-5.33403,-5.33412,7.20618,0.0543247,3.27465
94.50640176,-5.44231,-5.4424,7.20868,0.206851,3.42745
94.51079745,-5.64849,-5.64856,7.20551,0.513936,3.72819
94.51562495,-5.85942,-5.85949,7.18961,0.853981,4.04966
94.51907212,-6.00034,-6.0004,7.17037,1.09834,4.27277
94.52222025,-6.12212,-6.12218,7.14712,1.32249,4.47117
94.52310585,-6.15488,-6.15495,7.13934,1.38554,4.52574
94.52417157,-6.19431,-6.19438,7.12999,1.46165,4.59141
94.52527356,-6.23342,-6.23348,7.11893,1.54036,4.6583
94.52688461,-6.29058,-6.29064,7.10276,1.65542,4.75471
94.52940958,-6.3759,-6.37596,7.07387,1.8358,4.90228
94.53137075,-6.43935,-6.4394,7.04847,1.9759,5.01381
94.53257819,-6.47673,-6.47678,7.03282,2.06216,5.08077
94.53322623,-6.49678,-6.49684,7.02359,2.10845,5.11671
94.5337738,-6.51373,-6.51379,7.01579,2.14757,5.14646
94.53431964,-6.52997,-6.53002,7.00801,2.18646,5.17612
94.53518763,-6.55578,-6.55583,6.99484,2.24831,5.22232
94.5360976,-6.58174,-6.58179,6.98103,2.31315,5.27075
94.53757771,-6.62397,-6.62401,6.95731,2.41838,5.34769
94.54045803,-6.70134,-6.70138,6.90791,2.62244,5.49276
94.54551402,-6.82454,-6.82458,6.81094,2.97742,5.73306
94.555626,-7.02322,-7.02325,6.57872,3.66774,6.16136
94.5656683,-7.15837,-7.15838,6.29908,4.31534,6.52015
94.57310749,-7.21909,-7.21909,6.06139,4.76278,6.74417
94.57765449,-7.23988,-7.23988,5.90364,5.01997,6.86384
94.57981344,-7.24545,-7.24545,5.82549,5.13729,6.91612
94.58147257,-7.24787,-7.24787,5.76348,5.22521,6.95431
94.58299537,-7.24797,-7.24797,5.70657,5.30417,6.98786
94.58457195,-7.24807,-7.24807,5.64602,5.38416,7.02109
94.58772509,-7.24256,-7.24255,5.52175,5.53893,7.08292
94.59403138,-7.21445,-7.21443,5.2608,5.82836,7.18825
94.6041975,-7.1221,-7.12207,4.8067,6.24088,7.30711
94.61540318,-6.95483,-6.9548,4.26094,6.62082,7.3664
94.62962973,-6.64757,-6.64752,3.50514,6.99322,7.33604
94.64761396,-6.11595,-6.11588,2.46015,7.29202,7.13493
94.67566664,-4.99943,-4.99934,0.668691,7.3888,6.48361
94.69491947,-4.05021,-4.05011,-0.650825,7.20456,5.81477
94.70416646,-3.54579,-3.54568,-1.30345,7.04591,5.43308
94.71153084,-3.12369,-3.12358,-1.82729,6.88821,5.10289
94.71364138,-2.99953,-2.99941,-1.97771,6.83797,5.00408
94.71573234,-2.87518,-2.87507,-2.12673,6.78603,4.90444
94.71991425,-2.62274,-2.62262,-2.42374,6.6758,4.70006
94.72827808,-2.1037,-2.10358,-3.01013,6.43058,4.27176
94.74500574,-1.01586,-1.01573,-4.11816,5.84609,3.34333
94.75737642,-0.174285,-0.174156,-4.85245,5.33732,2.60019
94.7627517,0.200129,0.200259,-5.14373,5.09677,2.26327
94.76698484,0.498171,0.498302,-5.35967,4.89941,1.99242
94.77018338,0.724996,0.725129,-5.51475,4.7458,1.78473
94.77351322,0.962388,0.962521,-5.66884,4.58191,1.56587
94.7765601,1.1806,1.18073,-5.80336,4.4281,1.36334
94.77724587,1.22971,1.22985,-5.83258,4.39348,1.31739
94.77819694,1.29806,1.29819,-5.87311,4.3445,1.25366
94.77931315,1.37827,1.3784,-5.91919,4.28701,1.17854
94.78067118,1.47585,1.47599,-5.97525,4.21589,1.08677
94.78234517,1.59629,1.59643,-6.04215,4.12821,0.973125
94.78511081,1.79527,1.79541,-6.14878,3.98068,0.784115
94.79064208,2.1923,2.19243,-6.34773,3.67818,0.401688
94.80170462,2.97372,2.97385,-6.68923,3.0451,-0.3786
94.80940579,3.50108,3.5012,-6.88308,2.58348,-0.932065
94.81317751,3.75273,3.75286,-6.96498,2.35141,-1.20563
94.81508241,3.8779,3.87802,-7.00311,2.23275,-1.34431
94.81751098,4.03518,4.03529,-7.04858,2.08014,-1.52151
94.8191504,4.13974,4.13985,-7.0773,1.97629,-1.64113
94.82176233,4.3034,4.30351,-7.11979,1.8095,-1.83188
94.82698618,4.61861,4.61872,-7.19274,1.47118,-2.21274
94.83098812,4.84805,4.84815,-7.23784,1.20789,-2.50321
94.8333583,4.9786,4.9787,-7.26017,1.05032,-2.67425
94.83450214,5.03971,5.03981,-7.26948,0.973863,-2.75679
94.83539664,5.08751,5.0876,-7.27677,0.913808,-2.82098
94.83624474,5.13146,5.13156,-7.28267,0.856868,-2.88185
94.83749013,5.19601,5.1961,-7.29133,0.772886,-2.97069
94.83884962,5.26466,5.26476,-7.29944,0.680866,-3.06768
94.8415686,5.39781,5.3979,-7.3125,0.495785,-3.25994
94.84700657,5.64809,5.64817,-7.32605,0.121698,-3.63783
94.85751107,6.07395,6.07402,-7.30557,-0.613811,-4.3331
94.86331581,6.27757,6.27763,-7.26821,-1.0265,-4.69345
94.86656603,6.38193,6.38199,-7.23862,-1.25926,-4.88654
94.86732486,6.40509,6.40514,-7.23171,-1.3136,-4.93044
94.86820461,6.43194,6.43199,-7.22228,-1.37685,-4.98134
94.86932091,6.46459,6.46464,-7.21031,-1.45711,-5.04453
94.87004108,6.48566,6.48571,-7.20182,-1.50889,-5.08529
94.87053434,6.50008,6.50013,-7.196,-1.54436,-5.11263
94.87095302,6.51182,6.51186,-7.19106,-1.57446,-5.13582
94.87137609,6.52367,6.52372,-7.18607,-1.60493,-5.15927
94.87205948,6.54282,6.54287,-7.17735,-1.65414,-5.19636
94.87298492,6.56774,6.56779,-7.16554,-1.72079,-5.24659
94.87396376,6.5941,6.59415,-7.15194,-1.79128,-5.29875
94.87568072,6.63837,6.63842,-7.12809,-1.91492,-5.38851
94.87911463,6.72132,6.72136,-7.07491,-2.16196,-5.56157
94.88536113,6.85322,6.85326,-6.9627,-2.6089,-5.85517
94.89526366,7.01264,7.01266,-6.74484,-3.30366,-6.26701
94.90634713,7.1199,7.1199,-6.44476,-4.04653,-6.65269
94.92007684,7.15099,7.15098,-5.99454,-4.88446,-7.02322
94.92518373,7.1342,7.13419,-5.8055,-5.16841,-7.1311
94.92857219,7.11473,7.11471,-5.67382,-5.34741,-7.19381
94.93133793,7.09396,7.09394,-5.56274,-5.48771,-7.2398
94.93419616,7.06796,7.06793,-5.44461,-5.62724,-7.28244
94.9399126,7.00228,7.00225,-5.19848,-5.89007,-7.35294
94.95134549,6.81765,6.81761,-4.66854,-6.35337,-7.43554
94.96184011,6.58745,6.5874,-4.14021,-6.70748,-7.44395
94.97852459,6.10822,6.10815,-3.22567,-7.13409,-7.32877
94.99595135,5.4687,5.46862,-2.18382,-7.40473,-7.04683
95.02879894,3.92825,3.92814,-0.0367388,-7.45017,-6.1063
95.04698442,2.90747,2.90736,1.22494,-7.22399,-5.3724
95.05515211,2.41391,2.41379,1.80092,-7.06611,-4.99656
95.05811832,2.22966,2.22954,2.01051,-7.00034,-4.8533
95.06087552,2.05621,2.05609,2.20533,-6.93529,-4.71708
95.0663899,1.70349,1.70336,2.59237,-6.79417,-4.43621
95.07741867,0.976861,0.976731,3.34791,-6.46924,-3.8427
95.0994762,-0.543599,-0.543736,4.70273,-5.66024,-2.5432
95.10730121,-1.10048,-1.10062,5.12052,-5.32424,-2.04865
95.1134922,-1.54479,-1.54492,5.42355,-5.0413,-1.64625
95.11544328,-1.68527,-1.68541,5.51385,-4.94907,-1.51749
95.11721215,-1.81263,-1.81277,5.59351,-4.86423,-1.40001
95.12074987,-2.0671,-2.06724,5.7466,-4.69116,-1.16301
95.12782533,-2.57254,-2.57268,6.02843,-4.33191,-0.681497
95.14001541,-3.41853,-3.41866,6.44012,-3.67431,0.168574
95.14891812,-4.00551,-4.00563,6.68291,-3.16491,0.803207
95.15360748,-4.30106,-4.30117,6.79141,-2.88718,1.14127
95.15825045,-4.58189,-4.582,6.88582,-2.60618,1.47761
95.15949306,-4.65492,-4.65503,6.90844,-2.52978,1.56787
95.16072656,-4.72643,-4.72653,6.9309,-2.45393,1.65747
95.16261899,-4.83408,-4.83418,6.9629,-2.33651,1.79494
95.16413275,-4.91833,-4.91843,6.98657,-2.24175,1.90489
95.16504486,-4.96809,-4.96819,7.00083,-2.18466,1.97115
95.16557976,-4.99727,-4.99737,7.00856,-2.15091,2.01
95.16661705,-5.05287,-5.05296,7.02355,-2.08547,2.08521
95.16837482,-5.14517,-5.14526,7.04724,-1.97386,2.21266
95.16973327,-5.21487,-5.21497,7.0643,-1.88711,2.31076
95.17242294,-5.34882,-5.34891,7.0949,-1.71407,2.50498
95.17692538,-5.56135,-5.56143,7.13672,-1.42081,2.82741
95.18593025,-5.94452,-5.94459,7.1854,-0.821752,3.45803
95.19616989,-6.31495,-6.315,7.18499,-0.122467,4.14024
95.20947645,-6.69595,-6.69599,7.09809,0.809377,4.94246
95.21460992,-6.81302,-6.81305,7.03885,1.17463,5.22237
95.21934872,-6.90652,-6.90655,6.97174,1.51358,5.4645
95.22063926,-6.92906,-6.92909,6.95098,1.60614,5.52769
95.22192312,-6.95149,-6.95151,6.93032,1.69823,5.58939
95.22399808,-6.98478,-6.98479,6.89445,1.84707,5.68663
95.228148,-7.04346,-7.04347,6.81609,2.1444,5.8722
95.23644785,-7.12958,-7.12958,6.6335,2.73413,6.20872
95.24730917,-7.18029,-7.18029,6.34395,3.485,6.58138
95.25905208,-7.15781,-7.15778,5.96891,4.25126,6.89997
95.26854659,-7.08229,-7.08226,5.62053,4.82134,7.09459
95.27340643,-7.02416,-7.02412,5.42707,5.0923,7.17265
95.27595034,-6.98856,-6.98852,5.32181,5.22788,7.20774
95.27832663,-6.95213,-6.95209,5.22108,5.35044,7.23695
95.2813087,-6.90215,-6.9021,5.09144,5.49865,7.26878
95.2844936,-6.84357,-6.84351,4.94908,5.6502,7.29686
95.2908634,-6.71059,-6.71053,4.65264,5.93316,7.33485
95.30016119,-6.47961,-6.47954,4.1931,6.29963,7.34743
95.31291643,-6.09444,-6.09436,3.5143,6.7152,7.28376
95.32744254,-5.56484,-5.56475,2.67923,7.06848,7.10091
95.34812801,-4.65819,-4.65808,1.39251,7.35665,6.64865
95.3814839,-2.8771,-2.87697,-0.854737,7.31422,5.49156
95.39217707,-2.23006,-2.22992,-1.60686,7.17153,5.01492
95.39604529,-1.9877,-1.98756,-1.88103,7.10487,4.83054
95.39921203,-1.78637,-1.78623,-2.10548,7.04452,4.67516
95.40251054,-1.57405,-1.57391,-2.33871,6.97625,4.50923
95.40910758,-1.14205,-1.14191,-2.80114,6.82347,4.16547
95.42230164,-0.252272,-0.252125,-3.69359,6.45536,3.43343
95.43282388,0.478429,0.478579,-4.35798,6.10423,2.81005
95.43972444,0.965794,0.965946,-4.76321,5.84724,2.38349
95.44326426,1.21774,1.21789,-4.95995,5.70743,2.15953
95.44519179,1.35541,1.35556,-5.06361,5.62906,2.03615
95.44597489,1.41134,1.41149,-5.10465,5.59661,1.98565
95.44703188,1.48695,1.4871,-5.16005,5.55282,1.91749
95.44816131,1.56774,1.56789,-5.21802,5.50488,1.84423
95.45014843,1.70989,1.71004,-5.31778,5.42055,1.7146
95.45412267,1.99395,1.9941,-5.50905,5.24626,1.45256
95.46207114,2.55788,2.55802,-5.86001,4.87945,0.918069
95.47383303,3.36875,3.3689,-6.30546,4.29427,0.104658
95.48553537,4.1273,4.12743,-6.6639,3.66501,-0.726761
95.49116983,4.47014,4.47026,-6.80681,3.34607,-1.13348
95.49682682,4.7952,4.79532,-6.93121,3.01607,-1.54437
95.49834412,4.87887,4.87898,-6.96066,2.92593,-1.65494
95.49984944,4.95985,4.95995,-6.98988,2.83569,-1.76463
95.50053347,4.99664,4.99675,-7.00215,2.79469,-1.81448
95.50182008,5.06414,5.06425,-7.02522,2.71693,-1.90824
95.50297042,5.12293,5.12303,-7.04444,2.64685,-1.99207
95.50403735,5.17745,5.17755,-7.06227,2.58186,-2.0697
95.50598157,5.27372,5.27381,-7.09238,2.46232,-2.21117
95.50987001,5.4579,5.45799,-7.14599,2.22027,-2.49299
95.5176227,5.79338,5.79346,-7.22675,1.72647,-3.04776
95.5288018,6.20595,6.20602,-7.28282,0.99049,-3.81856
95.54059878,6.55326,6.5533,-7.26614,0.186965,-4.57352
95.54777261,6.72109,6.72113,-7.21859,-0.31357,-4.99431
95.5511531,6.78894,6.78897,-7.1865,-0.552237,-5.18097
95.55388351,6.83855,6.83857,-7.15613,-0.746158,-5.32579
95.55611236,6.87562,6.87564,-7.12841,-0.90514,-5.44001
95.55839796,6.91045,6.91046,-7.09727,-1.06873,-5.55341
95.56153811,6.95306,6.95308,-7.05007,-1.29425,-5.70319
95.56361675,6.97795,6.97796,-7.01601,-1.444,-5.79857
95.5648764,6.99121,6.99122,-6.99385,-1.53475,-5.85495
95.5662838,7.00603,7.00604,-6.96908,-1.63628,-5.91667
95.56851018,7.02616,7.02616,-6.92715,-1.79689,-6.01162
95.57273081,7.05612,7.05612,-6.84082,-2.10137,-6.1827
95.58117206,7.0842,7.08419,-6.64194,-2.70579,-6.49043
95.59704698,7.02499,7.02496,-6.17713,-3.79847,-6.9476
95.61518386,6.78545,6.7854,-5.50975,-4.91054,-7.27996
95.62193864,6.65056,6.6505,-5.22544,-5.27872,-7.35261
95.62845789,6.49778,6.49771,-4.9337,-5.60653,-7.3969
95.63292041,6.38071,6.38063,-4.72455,-5.81496,-7.41275
95.63794975,6.23693,6.23685,-4.47999,-6.03445,-7.4167
95.64800843,5.91309,5.913,-3.96432,-6.42576,-7.38119
95.65986891,5.47183,5.47173,-3.31381,-6.8074,-7.2667
95.67290712,4.9169,4.91679,-2.55041,-7.12935,-7.05317
95.69852808,3.63783,3.63769,-0.928801,-7.47284,-6.38424
95.72404842,2.15092,2.15077,0.806437,-7.44787,-5.41775
95.73372538,1.53718,1.53703,1.48644,-7.34502,-4.97751
95.73647537,1.35814,1.35798,1.68129,-7.30659,-4.84531
95.73812341,1.24995,1.24979,1.79807,-7.28165,-4.76466
95.73991389,1.13171,1.13155,1.92493,-7.25295,-4.67587
95.74349484,0.893151,0.892991,2.17835,-7.19064,-4.49474
95.75065673,0.408353,0.408191,2.68123,-7.04665,-4.11881
95.76498053,-0.58691,-0.587076,3.65123,-6.684,-3.31621
95.77111727,-1.02209,-1.02226,4.04693,-6.49887,-2.95263
95.7754871,-1.33423,-1.3344,4.31898,-6.35649,-2.68698
95.77685398,-1.43225,-1.43242,4.40224,-6.30979,-2.60252
95.77811546,-1.52271,-1.52287,4.4782,-6.26669,-2.52457
95.7797901,-1.64279,-1.64296,4.57762,-6.20788,-2.42012
95.78313937,-1.88294,-1.88311,4.77121,-6.0866,-2.20903
95.78572466,-2.06831,-2.06847,4.91557,-5.9897,-2.04414
95.78736376,-2.18548,-2.18564,5.00468,-5.92649,-1.93857
95.78821563,-2.24637,-2.24654,5.05002,-5.89365,-1.8837
95.78888601,-2.29429,-2.29446,5.0857,-5.86726,-1.84022
95.78954142,-2.34095,-2.34112,5.11978,-5.84146,-1.7977
95.79063393,-2.41873,-2.4189,5.1766,-5.79766,-1.72638
95.79172789,-2.49662,-2.49678,5.23233,-5.7538,-1.65496
95.79370982,-2.63706,-2.63723,5.3311,-5.67265,-1.52463
95.79767368,-2.9158,-2.91596,5.52034,-5.5056,-1.26138
95.80560139,-3.46092,-3.46108,5.86709,-5.15304,-0.725262
95.81761711,-4.23933,-4.23947,6.31557,-4.57409,0.108669
95.82914284,-4.90937,-4.90949,6.66127,-3.97126,0.927941
95.83384579,-5.15817,-5.15828,6.77892,-3.71245,1.26654
95.83598739,-5.26642,-5.26653,6.82804,-3.5922,1.42144
95.83700664,-5.31676,-5.31687,6.84993,-3.5342,1.49516
95.83870991,-5.39919,-5.3993,6.88651,-3.43727,1.61853
95.84152323,-5.53078,-5.53088,6.94229,-3.27484,1.8223
95.84697061,-5.76989,-5.76998,7.03693,-2.95381,2.21605
95.85538279,-6.09997,-6.10004,7.14871,-2.44209,2.81764
95.86445683,-6.40423,-6.40429,7.22305,-1.86994,3.44984
95.88033149,-6.81114,-6.81118,7.24035,-0.825461,4.47635
95.88950894,-6.97473,-6.97475,7.18612,-0.199176,5.00707
95.89382331,-7.03371,-7.03372,7.14463,0.100342,5.23792
95.8979505,-7.07952,-7.07954,7.09555,0.389517,5.44653
95.90132493,-7.10935,-7.10935,7.04869,0.627678,5.60813
95.90513072,-7.1348,-7.1348,6.98867,0.89791,5.78086
95.90785269,-7.14771,-7.14771,6.94112,1.0921,5.89832
95.91116777,-7.15752,-7.15751,6.87807,1.32943,6.03466
95.91327638,-7.16039,-7.16038,6.83505,1.48081,6.11758
95.91464403,-7.16017,-7.16016,6.80534,1.579,6.16981
95.91639988,-7.15988,-7.15986,6.76721,1.70517,6.23509
95.9193912,-7.15408,-7.15406,6.69768,1.92013,6.34171
95.92537385,-7.12711,-7.12709,6.5455,2.34873,6.5378
95.93733915,-7.01305,-7.01301,6.19029,3.18996,6.8623
95.96103115,-6.56312,-6.56305,5.30102,4.69364,7.24529
95.96266142,-6.5206,-6.52052,5.23026,4.78797,7.25819
95.96592195,-6.4324,-6.43232,5.0862,4.97226,7.28019
95.96823456,-6.36699,-6.36691,4.98171,5.09886,7.29234
95.96981347,-6.32088,-6.3208,4.90921,5.1831,7.29887
95.97221822,-6.24836,-6.24827,4.79694,5.30789,7.30599
95.97480395,-6.16731,-6.16722,4.67377,5.43747,7.30986
95.97997541,-5.99586,-5.99576,4.42001,5.68287,7.30596
95.99031834,-5.6168,-5.61669,3.88419,6.12123,7.25231
96.00123903,-5.16658,-5.16646,3.27996,6.51091,7.13082
96.01394807,-4.58206,-4.58193,2.53137,6.87253,6.90839
96.03111306,-3.69862,-3.69848,1.45269,7.20775,6.47647
96.05758823,-2.15623,-2.15607,-0.329635,7.39089,5.53907
96.07120781,-1.28809,-1.28792,-1.28721,7.33126,4.93703
96.07850931,-0.804427,-0.804257,-1.80672,7.25737,4.58295
96.08103897,-0.634126,-0.633955,-1.9871,7.22505,4.45537
96.08337008,-0.476076,-0.475904,-2.15332,7.19226,4.33568
96.08803231,-0.157069,-0.156895,-2.48437,7.11818,4.09044
96.09735677,0.491061,0.491238,-3.13581,6.9368,3.57768
96.10318316,0.901903,0.902081,-3.53255,6.80138,3.24281
96.10639503,1.12995,1.13013,-3.74694,6.71893,3.05363
96.10723342,1.18969,1.18987,-3.80221,6.69741,3.00362
96.10808531,1.2504,1.25058,-3.85837,6.6743,2.9528
96.10922803,1.33183,1.33201,-3.93275,6.64329,2.88393
96.11053799,1.42538,1.42556,-4.018,6.60624,2.80498
96.11207216,1.53494,1.53512,-4.1165,6.56284,2.71164
96.1144871,1.70741,1.70759,-4.26925,6.49155,2.56335
96.11919155,2.04307,2.04325,-4.55782,6.34493,2.26992
96.12323123,2.33016,2.33034,-4.79512,6.21099,2.01328
96.12657943,2.56678,2.56695,-4.98368,6.09443,1.79744
96.12898078,2.73551,2.73569,-5.11411,6.00777,1.64093
96.13108922,2.8828,2.88297,-5.22516,5.92961,1.50238
96.13239683,2.97367,2.97384,-5.29239,5.88017,1.41594
96.13487595,3.14477,3.14494,-5.41652,5.78445,1.251
96.13983419,3.48145,3.48161,-5.65207,5.58526,0.917183
96.14975066,4.12472,4.12487,-6.07475,5.15707,0.235227
96.1601986,4.74433,4.74446,-6.45277,4.66479,-0.50115
96.164839,4.99712,4.99725,-6.59894,4.43303,-0.833397
96.16741683,5.13098,5.1311,-6.67445,4.3009,-1.01914
96.16984032,5.25233,5.25245,-6.74121,4.17423,-1.19447
96.17059409,5.28893,5.28904,-6.76198,4.13484,-1.249
96.17153789,5.33474,5.33486,-6.78649,4.08465,-1.3175
96.17266372,5.38772,5.38783,-6.81573,4.02479,-1.39922
96.17388779,5.44532,5.44544,-6.84583,3.95875,-1.48807
96.17520654,5.50564,5.50575,-6.87826,3.88761,-1.58397
96.17722274,5.59547,5.59558,-6.92509,3.77732,-1.73057
96.18086981,5.75082,5.75091,-7.00365,3.57449,-1.99577
96.18816393,6.03459,6.03468,-7.13713,3.15648,-2.52352
96.20030591,6.42975,6.42981,-7.29023,2.42676,-3.38084
96.21509781,6.78416,6.7842,-7.36232,1.48678,-4.35505
96.22344092,6.92354,6.92357,-7.34848,0.934189,-4.85691
96.22826467,6.98448,6.9845,-7.32282,0.608007,-5.12736
96.23072211,7.01004,7.01005,-7.30484,0.440082,-5.259
96.23303464,7.03073,7.03075,-7.28493,0.281056,-5.37889
96.23562516,7.05007,7.05008,-7.2592,0.101824,-5.50859
96.23950013,7.07148,7.07149,-7.21404,-0.168287,-5.69374
96.24725008,7.08755,7.08755,-7.10015,-0.714865,-6.03344
96.25195272,7.08008,7.08007,-7.0159,-1.0501,-6.22013
96.25508556,7.06795,7.06793,-6.95288,-1.27473,-6.33652
96.25590192,7.06363,7.0636,-6.93646,-1.33327,-6.36555
96.25689485,7.05836,7.05834,-6.91498,-1.40471,-6.40086
96.25797022,7.05132,7.0513,-6.89172,-1.4821,-6.43763
96.2594173,7.04186,7.04183,-6.85916,-1.58622,-6.4871
96.2614755,7.02571,7.02568,-6.81106,-1.73448,-6.55448
96.26513722,6.99107,6.99103,-6.72039,-1.99825,-6.66779
96.27246064,6.89946,6.89941,-6.51982,-2.52324,-6.86932
96.28710749,6.62985,6.62979,-6.04491,-3.54258,-7.17334
96.29892515,6.33141,6.33133,-5.59322,-4.31309,-7.32375
96.30882438,6.02822,6.02813,-5.17022,-4.90492,-7.38564
96.31303915,5.88481,5.88471,-4.97818,-5.13921,-7.39446
96.31562943,5.79254,5.79244,-4.85673,-5.27735,-7.39474
96.31809022,5.70205,5.70195,-4.739,-5.40428,-7.39141
96.32042513,5.61366,5.61356,-4.62523,-5.52085,-7.38505
96.32509495,5.4297,5.42959,-4.39179,-5.74295,-7.36303
96.33443458,5.03401,5.03389,-3.90242,-6.14484,-7.2825
96.34510185,4.53897,4.53884,-3.30899,-6.53711,-7.13239
96.35903641,3.82815,3.82801,-2.48354,-6.94532,-6.84642
96.3748525,2.94174,2.94159,-1.48608,-7.26868,-6.40456
96.40265371,1.21507,1.2149,0.386066,-7.48834,-5.354
96.41575318,0.337055,0.336874,1.30627,-7.44138,-4.74598
96.42326691,-0.182205,-0.182389,1.83954,-7.37209,-4.36691
96.42582557,-0.361367,-0.361552,2.02138,-7.34155,-4.23299
96.42817543,-0.526807,-0.526992,2.18838,-7.31046,-4.10794
96.43175482,-0.78024,-0.780427,2.44176,-7.25756,-3.91384
96.43455794,-0.979771,-0.979958,2.63916,-7.21152,-3.75883
96.43780633,-1.21195,-1.21214,2.86641,-7.15313,-3.57601
96.43994775,-1.36546,-1.36564,3.01517,-7.11172,-3.45363
96.44130765,-1.46313,-1.46332,3.10882,-7.08365,-3.37518
96.44301138,-1.5855,-1.58568,3.22614,-7.04847,-3.27609
96.44587106,-1.79089,-1.79107,3.42076,-6.98524,-3.10781
96.4515904,-2.20088,-2.20107,3.80169,-6.84681,-2.76415
96.4630291,-3.00739,-3.00757,4.51824,-6.52353,-2.05047
96.47106646,-3.55571,-3.55588,4.97666,-6.26041,-1.52951
96.47458747,-3.78964,-3.78981,5.16434,-6.13599,-1.29651
96.47796339,-4.00925,-4.00942,5.33618,-6.0116,-1.07057
96.48064491,-4.17994,-4.1801,5.46698,-5.90931,-0.88942
96.4835932,-4.36326,-4.36342,5.60505,-5.79333,-0.688622
96.48948978,-4.71402,-4.71416,5.86376,-5.55064,-0.282281
96.49301179,-4.91243,-4.91257,6.0074,-5.39896,-0.0367227
96.49478292,-5.00885,-5.00898,6.07604,-5.32046,0.0875298
96.49579046,-5.06227,-5.06241,6.11509,-5.2758,0.158432
96.49674595,-5.11294,-5.11308,6.15059,-5.2325,0.225813
96.49806213,-5.18108,-5.18121,6.19949,-5.17287,0.318846
96.49946422,-5.25222,-5.25234,6.24998,-5.10834,0.418221
96.50212977,-5.38342,-5.38355,6.34257,-4.98362,0.607863
96.50592537,-5.56141,-5.56153,6.46682,-4.80145,0.879376
96.50880834,-5.68982,-5.68994,6.55527,-4.65954,1.08662
96.51209447,-5.82923,-5.82933,6.64986,-4.49415,1.32369
96.51423149,-5.91597,-5.91607,6.70784,-4.38455,1.47829
96.51562625,-5.97094,-5.97104,6.74418,-4.31216,1.57919
96.51750208,-6.04286,-6.04296,6.7912,-4.21375,1.71501
96.52077291,-6.16276,-6.16285,6.86808,-4.03935,1.95182
96.52731457,-6.38186,-6.38193,7.00255,-3.68014,2.42345
96.54039788,-6.73857,-6.73863,7.19521,-2.92311,3.34398
96.56168296,-7.09252,-7.09254,7.29698,-1.59606,4.6926
96.56323671,-7.10667,-7.10669,7.29349,-1.49436,4.78269
96.5663442,-7.13149,-7.13151,7.28327,-1.28973,4.95874
96.56784713,-7.14126,-7.14127,7.27624,-1.19011,5.04114
96.56872012,-7.14694,-7.14695,7.27217,-1.132,5.08901
96.56935732,-7.15041,-7.15042,7.2684,-1.08957,5.12309
96.56997441,-7.15377,-7.15378,7.26474,-1.04831,5.1561
96.57094455,-7.15813,-7.15813,7.25901,-0.983425,5.20679
96.57195979,-7.16268,-7.16269,7.2516,-0.915273,5.25983
96.57374768,-7.16871,-7.16871,7.23855,-0.794778,5.3507
96.57732345,-7.17513,-7.17512,7.20625,-0.552043,5.52543
96.58415514,-7.16669,-7.16667,7.12544,-0.0822883,5.83439
96.5943272,-7.1047,-7.10467,6.95971,0.629716,6.23652
96.6002009,-7.04238,-7.04235,6.83972,1.04659,6.43796
96.60354578,-6.99835,-6.99831,6.76357,1.28558,6.54278
96.60449597,-6.98442,-6.98438,6.74066,1.35346,6.57093
96.60561841,-6.96798,-6.96793,6.71358,1.43393,6.60417
96.60823431,-6.92633,-6.92628,6.64746,1.62147,6.6778
96.61076332,-6.88258,-6.88252,6.58038,1.80273,6.74492
96.61566122,-6.78824,-6.78818,6.44175,2.1538,6.8636
96.62545702,-6.56249,-6.56241,6.13097,2.84794,7.05656
96.64504862,-5.9709,-5.9708,5.38345,4.15298,7.26847
96.65830267,-5.47042,-5.47031,4.78798,4.93465,7.28302
96.66416483,-5.22438,-5.22426,4.50258,5.24814,7.25687
96.66978851,-4.97489,-4.97476,4.21685,5.52783,7.21343
96.6738136,-4.78851,-4.78838,4.00544,5.71513,7.17146
96.67841682,-4.56768,-4.56755,3.75688,5.91631,7.11251
96.68762326,-4.10267,-4.10253,3.23934,6.27819,6.96042
96.69850432,-3.51536,-3.5152,2.59494,6.63804,6.72352
96.7141327,-2.60737,-2.6072,1.61437,7.02938,6.28014
96.73782547,-1.1097,-1.10951,0.0277645,7.34823,5.39442
96.75165298,-0.178279,-0.178092,-0.942386,7.38486,4.76661
96.75792577,0.256235,0.256424,-1.3903,7.36583,4.45639
96.75991915,0.395726,0.395917,-1.53347,7.35444,4.3546
96.76124809,0.489055,0.489246,-1.62892,7.34685,4.28561
96.76253628,0.579753,0.579944,-1.72153,7.33786,4.21874
96.76511265,0.761765,0.761957,-1.90675,7.31718,4.08259
96.76769196,0.944724,0.944916,-2.09219,7.29288,3.94397
96.77107634,1.18572,1.18592,-2.33476,7.25559,3.75863
96.77202862,1.25376,1.25395,-2.40301,7.24371,3.70561
96.77315612,1.33431,1.33451,-2.48349,7.22965,3.64282
96.7744102,1.42391,1.4241,-2.573,7.21244,3.57202
96.77581151,1.52415,1.52435,-2.67245,7.19321,3.49291
96.77799283,1.68019,1.68039,-2.82726,7.16051,3.36806
96.78205988,1.97113,1.97132,-3.113,7.09295,3.13132
96.790194,2.54863,2.54882,-3.67094,6.93259,2.64314
96.80646222,3.65631,3.65649,-4.6983,6.51478,1.614
96.81291909,4.07152,4.07169,-5.06575,6.31394,1.18732
96.81647389,4.29231,4.29247,-5.25663,6.1951,0.948348
96.81987819,4.49733,4.49749,-5.43127,6.07594,0.716998
96.82307998,4.68365,4.6838,-5.5882,5.95918,0.497321
96.82662032,4.88149,4.88163,-5.7536,5.82488,0.252196
96.82835632,4.97517,4.97532,-5.83109,5.7567,0.131178
96.82930857,5.02527,5.02541,-5.8736,5.7193,0.0645752
96.83021316,5.07285,5.07299,-5.9126,5.68288,0.00116399
96.83128075,5.12733,5.12746,-5.95862,5.63989,-0.0738457
96.83241606,5.18526,5.1854,-6.00643,5.59299,-0.153813
96.83433589,5.28021,5.28034,-6.08539,5.51367,-0.289493
96.83817556,5.46198,5.4621,-6.23633,5.34962,-0.562451
96.84235891,5.64803,5.64815,-6.39028,5.16415,-0.862032
96.84545669,5.77795,5.77806,-6.49727,5.02236,-1.08515
96.84828414,5.89084,5.89094,-6.58912,4.8893,-1.28965
96.84901547,5.91888,5.91898,-6.61288,4.85489,-1.34255
96.85014932,5.96235,5.96245,-6.64771,4.80029,-1.42482
96.85121963,6.00183,6.00193,-6.68059,4.74875,-1.50248
96.85270129,6.05648,6.05657,-6.72444,4.67638,-1.60998
96.85495596,6.13608,6.13617,-6.78861,4.56472,-1.77368
96.85918402,6.27646,6.27654,-6.90063,4.3504,-2.08064
96.86764015,6.52279,6.52286,-7.09242,3.90326,-2.68985
96.88455241,6.88036,6.8804,-7.34896,2.9413,-3.85553
96.895614,7.01835,7.01837,-7.42652,2.26724,-4.55684
96.9036907,7.07204,7.07205,-7.43886,1.75474,-5.02553
96.90720064,7.08312,7.08312,-7.4327,1.52699,-5.21607
96.91054629,7.08687,7.08687,-7.42043,1.30729,-5.38959
96.91326403,7.08506,7.08505,-7.4059,1.12703,-5.52465
96.91629398,7.07795,7.07794,-7.38492,0.92426,-5.66909
96.92235388,7.04783,7.04781,-7.32804,0.51341,-5.93915
96.9309165,6.96975,6.96971,-7.2144,-0.0780218,-6.2794
96.9410528,6.82486,6.82481,-7.03077,-0.792022,-6.62138
96.94573339,6.73907,6.73902,-6.92832,-1.12598,-6.75735
96.95037831,6.64243,6.64237,-6.81588,-1.45916,-6.87878
96.95285803,6.58619,6.58612,-6.75152,-1.63761,-6.93812
96.95469209,6.54255,6.54248,-6.702,-1.7696,-6.97957
96.95836021,6.45012,6.45004,-6.59816,-2.03358,-7.05629
96.96569646,6.24512,6.24503,-6.37168,-2.55869,-7.18513
96.98036895,5.75814,5.75803,-5.84677,-3.5767,-7.34589
96.9920567,5.30029,5.30018,-5.36324,-4.33512,-7.38307
97.0018572,4.87131,4.87118,-4.91555,-4.91769,-7.35349
97.00598287,4.67886,4.67873,-4.71596,-5.14571,-7.32469
97.00875332,4.54584,4.5457,-4.57837,-5.29246,-7.29999
97.01110075,4.4308,4.43066,-4.45961,-5.41266,-7.27573
97.01350292,4.31094,4.3108,-4.33605,-5.53173,-7.24778
97.01830727,4.06488,4.06473,-4.08299,-5.75827,-7.18248
97.02791595,3.54866,3.5485,-3.5542,-6.16672,-7.01512
97.03826477,2.95899,2.95882,-2.95303,-6.5422,-6.7816
97.0527897,2.07844,2.07826,-2.05962,-6.95961,-6.36492
97.06868829,1.05304,1.05285,-1.02408,-7.27286,-5.79671
97.08890196,-0.324258,-0.324453,0.361219,-7.4599,-4.91962
97.09917923,-1.04898,-1.04918,1.08864,-7.46601,-4.41148
97.10413846,-1.40275,-1.40295,1.44355,-7.44785,-4.15213
97.10584127,-1.52472,-1.52492,1.5659,-7.43848,-4.06103
97.10744512,-1.63961,-1.6398,1.68114,-7.4282,-3.9743
97.10924085,-1.76823,-1.76843,1.81016,-7.41505,-3.87617
97.11283229,-2.02532,-2.02551,2.0682,-7.38353,-3.67672
97.12001517,-2.53605,-2.53625,2.58117,-7.29996,-3.26562
97.13438094,-3.52287,-3.52305,3.57536,-7.0531,-2.39866
97.14582248,-4.25415,-4.25432,4.31659,-6.78278,-1.66935
97.15541735,-4.81274,-4.81289,4.88731,-6.50757,-1.03417
97.15945684,-5.03038,-5.03052,5.11106,-6.37877,-0.760778
97.16169276,-5.14593,-5.14606,5.23017,-6.30425,-0.608043
97.16381295,-5.25212,-5.25225,5.33983,-6.2315,-0.462345
97.16608216,-5.36213,-5.36225,5.45363,-6.15143,-0.305518
97.16851201,-5.47582,-5.47594,5.57146,-6.06318,-0.136616
97.1733717,-5.69084,-5.69095,5.795,-5.87905,0.203985
97.18160421,-6.01882,-6.01891,6.13821,-5.54462,0.788314
97.18562028,-6.16257,-6.16265,6.28976,-5.37142,1.07625
97.18963804,-6.29593,-6.29601,6.43118,-5.19173,1.36565
97.19180783,-6.36365,-6.36372,6.50334,-5.09207,1.52243
97.1929532,-6.39819,-6.39826,6.54026,-5.03824,1.60518
97.19524393,-6.46477,-6.46484,6.61167,-4.93058,1.77071
97.19982541,-6.58804,-6.5881,6.74481,-4.70846,2.10175
97.20898837,-6.7953,-6.79534,6.97269,-4.24196,2.75732
97.22731428,-7.05567,-7.05569,7.27741,-3.22778,3.99932
97.24006893,-7.11795,-7.11794,7.37262,-2.46366,4.77524
97.24601802,-7.11414,-7.11412,7.38469,-2.09212,5.10481
97.24930726,-7.1032,-7.10318,7.38264,-1.88286,5.27686
97.25238674,-7.08733,-7.0873,7.37517,-1.68463,5.43097
97.2553723,-7.06681,-7.06678,7.36284,-1.4904,5.57392
97.26079857,-7.01673,-7.01669,7.32777,-1.13259,5.81787
97.27165112,-6.86825,-6.86819,7.20963,-0.400233,6.24685
97.28194825,-6.66943,-6.66935,7.0398,0.312645,6.58339
97.29003832,-6.47481,-6.47472,6.86799,0.88288,6.80069
97.29402853,-6.36664,-6.36654,6.77105,1.1668,6.89277
97.29659174,-6.29298,-6.29289,6.70459,1.34992,6.94671
97.2989973,-6.22095,-6.22085,6.6393,1.52217,6.99364
97.3007566,-6.16651,-6.16641,6.58977,1.64815,7.02572
97.30358703,-6.07585,-6.07575,6.507,1.85095,7.07335
97.30924788,-5.88338,-5.88326,6.33016,2.25559,7.154
97.32056958,-5.45549,-5.45536,5.93285,3.05213,7.25752
97.34321298,-4.44262,-4.44247,4.9767,4.50974,7.24069
97.35212059,-3.98989,-3.98973,4.54431,5.01467,7.15393
97.35701984,-3.72866,-3.7285,4.29369,5.27203,7.08738
97.36171803,-3.47052,-3.47035,4.04528,5.5039,7.01132
97.36691261,-3.17686,-3.17669,3.76186,5.74316,6.91355
97.37202453,-2.87982,-2.87964,3.47431,5.96142,6.80356
97.38224837,-2.26358,-2.26339,2.87522,6.34841,6.5439
97.39420131,-1.50912,-1.50893,2.13755,6.71919,6.17574
97.40993073,-0.468668,-0.468466,1.11335,7.07604,5.59137
97.42383572,0.487964,0.488172,0.164725,7.26976,4.98629
97.43141857,1.02109,1.0213,-0.367412,7.32793,4.62315
97.43580188,1.33185,1.33206,-0.679138,7.34646,4.40306
97.4372424,1.43436,1.43457,-0.782186,7.3496,4.32879
97.43858758,1.53009,1.5303,-0.878653,7.35253,4.25943
97.44034369,1.65506,1.65527,-1.0049,7.35411,4.16745
97.44296071,1.8413,1.8415,-1.19371,7.35252,4.02835
97.44393783,1.91083,1.91104,-1.2642,7.35193,3.97565
97.44483543,1.9746,1.97481,-1.3292,7.34997,3.92723
97.44599704,2.05712,2.05733,-1.41331,7.34743,3.86375
97.44714382,2.13858,2.13879,-1.49634,7.34349,3.80108
97.44842524,2.2293,2.22951,-1.58933,7.33909,3.72991
97.45012446,2.34959,2.3498,-1.71263,7.33132,3.63554
97.45302969,2.55421,2.55441,-1.92345,7.31436,3.47139
97.45884015,2.9588,2.959,-2.34421,7.26667,3.13513
97.47046108,3.73757,3.73776,-3.17198,7.11737,2.43289
97.48003142,4.33569,4.33586,-3.82895,6.94169,1.82702
97.48802493,4.79521,4.79537,-4.3517,6.75943,1.30361
97.49152057,4.98298,4.98313,-4.57129,6.66974,1.07003
97.49354262,5.08759,5.08773,-4.69541,6.61513,0.933695
97.49545312,5.18361,5.18375,-4.81048,6.56172,0.804096
97.4976669,5.29148,5.29161,-4.94093,6.49765,0.653011
97.50047058,5.42293,5.42305,-5.10133,6.4132,0.460315
97.50176666,5.48142,5.48155,-5.17324,6.37268,0.370739
97.50252387,5.5156,5.51572,-5.21526,6.34901,0.318264
97.50325242,5.54751,5.54763,-5.25467,6.3256,0.267678
97.5042231,5.59004,5.59016,-5.30718,6.29442,0.200134
97.50526719,5.63478,5.6349,-5.3626,6.25983,0.127301
97.50687679,5.7023,5.70241,-5.44647,6.20651,0.0146602
97.510096,5.83207,5.83218,-5.60869,6.09561,-0.211871
97.51631578,6.06329,6.06338,-5.90203,5.86836,-0.653811
97.52088407,6.21696,6.21705,-6.10111,5.69079,-0.981542
97.52370948,6.30524,6.30532,-6.21745,5.57597,-1.18535
97.52462858,6.3326,6.33267,-6.25394,5.53862,-1.25184
97.52546683,6.35755,6.35762,-6.28723,5.50356,-1.31249
97.52660235,6.38986,6.38993,-6.33084,5.45606,-1.39482
97.52781093,6.42425,6.42432,-6.37727,5.40439,-1.48245
97.52913415,6.46036,6.46043,-6.42657,5.34782,-1.57839
97.53110657,6.51213,6.51219,-6.49804,5.2617,-1.72156
97.53465158,6.59899,6.59905,-6.62043,5.10305,-1.97888
97.54174161,6.74908,6.74912,-6.84198,4.77126,-2.49116
97.55592167,6.95613,6.95615,-7.19334,4.05325,-3.48695
97.56808503,7.03654,7.03654,-7.39855,3.38354,-4.28671
97.57819107,7.03653,7.03651,-7.50252,2.79239,-4.89357
97.58253947,7.01813,7.0181,-7.52885,2.52885,-5.13535
97.58511747,7.00205,7.00202,-7.53928,2.37015,-5.27255
97.58755784,6.98334,6.9833,-7.54564,2.2183,-5.39801
97.58996285,6.96161,6.96157,-7.54857,2.06717,-5.51745
97.59430795,6.91414,6.91408,-7.54557,1.79056,-5.72293
97.60299816,6.7881,6.78804,-7.50792,1.22448,-6.09567
97.61439995,6.56168,6.56159,-7.39594,0.458456,-6.51023
97.6272979,6.22531,6.22521,-7.18631,-0.434987,-6.88019
97.63537965,5.97264,5.97253,-7.01128,-1.00665,-7.05933
97.63930185,5.8387,5.83859,-6.91446,-1.28664,-7.1318
97.64151019,5.7601,5.75998,-6.85659,-1.44492,-7.16847
97.64255496,5.72164,5.72151,-6.82786,-1.5198,-7.18413
97.64462615,5.64539,5.64526,-6.77091,-1.66847,-7.21518
97.64823713,5.50701,5.50688,-6.66582,-1.92766,-7.26201
97.65545909,5.21324,5.21309,-6.43737,-2.44393,-7.3323
97.66990302,4.56145,4.56129,-5.91067,-3.44846,-7.38113
97.67144047,4.48661,4.48645,-5.84865,-3.55262,-7.37846
97.67451536,4.33479,4.33463,-5.72224,-3.75892,-7.36989
97.68066516,4.02117,4.021,-5.45828,-4.16019,-7.33735
97.69296475,3.35513,3.35495,-4.88632,-4.90077,-7.21005
97.69704214,3.12326,3.12308,-4.68404,-5.12588,-7.1497
97.70027438,2.93571,2.93553,-4.51935,-5.29638,-7.09553
97.70278944,2.78758,2.78739,-4.38862,-5.42406,-7.04956
97.70539118,2.63237,2.63217,-4.25106,-5.55159,-6.99852
97.71059466,2.3162,2.31601,-3.96908,-5.79313,-6.88598
97.72100163,1.66257,1.66237,-3.37918,-6.22426,-6.62021
97.73140106,0.983614,0.983402,-2.7575,-6.58794,-6.30224
97.74693158,-0.0705386,-0.0707584,-1.77605,-7.00953,-5.7355
97.75738691,-0.802463,-0.802686,-1.08328,-7.2126,-5.29505
97.76229969,-1.15125,-1.15147,-0.749611,-7.2858,-5.07237
97.76383445,-1.26078,-1.261,-0.644366,-7.30541,-5.00055
97.76462997,-1.31755,-1.31778,-0.589635,-7.31558,-4.96332
97.7656632,-1.39144,-1.39167,-0.518378,-7.32731,-4.91398
97.76724057,-1.50425,-1.50447,-0.40923,-7.34521,-4.83864
97.76984275,-1.6904,-1.69062,-0.228241,-7.37084,-4.71179
97.77465734,-2.03481,-2.03503,0.109486,-7.40801,-4.47049
97.78428653,-2.71649,-2.71671,0.794482,-7.44293,-3.96337
97.78881214,-3.03188,-3.0321,1.1202,-7.44133,-3.71409
97.79287731,-3.31109,-3.3113,1.41424,-7.43017,-3.48446
97.79509551,-3.46155,-3.46176,1.5752,-7.42023,-3.35694
97.7962319,-3.53801,-3.53821,1.65765,-7.41339,-3.29101
97.79850467,-3.68947,-3.68968,1.82259,-7.3997,-3.158
97.80305022,-3.98585,-3.98604,2.15247,-7.36253,-2.88743
97.81214132,-4.54577,-4.54595,2.80619,-7.25519,-2.32913
97.81863237,-4.91378,-4.91394,3.26468,-7.15203,-1.91729
97.82146776,-5.0654,-5.06556,3.46209,-7.10012,-1.73409
97.82418838,-5.20533,-5.20548,3.64938,-7.04645,-1.55651
97.82638343,-5.31424,-5.31439,3.79873,-7.00042,-1.41201
97.82873811,-5.42716,-5.4273,3.95696,-6.94837,-1.25582
97.83344748,-5.64123,-5.64135,4.26627,-6.83605,-0.939983
97.8406772,-5.94039,-5.9405,4.71873,-6.64278,-0.446794
97.84629277,-6.14877,-6.14887,5.0484,-6.47559,-0.0573072
97.849237,-6.24978,-6.24988,5.2128,-6.38208,0.148989
97.8507912,-6.30084,-6.30093,5.2971,-6.33059,0.258435
97.85226133,-6.34772,-6.3478,5.3752,-6.28189,0.362286
97.85410129,-6.40444,-6.40453,5.47071,-6.21892,0.492686
97.85602802,-6.46154,-6.46162,5.5681,-6.15138,0.629712
97.85988147,-6.5687,-6.56877,5.75504,-6.01142,0.905075
97.86265702,-6.64009,-6.64016,5.88336,-5.90664,1.10436
97.86588253,-6.71699,-6.71705,6.02597,-5.78075,1.33675
97.86815553,-6.76728,-6.76733,6.12234,-5.68941,1.50096
97.8695615,-6.79678,-6.79683,6.18026,-5.63184,1.60253
97.87168868,-6.83907,-6.83912,6.26548,-5.54321,1.75627
97.87561469,-6.90979,-6.90983,6.41517,-5.37485,2.04001
97.8834667,-7.0229,-7.02292,6.68541,-5.02012,2.60359
97.89917071,-7.13794,-7.13793,7.11131,-4.24336,3.68879
97.92034987,-7.06635,-7.0663,7.44928,-3.06894,4.96767
97.92780577,-6.98047,-6.98041,7.50446,-2.62311,5.35693
97.93501551,-6.8684,-6.86833,7.52687,-2.17771,5.69864
97.94081719,-6.75801,-6.75793,7.52314,-1.80988,5.94834
97.9472793,-6.61439,-6.6143,7.4965,-1.39113,6.20026
97.96020353,-6.26448,-6.26437,7.37395,-0.52861,6.62348
97.97540898,-5.75128,-5.75114,7.11559,0.521353,6.98704
97.98363736,-5.42969,-5.42955,6.92573,1.10205,7.12412
97.98813723,-5.2413,-5.24115,6.80743,1.42221,7.18158
97.99105834,-5.11439,-5.11423,6.72525,1.63074,7.21231
97.99302358,-5.02703,-5.02687,6.66763,1.77103,7.23009
97.99695405,-4.84767,-4.8475,6.54686,2.05145,7.25875
98.004815,-4.47102,-4.47085,6.28375,2.60837,7.28871
98.0205369,-3.65127,-3.65108,5.67542,3.68053,7.24171
98.03258369,-2.96779,-2.96759,5.13901,4.43972,7.11172
98.04270711,-2.35979,-2.35957,4.64396,5.01622,6.94142
98.04715279,-2.08367,-2.08345,4.41428,5.24924,6.84937
98.05121004,-1.8272,-1.82698,4.19844,5.45036,6.75639
98.05630866,-1.49925,-1.49903,3.91914,5.68743,6.6277
98.0614684,-1.16137,-1.16114,3.62769,5.90999,6.48428
98.07178787,-0.469441,-0.469208,3.01998,6.30453,6.15906
98.08183406,0.222256,0.222494,2.39882,6.62537,5.79511
98.0900348,0.797845,0.798086,1.87185,6.84182,5.46479
98.09406362,1.08356,1.0838,1.60678,6.93332,5.29189
98.09624684,1.23908,1.23932,1.46152,6.9784,5.19504
98.09693081,1.2878,1.28805,1.4157,6.99253,5.1647
98.0980518,1.36787,1.36811,1.3406,7.01392,5.11376
98.09931785,1.4583,1.45854,1.25536,7.03809,5.05623
98.10119284,1.59222,1.59246,1.12849,7.07152,4.96944
98.10426979,1.8121,1.81234,0.918713,7.12188,4.824
98.11042371,2.25047,2.25071,0.493626,7.20594,4.52227
98.12273153,3.10928,3.10951,-0.375794,7.30819,3.87777
98.13154547,3.69957,3.69979,-1.01154,7.32812,3.38445
98.13562672,3.96369,3.9639,-1.30891,7.32243,3.14743
98.13750174,4.08277,4.08298,-1.4461,7.31668,3.03677
98.1386087,4.15227,4.15248,-1.5271,7.31191,2.9707
98.14006057,4.24245,4.24265,-1.63354,7.30566,2.88404
98.1421236,4.36856,4.36876,-1.78479,7.29415,2.75951
98.14566642,4.57912,4.57931,-2.04452,7.26893,2.54284
98.14968463,4.80784,4.80802,-2.33854,7.23205,2.29291
98.1520127,4.93512,4.93529,-2.50828,7.20596,2.14612
98.15315796,4.99588,4.99605,-2.59178,7.19313,2.07327
98.1540094,5.04105,5.04122,-2.65357,7.18243,2.0191
98.15479283,5.0814,5.08157,-2.71041,7.17258,1.96887
98.15599799,5.14348,5.14365,-2.79787,7.15612,1.89159
98.15720582,5.20421,5.20437,-2.88489,7.13964,1.81366
98.15962147,5.32237,5.32252,-3.05892,7.10358,1.65675
98.16445277,5.54597,5.54611,-3.40248,7.02232,1.33884
98.17411538,5.94468,5.9448,-4.06685,6.82408,0.688085
98.18467346,6.30927,6.30937,-4.74414,6.55464,-0.0431623
98.19123759,6.49941,6.49949,-5.1331,6.36007,-0.507174
98.19431396,6.57902,6.57909,-5.30575,6.26189,-0.726857
98.19669532,6.63652,6.63659,-5.43482,6.1829,-0.897754
98.19887054,6.68593,6.68599,-5.54915,6.10849,-1.05442
98.2016513,6.74477,6.74483,-5.69041,6.01029,-1.25534
98.20375817,6.78614,6.78619,-5.79383,5.93361,-1.40804
98.20497967,6.80835,6.8084,-5.85184,5.88791,-1.49656
98.20631541,6.83264,6.83268,-5.91528,5.83793,-1.59354
98.20838133,6.86724,6.86728,-6.0102,5.75858,-1.74352
98.21216169,6.92373,6.92376,-6.17663,5.60869,-2.01796
98.2197224,7.01044,7.01046,-6.48191,5.29126,-2.5638
98.23342522,7.07993,7.07992,-6.94373,4.65919,-3.52416
98.24934372,7.02265,7.02261,-7.33529,3.84014,-4.5485
98.25693086,6.94425,6.94419,-7.46777,3.41957,-4.98994
98.26085632,6.89099,6.89092,-7.52273,3.19474,-5.20399
98.26459328,6.83241,6.83234,-7.56653,2.97641,-5.39771
98.26744253,6.78265,6.78257,-7.59438,2.80721,-5.53874
98.27053433,6.72374,6.72366,-7.6192,2.62105,-5.68531
98.27671793,6.59084,6.59074,-7.65213,2.24109,-5.95894
98.28432132,6.40047,6.40036,-7.66244,1.76078,-6.26079
98.29713331,6.01517,6.01504,-7.6061,0.922176,-6.68581
98.31079829,5.51946,5.51931,-7.44695,-0.00708564,-7.02611
98.32171316,5.06405,5.06388,-7.24868,-0.770514,-7.21561
98.32700641,4.82494,4.82477,-7.1303,-1.14618,-7.28147
98.33135774,4.61985,4.61967,-7.02239,-1.45674,-7.32304
98.3338059,4.50115,4.50097,-6.95753,-1.63203,-7.34146
98.3360881,4.38843,4.38824,-6.89443,-1.79543,-7.35544
98.34065249,4.15714,4.15695,-6.76072,-2.12197,-7.37423
98.34978127,3.67232,3.67212,-6.46407,-2.76901,-7.37563
98.36803883,2.62219,2.62197,-5.76039,-3.99662,-7.23809
98.38089923,1.82435,1.82412,-5.18129,-4.7746,-7.03236
98.38668763,1.45084,1.4506,-4.89914,-5.0947,-6.91114
98.39014578,1.22377,1.22353,-4.72447,-5.27571,-6.83045
98.39308576,1.02859,1.02834,-4.57253,-5.42326,-6.75709
98.39608863,0.827315,0.827067,-4.41415,-5.56793,-6.6777
98.40209438,0.419402,0.41915,-4.08811,-5.83948,-6.50575
98.41274162,-0.319163,-0.31942,-3.4814,-6.26471,-6.15909
98.42005579,-0.836256,-0.836516,-3.04448,-6.51615,-5.8909
98.42379734,-1.10329,-1.10355,-2.81492,-6.63216,-5.74449
98.42590657,-1.25445,-1.25471,-2.68376,-6.69382,-5.65925
98.42830817,-1.42692,-1.42718,-2.53296,-6.76079,-5.55989
98.42985121,-1.5379,-1.53816,-2.43527,-6.80201,-5.49477
98.43224988,-1.71042,-1.71068,-2.2822,-6.86326,-5.39158
98.43691816,-2.04592,-2.04618,-1.98021,-6.97267,-5.18405
98.44625474,-2.71049,-2.71074,-1.36123,-7.15294,-4.74346
98.46492789,-3.96595,-3.96618,-0.0725147,-7.3617,-3.7685
98.47782207,-4.7392,-4.7394,0.849727,-7.38974,-3.02818
98.48413119,-5.08148,-5.08167,1.30837,-7.36942,-2.64739
98.48809533,-5.28275,-5.28292,1.59831,-7.34538,-2.40232
98.48941041,-5.34708,-5.34725,1.6945,-7.33506,-2.31985
98.49061751,-5.40504,-5.40521,1.78296,-7.3256,-2.24415
98.4930317,-5.51783,-5.51799,1.9599,-7.30343,-2.09123
98.49786009,-5.73118,-5.73133,2.3131,-7.24975,-1.7811
98.50751687,-6.11085,-6.11098,3.01127,-7.10573,-1.14503
98.51679864,-6.41833,-6.41844,3.66331,-6.92233,-0.515671
98.53226628,-6.80946,-6.80953,4.6721,-6.5233,0.564784
98.53960388,-6.94273,-6.94278,5.10652,-6.29439,1.08857
98.54350237,-7.00001,-7.00005,5.32343,-6.16271,1.36898
98.54478727,-7.01637,-7.01641,5.39265,-6.11746,1.46172
98.54599607,-7.03176,-7.0318,5.45669,-6.07489,1.54897
98.54737381,-7.04768,-7.04772,5.52837,-6.0252,1.6484
98.55012929,-7.07608,-7.07611,5.66763,-5.92336,1.8474
98.55564026,-7.1192,-7.11922,5.93027,-5.71004,2.24443
98.56666219,-7.15152,-7.15152,6.39496,-5.24638,3.02616
98.57683838,-7.11868,-7.11866,6.75455,-4.77652,3.72102
98.59248584,-6.95481,-6.95476,7.1814,-3.98222,4.69746
98.59875829,-6.85131,-6.85124,7.31009,-3.64054,5.04976
98.6021609,-6.7863,-6.78623,7.36986,-3.44991,5.22996
98.60544467,-6.71778,-6.7177,7.42089,-3.2626,5.39605
98.60906783,-6.6357,-6.63561,7.46968,-3.05226,5.57036
98.61273962,-6.54568,-6.54558,7.51111,-2.83531,5.73763
98.6200832,-6.34547,-6.34536,7.57001,-2.39061,6.04483
98.62911849,-6.06337,-6.06325,7.59917,-1.82506,6.37431
98.64398832,-5.51776,-5.51761,7.54565,-0.855513,6.80358
98.65854663,-4.89171,-4.89154,7.37465,0.133166,7.09072
98.66948506,-4.36545,-4.36527,7.17147,0.896367,7.22139
98.6743222,-4.11815,-4.11796,7.06165,1.23818,7.25617
98.6764411,-4.00708,-4.00689,7.00974,1.38863,7.267
98.67746839,-3.95235,-3.95216,6.98331,1.46157,7.27076
98.67922935,-3.85853,-3.85834,6.93799,1.5868,7.2772
98.68213244,-3.70104,-3.70085,6.8592,1.79325,7.28298
98.68783059,-3.38387,-3.38367,6.69262,2.19765,7.28009
98.69922689,-2.71961,-2.7194,6.31362,2.99403,7.21879
98.7220195,-1.2886,-1.28836,5.3853,4.45155,6.88375
98.73101786,-0.689705,-0.689461,4.95911,4.95798,6.67569
98.73597692,-0.352424,-0.352177,4.71055,5.21635,6.54328
98.74072099,-0.0255829,-0.0253327,4.46415,5.44836,6.40521
98.74574042,0.324171,0.324424,4.19465,5.67755,6.24729
98.75081602,0.681447,0.681702,3.9133,5.89262,6.07552
98.75496663,0.975897,0.976154,3.67685,6.05627,5.92623
98.75873053,1.24427,1.24453,3.45763,6.19534,5.78412
98.76072334,1.38685,1.3871,3.33976,6.2654,5.70631
98.76176547,1.4614,1.46166,3.27736,6.30051,5.66454
98.76348311,1.58445,1.58471,3.17451,6.35839,5.5957
98.766255,1.78301,1.78327,3.00627,6.44711,5.4813
98.77179879,2.17925,2.1795,2.6632,6.61056,5.24283
98.78288637,2.95917,2.95942,1.95265,6.88204,4.72891
98.80506154,4.38533,4.38555,0.449175,7.20743,3.56716
98.81402285,4.89127,4.89146,-0.186077,7.25761,3.0502
98.8189685,5.14872,5.1489,-0.542531,7.26554,2.75404
98.82367313,5.37771,5.37788,-0.884833,7.26022,2.46568
98.82744089,5.54977,5.54993,-1.16086,7.24702,2.23032
98.8309455,5.70088,5.70103,-1.41891,7.22766,2.00802
98.83182903,5.7373,5.73745,-1.48396,7.22145,1.95135
98.83292724,5.78257,5.78271,-1.5651,7.21372,1.88091
98.83395109,5.82319,5.82333,-1.64075,7.20524,1.81486
98.83549583,5.88448,5.88462,-1.75488,7.19244,1.71472
98.83790236,5.97596,5.9761,-1.93271,7.16927,1.55758
98.84248053,6.13945,6.13958,-2.27102,7.11659,1.25498
98.85163688,6.42568,6.42578,-2.94122,6.97811,0.636549
98.86974396,6.83542,6.83548,-4.19955,6.57971,-0.628668
98.8770807,6.94308,6.94313,-4.67388,6.37245,-1.15432
98.8824655,7.00101,7.00105,-5.00402,6.20412,-1.5431
98.88418199,7.01575,7.01578,-5.10568,6.14701,-1.66744
98.88574711,7.02717,7.0272,-5.19664,6.09494,-1.78081
98.88672361,7.03429,7.03432,-5.25232,6.06128,-1.85154
98.88727621,7.03765,7.03768,-5.28383,6.04224,-1.89157
98.88774473,7.0405,7.04052,-5.31012,6.02609,-1.92551
98.88821431,7.04336,7.04338,-5.33646,6.00948,-1.95953
98.88902158,7.0475,7.04752,-5.38095,5.98091,-2.018
98.8898716,7.05187,7.05189,-5.42781,5.95084,-2.07949
98.89103432,7.05686,7.05687,-5.49066,5.90828,-2.16361
98.89330984,7.0643,7.06431,-5.61081,5.825,-2.32789
98.89711633,7.06988,7.06988,-5.80355,5.67976,-2.60144
98.90472933,7.0556,7.05558,-6.15944,5.37113,-3.14079
98.91590644,6.97445,6.97441,-6.61342,4.87617,-3.90137
98.92748804,6.81688,6.81682,-7.00041,4.31382,-4.62989
98.93460547,6.68385,6.68378,-7.19683,3.94452,-5.03876
98.93785896,6.61403,6.61395,-7.27622,3.76992,-5.21451
98.9409806,6.54184,6.54175,-7.34631,3.59914,-5.37606
98.9438156,6.47192,6.47183,-7.40484,3.44136,-5.51673
98.94697241,6.38927,6.38917,-7.46429,3.26275,-5.66671
98.95328601,6.2091,6.20899,-7.56519,2.89672,-5.94631
98.96240032,5.91508,5.91496,-7.66894,2.3488,-6.3037
98.97543985,5.42806,5.42792,-7.7327,1.52862,-6.72295
98.98918091,4.83538,4.83521,-7.69455,0.623865,-7.0502
99.00482012,4.06972,4.06954,-7.52407,-0.446995,-7.28285
99.01427067,3.56321,3.56301,-7.35735,-1.11046,-7.35247
99.0192045,3.28641,3.28621,-7.2517,-1.46022,-7.36786
99.02090635,3.18904,3.18883,-7.21166,-1.5813,-7.36987
99.02248871,3.09766,3.09745,-7.17443,-1.69389,-7.37022
99.02539889,2.92757,2.92736,-7.10143,-1.90094,-7.36711
99.03121924,2.57982,2.5796,-6.94292,-2.31389,-7.34643
99.04285994,1.85629,1.85606,-6.57747,-3.12492,-7.24837
99.06614134,0.316257,0.31601,-5.66656,-4.59409,-6.8363
99.06774872,0.205197,0.204949,-5.59434,-4.68684,-6.79661
99.07096347,-0.0179767,-0.0182269,-5.4474,-4.86818,-6.71416
99.07248198,-0.123928,-0.124179,-5.37646,-4.95115,-6.6733
99.07336516,-0.185714,-0.185966,-5.3352,-4.99941,-6.64954
99.07402642,-0.232054,-0.232306,-5.30371,-5.03469,-6.631
99.07466879,-0.277135,-0.277387,-5.27311,-5.06895,-6.61299
99.07570254,-0.349813,-0.350066,-5.22388,-5.12282,-6.584
99.07678164,-0.425847,-0.4261,-5.17137,-5.17904,-6.55235
99.07871284,-0.562333,-0.562587,-5.07741,-5.27689,-6.4957
99.08257525,-0.836744,-0.837,-4.88447,-5.46486,-6.37607
99.08535028,-1.03496,-1.03521,-4.74244,-5.59372,-6.28579
99.08851541,-1.2619,-1.26216,-4.57703,-5.73452,-6.17845
99.09064958,-1.41542,-1.41568,-4.46348,-5.82581,-6.10347
99.09202543,-1.51439,-1.51465,-4.389,-5.88314,-6.05349
99.09383281,-1.64457,-1.64483,-4.29116,-5.95664,-5.98782
99.09696296,-1.87002,-1.87028,-4.11837,-6.07914,-5.86971
99.10322327,-2.31948,-2.31974,-3.76314,-6.3061,-5.62076
99.11574387,-3.19924,-3.19949,-3.0168,-6.68892,-5.07429
99.1350236,-4.4389,-4.43912,-1.78515,-7.09637,-4.11666
99.1433038,-4.91243,-4.91263,-1.22813,-7.20431,-3.6646
99.14776212,-5.14931,-5.14949,-0.921888,-7.24591,-3.41166
99.15200153,-5.36156,-5.36173,-0.626982,-7.27486,-3.16534
99.15529461,-5.51758,-5.51774,-0.395589,-7.29026,-2.97026
99.15903813,-5.68568,-5.68584,-0.130263,-7.30031,-2.74469
99.16652516,-5.99329,-5.99343,0.406872,-7.29687,-2.28209
99.17485536,-6.29202,-6.29214,1.01303,-7.25671,-1.75064
99.17870402,-6.41479,-6.4149,1.29561,-7.22538,-1.49944
99.18207405,-6.5145,-6.5146,1.54407,-7.19139,-1.27671
99.18307802,-6.54251,-6.54262,1.61809,-7.17985,-1.20978
99.18398245,-6.56775,-6.56786,1.68491,-7.16945,-1.14948
99.18531399,-6.60355,-6.60365,1.7833,-7.15301,-1.06025
99.18797707,-6.6718,-6.67189,1.98007,-7.11732,-0.88073
99.19330322,-6.79498,-6.79506,2.37282,-7.03491,-0.517621
99.20395554,-6.9886,-6.98866,3.14742,-6.827,0.222944
99.21224946,-7.09118,-7.09122,3.73306,-6.62634,0.810845
99.21662562,-7.12846,-7.12849,4.03369,-6.50707,1.12431
99.22096313,-7.15405,-7.15407,4.32412,-6.37996,1.43649
99.22326164,-7.16306,-7.16307,4.47466,-6.30905,1.6024
99.22487742,-7.16751,-7.16752,4.57887,-6.25776,1.71903
99.22810899,-7.17181,-7.17182,4.78284,-6.15166,1.9523
99.23457213,-7.16216,-7.16215,5.17052,-5.92569,2.4169
99.23711126,-7.15175,-7.15173,5.31493,-5.83194,2.59813
99.23863547,-7.14308,-7.14306,5.39937,-5.77387,2.70692
99.24009727,-7.13477,-7.13475,5.47872,-5.71818,2.81042
99.24201111,-7.12122,-7.1212,5.5802,-5.64331,2.94591
99.24409145,-7.10414,-7.10412,5.68748,-5.5602,3.09201
99.24825215,-7.06273,-7.06269,5.89285,-5.38872,3.38082
99.25657354,-6.95133,-6.95128,6.26829,-5.02539,3.94029
99.26776208,-6.74315,-6.74307,6.7017,-4.49621,4.63959
99.27397459,-6.59926,-6.59918,6.90772,-4.18305,4.99587
99.27700722,-6.52182,-6.52174,6.99942,-4.02534,5.16036
99.27950235,-6.45464,-6.45455,7.07055,-3.89329,5.29071
99.28160831,-6.39552,-6.39543,7.12758,-3.78027,5.39717
99.28376616,-6.33269,-6.33259,7.18316,-3.66299,5.5029
99.28808187,-6.20028,-6.20017,7.28569,-3.42414,5.70446
99.29671329,-5.9092,-5.90908,7.45649,-2.93006,6.06959
99.30703839,-5.51677,-5.51663,7.60135,-2.31231,6.44212
99.32046135,-4.93877,-4.93862,7.69455,-1.47028,6.82494
99.33581847,-4.19069,-4.19052,7.6726,-0.460709,7.1256
99.3498539,-3.4331,-3.4329,7.53619,0.497176,7.27496
99.35773415,-2.97904,-2.97883,7.41212,1.04657,7.30717
99.36201204,-2.72444,-2.72423,7.33079,1.34732,7.30931
99.3634288,-2.63891,-2.63869,7.30121,1.4473,7.30711
99.36475922,-2.55806,-2.55785,7.27344,1.5412,7.30504
99.36635009,-2.46074,-2.46053,7.23844,1.65347,7.30058
99.36953183,-2.26403,-2.26382,7.16453,1.87802,7.28731
99.3758953,-1.86277,-1.86254,7.00137,2.32561,7.24356
99.38862224,-1.03186,-1.03163,6.61574,3.20139,7.08893
99.41407613,0.716065,0.716313,5.6251,4.75254,6.52629
99.42264853,1.32438,1.32463,5.22841,5.19947,6.2632
99.4274762,1.66945,1.6697,4.99179,5.4316,6.09937
99.42900829,1.77896,1.77921,4.91431,5.50218,6.04453
99.43052921,1.8877,1.88795,4.8374,5.57073,5.99009
99.43357106,2.10518,2.10543,4.68008,5.70325,5.87699
99.43927478,2.51035,2.51059,4.37606,5.93567,5.65388
99.45068221,3.30078,3.30102,3.7346,6.3394,5.16627
99.46430113,4.18285,4.18306,2.915,6.71729,4.51616
99.47336468,4.71751,4.7177,2.33957,6.90692,4.04484
99.47835032,4.9895,4.98968,2.01351,6.99037,3.77306
99.48089622,5.12167,5.12184,1.84453,7.02731,3.63097
99.48328321,5.24125,5.24142,1.68466,7.05849,3.49581
99.48610552,5.37721,5.37737,1.49391,7.09105,3.33364
99.48961871,5.53842,5.53857,1.25397,7.1251,3.12829
99.4966451,5.83508,5.83521,0.766338,7.17182,2.70658
99.50648942,6.19508,6.19519,0.0675603,7.19,2.09273
99.51900952,6.5621,6.56218,-0.842801,7.13517,1.27714
99.52490677,6.70028,6.70035,-1.27846,7.07957,0.880439
99.52943638,6.79154,6.7916,-1.61506,7.02417,0.57079
99.5308344,6.81655,6.81661,-1.71924,7.00438,0.474387
99.53211721,6.83951,6.83956,-1.81484,6.98623,0.385603
99.53389886,6.86892,6.86897,-1.94761,6.95893,0.261801
99.53746216,6.92187,6.92191,-2.21316,6.8994,0.0125586
99.54458877,7.00443,7.00446,-2.74114,6.76093,-0.49184
99.55023893,7.04796,7.04798,-3.15473,6.63306,-0.896646
99.55341309,7.06397,7.06397,-3.3844,6.55431,-1.12568
99.55617288,7.07298,7.07298,-3.58211,6.48186,-1.32556
99.55848523,7.07703,7.07703,-3.74607,6.41833,-1.49351
99.55989739,7.07796,7.07795,-3.84533,6.37828,-1.59608
99.56204993,7.0771,7.07709,-3.99522,6.31544,-1.75255
99.56604766,7.06834,7.06832,-4.26849,6.19302,-2.04315
99.57404311,7.02317,7.02313,-4.79068,5.9265,-2.62056
99.58011607,6.96458,6.96453,-5.16175,5.70522,-3.05301
99.58326827,6.926,6.92595,-5.34462,5.58408,-3.27459
99.58496632,6.90293,6.90287,-5.44019,5.51708,-3.39294
99.58657899,6.87954,6.87948,-5.529,5.45233,-3.50458
99.58865577,6.84734,6.84727,-5.64054,5.36738,-3.64709
99.5910776,6.80682,6.80675,-5.76669,5.26609,-3.81131
99.59592127,6.71637,6.71629,-6.0067,5.05652,-4.13233
99.6056086,6.49865,6.49856,-6.43968,4.61052,-4.73664
99.61068379,6.36536,6.36525,-6.64203,4.36299,-5.03006
99.61322804,6.29364,6.29353,-6.73725,4.23541,-5.17051
99.61522999,6.23495,6.23483,-6.80928,4.13342,-5.2777
99.61709246,6.17858,6.17846,-6.87403,4.0373,-5.37475
99.61889829,6.12231,6.12219,-6.93474,3.94299,-5.46643
99.62250996,6.0051,6.00497,-7.05005,3.75114,-5.64277
99.62973328,5.75236,5.75223,-7.25638,3.35501,-5.96857
99.64053018,5.33087,5.33072,-7.50493,2.73392,-6.39132
99.65221148,4.81889,4.81872,-7.69398,2.02609,-6.76472
99.66701961,4.09259,4.0924,-7.8166,1.08182,-7.11581
99.69281539,2.6487,2.64848,-7.73002,-0.658098,-7.41152
99.70172431,2.10131,2.10108,-7.61347,-1.28064,-7.42191
99.70755596,1.73088,1.73065,-7.51383,-1.69131,-7.40378
99.7093275,1.61655,1.61631,-7.47995,-1.81635,-7.3944
99.71108402,1.50241,1.50218,-7.44473,-1.94032,-7.38334
99.71459704,1.27196,1.27172,-7.36949,-2.18782,-7.35605
99.72162309,0.802905,0.802661,-7.20016,-2.67891,-7.28099
99.7356752,-0.163322,-0.163575,-6.78892,-3.62656,-7.05145
99.73703471,-0.258902,-0.259156,-6.74358,-3.71531,-7.02316
99.73975374,-0.450723,-0.450978,-6.65084,-3.89099,-6.9643
99.7451918,-0.837212,-0.83747,-6.4556,-4.23255,-6.83577
99.74849584,-1.0737,-1.07396,-6.33056,-4.43288,-6.75054
99.75148041,-1.28829,-1.28855,-6.2129,-4.60858,-6.66831
99.75233355,-1.34963,-1.34989,-6.17926,-4.65757,-6.6448
99.75334617,-1.42268,-1.42294,-6.13802,-4.71572,-6.61543
99.75444639,-1.50204,-1.5023,-6.09322,-4.77785,-6.58351
99.7560506,-1.61777,-1.61803,-6.02622,-4.86697,-6.53512
99.7571405,-1.69647,-1.69673,-5.98071,-4.92626,-6.50224
99.75772415,-1.73861,-1.73887,-5.95581,-4.95802,-6.48404
99.75871376,-1.81007,-1.81033,-5.91358,-5.01091,-6.45318
99.76041223,-1.93271,-1.93297,-5.83993,-5.10001,-6.39889
99.76164954,-2.02191,-2.02217,-5.78553,-5.16362,-6.35849
99.76406026,-2.19571,-2.19596,-5.67771,-5.28443,-6.27773
99.76811344,-2.48659,-2.48684,-5.4911,-5.47861,-6.13593
99.77621979,-3.06013,-3.06039,-5.09854,-5.83471,-5.83033
99.78703085,-3.79578,-3.79602,-4.53684,-6.24529,-5.37898
99.7992483,-4.56355,-4.56376,-3.85315,-6.62335,-4.81213
99.80642778,-4.97395,-4.97415,-3.42854,-6.8036,-4.45225
99.80979946,-5.15476,-5.15495,-3.22356,-6.87763,-4.27666
99.81301843,-5.31969,-5.31987,-3.02472,-6.94203,-4.10526
99.81567701,-5.45019,-5.45036,-2.85825,-6.99062,-3.96101
99.81865972,-5.59053,-5.5907,-2.66915,-7.04019,-3.79635
99.82462512,-5.85261,-5.85276,-2.28393,-7.12375,-3.45842
99.83328478,-6.19042,-6.19055,-1.70915,-7.20844,-2.94857
99.84645167,-6.61058,-6.61067,-0.803951,-7.25556,-2.13344
99.86018352,-6.93158,-6.93165,0.17404,-7.20232,-1.23793
99.87103494,-7.10225,-7.10229,0.96654,-7.08827,-0.501649
99.87627253,-7.15872,-7.15875,1.35388,-7.01093,-0.138146
99.88039902,-7.19148,-7.1915,1.66054,-6.94,0.15153
99.88157327,-7.19851,-7.19853,1.74781,-6.91787,0.234465
99.88273979,-7.20549,-7.20551,1.83465,-6.89588,0.317057
99.88493936,-7.21568,-7.21569,1.9984,-6.85192,0.473309
99.88933851,-7.22743,-7.22744,2.32536,-6.75678,0.787645
99.89270575,-7.22872,-7.22872,2.57468,-6.67754,1.0297
99.89643674,-7.2224,-7.22239,2.84946,-6.58333,1.29909
99.8984806,-7.2155,-7.21549,2.99913,-6.52889,1.44713
99.89982086,-7.20905,-7.20904,3.09663,-6.4916,1.5442
99.90143118,-7.2013,-7.20128,3.21377,-6.44681,1.66098
99.9040671,-7.1844,-7.18437,3.40381,-6.37005,1.85212
99.90933893,-7.1388,-7.13877,3.7777,-6.20699,2.2336
99.9198826,-7.00145,-7.0014,4.4913,-5.84396,2.98583
99.92794473,-6.8558,-6.85573,4.99765,-5.53432,3.54439
99.93235631,-6.76148,-6.7614,5.25762,-5.35346,3.84171
99.93452686,-6.71133,-6.71125,5.38062,-5.26159,3.98538
99.93659454,-6.6613,-6.66122,5.49457,-5.17233,4.12036
99.93849924,-6.61329,-6.6132,5.59674,-5.08865,4.24291
99.940268,-6.56706,-6.56696,5.68924,-5.00968,4.35506
99.94380554,-6.46991,-6.4698,5.86752,-4.84822,4.57407
99.95088062,-6.25725,-6.25714,6.19825,-4.51161,4.98769
99.95333211,-6.17792,-6.1778,6.30495,-4.39079,5.12291
99.95491656,-6.12456,-6.12444,6.37179,-4.31117,5.20795
99.95643295,-6.07349,-6.07336,6.43422,-4.23496,5.28757
99.95822911,-6.01094,-6.01081,6.50624,-4.1432,5.37964
99.96050669,-5.92948,-5.92935,6.59457,-4.02529,5.49297
99.96506184,-5.75953,-5.75939,6.76128,-3.78442,5.70853
99.97417216,-5.39233,-5.39218,7.05531,-3.28338,6.09715
99.9846661,-4.92631,-4.92614,7.32959,-2.67645,6.47709
99.99823219,-4.26019,-4.26,7.58349,-1.84928,6.86419
100,-4.16819,-4.168,7.60824,-1.73804,6.90604
