"TIME","SIN1","SIN2","SIN3","SIN4","SIN5"
90,-0.383348,-0.383348,0.910877,-0.201877,-7.26345
90.00252687,-0.578802,-0.578802,0.723383,-0.3944,-7.26903
90.00758061,-0.971691,-0.971691,0.345421,-0.781543,-7.27141
90.01201582,-1.31872,-1.31872,0.0101285,-1.12374,-7.26238
90.01514443,-1.56461,-1.56461,-0.228378,-1.36639,-7.24951
90.01799901,-1.78967,-1.78967,-0.447363,-1.58868,-7.23242
90.01876723,-1.85023,-1.85023,-0.506514,-1.6485,-7.22782
90.01965094,-1.91991,-1.91991,-0.574666,-1.71753,-7.22116
90.02070677,-2.00327,-2.00327,-0.656305,-1.80001,-7.21321
90.02157699,-2.07198,-2.07198,-0.723592,-1.868,-7.20575
90.02250911,-2.14557,-2.14557,-0.79591,-1.94081,-7.19777
90.02346671,-2.22118,-2.22118,-0.870204,-2.0157,-7.18855
90.02455891,-2.30742,-2.30742,-0.955248,-2.10112,-7.17803
90.02595972,-2.41782,-2.41782,-1.06432,-2.21067,-7.16323
90.02832669,-2.60436,-2.60436,-1.2493,-2.39578,-7.13578
90.03205905,-2.8972,-2.8972,-1.54212,-2.68692,-7.08637
90.03427171,-3.06994,-3.06994,-1.71646,-2.85893,-7.05355
90.03700542,-3.2822,-3.2822,-1.93185,-3.07057,-7.00941
90.03871859,-3.41445,-3.41445,-2.06711,-3.2026,-6.97974
90.04112197,-3.59875,-3.59875,-2.25686,-3.38679,-6.93554
90.04326286,-3.76152,-3.76152,-2.42589,-3.54967,-6.89363
90.04754466,-4.08226,-4.08226,-2.76287,-3.87119,-6.80279
90.05610825,-4.69841,-4.69841,-3.42778,-4.49068,-6.59354
90.06266002,-5.14141,-5.14141,-3.9234,-4.9374,-6.40919
90.0681395,-5.48873,-5.48873,-4.32528,-5.28814,-6.23926
90.07052245,-5.63261,-5.63261,-4.49579,-5.43357,-6.16095
90.07271684,-5.76106,-5.76106,-4.65007,-5.56344,-6.08653
90.07483595,-5.88139,-5.88139,-4.79628,-5.68514,-6.01257
90.07711305,-6.00669,-6.00669,-4.95005,-5.8119,-5.93085
90.0792253,-6.11926,-6.11926,-5.08936,-5.92585,-5.85298
90.08129213,-6.22609,-6.22609,-5.22236,-6.03403,-5.77438
90.08240882,-6.28219,-6.28219,-5.2925,-6.09088,-5.73192
90.08302025,-6.31291,-6.31291,-5.33091,-6.12201,-5.70803
90.08402547,-6.36238,-6.36238,-5.3929,-6.17217,-5.66875
90.08573317,-6.4447,-6.4447,-5.49624,-6.25567,-5.60081
90.08726388,-6.51667,-6.51667,-5.58679,-6.32873,-5.53886
90.09015186,-6.64781,-6.64781,-5.75245,-6.462,-5.4193
90.09577616,-6.88604,-6.88604,-6.05641,-6.70468,-5.17666
90.1056301,-7.24969,-7.24969,-6.53252,-7.07717,-4.72154
90.11620947,-7.56514,-7.56514,-6.9667,-7.40359,-4.19268
90.12977422,-7.85806,-7.85806,-7.41035,-7.71273,-3.45843
90.14559143,-8.0447,-8.0447,-7.77082,-7.92104,-2.5309
90.17649373,-7.95116,-7.95116,-8.00621,-7.876,-0.543586
90.19582203,-7.59867,-7.59867,-7.84933,-7.55651,0.791065
90.20456722,-7.36783,-7.36783,-7.70387,-7.34097,1.41092
90.20686464,-7.29998,-7.29998,-7.65809,-7.27716,1.5751
90.20945119,-7.22012,-7.22012,-7.60289,-7.20184,1.75993
90.21197764,-7.13866,-7.13866,-7.54529,-7.12481,1.94047
90.21703055,-6.96569,-6.96569,-7.4194,-6.96065,2.30054
90.22713637,-6.58092,-6.58092,-7.12593,-6.59316,3.00964
90.23670698,-6.17061,-6.17061,-6.79845,-6.19862,3.65762
90.24694029,-5.68506,-5.68506,-6.39728,-5.72907,4.31045
90.25362557,-5.34286,-5.34286,-6.10777,-5.39676,4.70787
90.25771009,-5.12444,-5.12444,-5.92057,-5.18418,4.93713
90.25977337,-5.01099,-5.01099,-5.82255,-5.07362,5.04859
90.26094025,-4.94683,-4.94683,-5.76711,-5.0111,5.10977
90.26204822,-4.8846,-4.8846,-5.71301,-4.9504,5.16787
90.26367132,-4.79342,-4.79342,-5.63374,-4.86148,5.25059
90.26530023,-4.70054,-4.70054,-5.55265,-4.77085,5.33165
90.26855807,-4.51176,-4.51176,-5.38706,-4.58655,5.48801
90.27507373,-4.12253,-4.12253,-5.04267,-4.20626,5.77862
90.28520825,-3.48805,-3.48805,-4.47376,-3.58564,6.17447
90.2966035,-2.73587,-2.73587,-3.78902,-2.84889,6.54068
90.31085569,-1.74429,-1.74429,-2.87213,-1.87628,6.88442
90.32905052,-0.410811,-0.410811,-1.61779,-0.566153,7.14343
90.34600179,0.884137,0.884137,-0.379101,0.708481,7.20812
90.35524522,1.60561,1.60561,0.320421,1.42049,7.17319
90.35974449,1.95936,1.95936,0.666183,1.77013,7.13858
90.36190863,2.12952,2.12952,0.833595,1.9389,7.11787
90.36397672,2.29221,2.29221,0.99415,2.10017,7.09566
90.36570236,2.42796,2.42796,1.1285,2.23474,7.07533
90.36861272,2.65626,2.65626,1.35578,2.46149,7.03737
90.37155095,2.88579,2.88579,1.58601,2.68981,6.99439
90.37384378,3.06404,3.06404,1.76624,2.86712,6.95764
90.37544252,3.1877,3.1877,1.89191,2.99075,6.9301
90.37604619,3.23439,3.23439,1.93936,3.03715,6.9197
90.37784625,3.37287,3.37287,2.08108,3.1755,6.88678
90.38025328,3.55678,3.55678,2.27059,3.35931,6.84011
90.38248425,3.72573,3.72573,2.44609,3.52839,6.79417
90.38694619,4.05837,4.05837,2.7959,3.86187,6.69461
90.39587007,4.6957,4.6957,3.48483,4.50271,6.46554
90.40266961,5.15007,5.15007,3.99465,4.96085,6.2648
90.40658544,5.39729,5.39729,4.28033,5.21045,6.13914
90.40848086,5.51275,5.51275,4.41613,5.32708,6.07521
90.40961285,5.57981,5.57981,4.49602,5.39484,6.03703
90.41069156,5.64372,5.64372,4.57216,5.45941,5.99929
90.41200328,5.71949,5.71949,4.66339,5.53599,5.95341
90.41385099,5.82381,5.82381,4.79005,5.64144,5.88699
90.41553244,5.91633,5.91633,4.90333,5.73499,5.82522
90.41717166,6.00434,6.00434,5.01184,5.82401,5.76378
90.41882028,6.09074,6.09074,5.11894,5.91141,5.70022
90.42037975,6.17052,6.17052,5.21829,5.99217,5.6401
90.42203413,6.25286,6.25286,5.3215,6.07555,5.57441
90.42246708,6.27441,6.27441,5.34793,6.09737,5.55721
90.42358443,6.32836,6.32836,5.41611,6.15205,5.5119
90.42430657,6.36324,6.36324,5.45914,6.18739,5.48261
90.42542451,6.41599,6.41599,5.52574,6.24089,5.43605
90.42764346,6.51798,6.51798,5.65418,6.34438,5.34362
90.43043422,6.64115,6.64115,5.81007,6.46953,5.2238
90.43601573,6.87069,6.87069,6.10371,6.70332,4.97466
90.44635315,7.23768,7.23768,6.58672,7.07924,4.48119
90.45661043,7.5283,7.5283,6.99057,7.38011,3.95261
90.47168167,7.82508,7.82508,7.45186,7.6943,3.11189
90.48771042,7.97444,7.97444,7.77372,7.86493,2.14318
90.51976793,7.78632,7.78632,7.91757,7.72503,0.0285824
90.53564462,7.46269,7.46269,7.74996,7.42708,-1.08516
90.54296995,7.26392,7.26392,7.62094,7.24036,-1.60841
90.54559394,7.18533,7.18533,7.56695,7.1661,-1.79669
90.54803875,7.1087,7.1087,7.51304,7.0935,-1.97211
90.55292836,6.94587,6.94587,7.39505,6.93868,-2.322
90.56270759,6.58316,6.58316,7.11942,6.59169,-3.01153
90.57214363,6.18811,6.18811,6.80493,6.21129,-3.65436
90.5828252,5.69028,5.69028,6.39392,5.72915,-4.33939
90.58915234,5.37105,5.37105,6.12385,5.41873,-4.71768
90.5931827,5.15863,5.15863,5.94183,5.21173,-4.9458
90.59518028,5.05031,5.05031,5.84825,5.10605,-5.05475
90.59636398,4.98612,4.98612,5.7928,5.04342,-5.11746
90.59749271,4.92355,4.92355,5.73841,4.98233,-5.17725
90.59908488,4.83528,4.83528,5.66168,4.89615,-5.25928
90.60092437,4.73164,4.73164,5.57117,4.7949,-5.35173
90.60460334,4.5204,4.5204,5.38573,4.58844,-5.52939
90.61196129,4.08273,4.08273,4.9977,4.16033,-5.85694
90.62382797,3.33714,3.33714,4.32655,3.43012,-6.31058
90.63506315,2.58977,2.58977,3.64309,2.69723,-6.65774
90.65043845,1.51037,1.51037,2.64037,1.6373,-7.00665
90.67454896,-0.284708,-0.284708,0.939169,-0.128666,-7.26922
90.68876116,-1.38713,-1.38713,-0.125301,-1.21612,-7.26522
90.69510901,-1.88653,-1.88653,-0.613272,-1.70999,-7.22617
90.69717005,-2.04932,-2.04932,-0.773188,-1.87124,-7.20818
90.69792018,-2.10857,-2.10857,-0.831597,-1.92993,-7.20163
90.69874612,-2.17381,-2.17381,-0.895907,-1.99455,-7.19333
90.69986613,-2.26228,-2.26228,-0.983313,-2.08227,-7.18208
90.70164393,-2.40243,-2.40243,-1.12237,-2.22151,-7.16242
90.70467587,-2.64145,-2.64145,-1.36031,-2.45875,-7.12492
90.70761601,-2.87215,-2.87215,-1.5919,-2.68825,-7.08384
90.70989728,-3.05009,-3.05009,-1.77219,-2.86554,-7.04879
90.71128966,-3.15869,-3.15869,-1.88223,-2.97376,-7.02581
90.71190951,-3.20669,-3.20669,-1.93122,-3.02166,-7.01558
90.713715,-3.34651,-3.34651,-2.07416,-3.16118,-6.98396
90.71605863,-3.52668,-3.52668,-2.25971,-3.3412,-6.94039
90.71819133,-3.68931,-3.68931,-2.42856,-3.50386,-6.89826
90.72245674,-4.00997,-4.00997,-2.7652,-3.82509,-6.80702
90.73098756,-4.62684,-4.62684,-3.42956,-4.44467,-6.59721
90.73753604,-5.07277,-5.07277,-3.92659,-4.89363,-6.41197
90.73917316,-5.17928,-5.17928,-4.04831,-5.00101,-6.36177
90.7424474,-5.38728,-5.38728,-4.28874,-5.21071,-6.25835
90.74438392,-5.50665,-5.50665,-4.42873,-5.33107,-6.19481
90.74501669,-5.54483,-5.54483,-4.47395,-5.36957,-6.17405
90.74563909,-5.58239,-5.58239,-4.51842,-5.40744,-6.15304
90.74662487,-5.64052,-5.64052,-4.58794,-5.46606,-6.11976
90.74766003,-5.70155,-5.70155,-4.66094,-5.52762,-6.08371
90.74973035,-5.82012,-5.82012,-4.80431,-5.64722,-6.01161
90.75152439,-5.92006,-5.92006,-4.92622,-5.74806,-5.94715
90.75328778,-6.0158,-6.0158,-5.04384,-5.84469,-5.88239
90.75504653,-6.10888,-6.10888,-5.15882,-5.93867,-5.81588
90.75651314,-6.1842,-6.1842,-5.25233,-6.01476,-5.76041
90.75737087,-6.22825,-6.22825,-5.30701,-6.05926,-5.72696
90.7586762,-6.29349,-6.29349,-5.38827,-6.12521,-5.67606
90.76007906,-6.3622,-6.3622,-5.47397,-6.19469,-5.62029
90.76120316,-6.4162,-6.4162,-5.54145,-6.24933,-5.57447
90.76340353,-6.51923,-6.51923,-5.6705,-6.35365,-5.48478
90.7664028,-6.65403,-6.65403,-5.84014,-6.49029,-5.35857
90.77240134,-6.90435,-6.90435,-6.15866,-6.74466,-5.09519
90.78280854,-7.27876,-7.27876,-6.64869,-7.12723,-4.60512
90.79333037,-7.58119,-7.58119,-7.06614,-7.4394,-4.06925
90.80833804,-7.8827,-7.8827,-7.52986,-7.75724,-3.24088
90.82504446,-8.04285,-8.04285,-7.8679,-7.93855,-2.24012
90.8584573,-7.83889,-7.83889,-8.00507,-7.78323,-0.0493648
90.87500602,-7.49019,-7.49019,-7.81592,-7.46062,1.10543
90.88263282,-7.27655,-7.27655,-7.67329,-7.25921,1.64702
90.88537198,-7.19189,-7.19189,-7.61371,-7.17896,1.84226
90.88792139,-7.10946,-7.10946,-7.5544,-7.10062,2.02397
90.89302021,-6.93436,-6.93436,-7.42487,-6.93367,2.38594
90.90321785,-6.54472,-6.54472,-7.12344,-6.55997,3.09713
90.9121893,-6.16004,-6.16004,-6.81303,-6.18879,3.6999
90.92370351,-5.61217,-5.61217,-6.35558,-5.65725,4.42321
90.92920733,-5.32957,-5.32957,-6.11419,-5.38201,4.74428
90.93366947,-5.09106,-5.09106,-5.9081,-5.1493,4.9902
90.93568136,-4.98083,-4.98083,-5.8122,-5.04165,5.09653
90.93751656,-4.87887,-4.87887,-5.72315,-4.94202,5.19094
90.93936072,-4.77507,-4.77507,-5.63216,-4.84055,5.2833
90.94138869,-4.65941,-4.65941,-5.5304,-4.72745,5.382
90.94544461,-4.42344,-4.42344,-5.32165,-4.49657,5.57068
90.95355647,-3.93369,-3.93369,-4.88396,-4.01701,5.91448
90.96525691,-3.1885,-3.1885,-4.20808,-3.28645,6.33471
90.97731802,-2.37685,-2.37685,-3.46056,-2.48976,6.67708
90.99338578,-1.23689,-1.23689,-2.39408,-1.36933,6.9938
91.01929658,0.706347,0.706347,-0.538613,0.54443,7.18076
91.03199884,1.6919,1.6919,0.422018,1.51897,7.13002
91.03780162,2.14601,2.14601,0.870098,1.96916,7.07637
91.03966872,2.29212,2.29212,1.01535,2.11443,7.05447
91.04089046,2.38773,2.38773,1.11072,2.20948,7.04015
91.04207222,2.48021,2.48021,1.20297,2.30142,7.0249
91.04443573,2.66475,2.66475,1.38805,2.48508,6.99215
91.04725858,2.88427,2.88427,1.60973,2.70386,6.9491
91.05049636,3.13456,3.13456,1.86471,2.95368,6.89449
91.05115185,3.18487,3.18487,1.91633,3.00397,6.88261
91.05202232,3.25168,3.25168,1.98497,3.07076,6.86683
91.05294247,3.32231,3.32231,2.05753,3.14136,6.84931
91.05397283,3.40082,3.40082,2.13878,3.21994,6.82969
91.05514953,3.49047,3.49047,2.23157,3.30967,6.80575
91.05704644,3.63392,3.63392,2.38116,3.4534,6.76716
91.06067163,3.90475,3.90475,2.66629,3.72513,6.68716
91.067922,4.42976,4.42976,3.231,4.25322,6.50731
91.08005888,5.23853,5.23853,4.14134,5.06899,6.14905
91.08246512,5.38739,5.38739,4.3158,5.21945,6.06902
91.08306043,5.42337,5.42337,4.35843,5.25582,6.04922
91.0839628,5.4779,5.4779,4.42306,5.31094,6.01839
91.08437564,5.50239,5.50239,4.45232,5.33569,6.00428
91.08515017,5.54832,5.54832,4.50723,5.38212,5.97731
91.08591449,5.59265,5.59265,4.56073,5.42694,5.9507
91.0870543,5.65876,5.65876,4.64051,5.49378,5.90973
91.08933393,5.78702,5.78702,4.79707,5.6235,5.82778
91.09118135,5.88788,5.88788,4.92139,5.72554,5.75919
91.09301637,5.98537,5.98537,5.04245,5.8242,5.68957
91.09488967,6.08219,6.08219,5.1634,5.92222,5.61696
91.09722054,6.1989,6.1989,5.30995,6.04046,5.52426
91.09769242,6.22183,6.22183,5.33884,6.0637,5.50549
91.09881732,6.27648,6.27648,5.40771,6.11911,5.45962
91.09955608,6.31146,6.31146,5.45188,6.15459,5.4295
91.10056598,6.35927,6.35927,5.51226,6.20309,5.38727
91.10258577,6.45209,6.45209,5.62984,6.29732,5.30283
91.10521822,6.56861,6.56861,5.77811,6.41575,5.18966
91.11048313,6.78672,6.78672,6.05841,6.63792,4.9549
91.12101294,7.16428,7.16428,6.55728,7.02463,4.45307
91.13085715,7.44756,7.44756,6.95181,7.3177,3.94697
91.14625074,7.75828,7.75828,7.43408,7.64599,3.09048
91.16114454,7.90854,7.90854,7.74763,7.81559,2.19395
91.19093214,7.78704,7.78704,7.94048,7.73751,0.244207
91.20739728,7.48819,7.48819,7.80642,7.46438,-0.903958
91.21487497,7.29999,7.29999,7.69057,7.28807,-1.4369
91.21733713,7.23102,7.23102,7.64505,7.22303,-1.61359
91.21907947,7.18017,7.18017,7.61068,7.17496,-1.73863
91.2207724,7.12917,7.12917,7.5756,7.12665,-1.86012
91.22415825,7.02254,7.02254,7.50048,7.02539,-2.10301
91.23092995,6.79116,6.79116,7.33085,6.80463,-2.58581
91.24447335,6.25906,6.25906,6.91682,6.293,-3.5224
91.25449879,5.80825,5.80825,6.54849,5.85644,-4.17587
91.26533068,5.27011,5.27011,6.09448,5.33271,-4.82359
91.26972609,5.03715,5.03715,5.89413,5.10534,-5.06598
91.27230138,4.89689,4.89689,5.77256,4.9683,-5.20185
91.27473137,4.76206,4.76206,5.65508,4.8365,-5.32569
91.27721584,4.6218,4.6218,5.53226,4.6993,-5.44793
91.28121692,4.39092,4.39092,5.32882,4.47335,-5.63567
91.28921908,3.91147,3.91147,4.90187,4.00373,-5.9788
91.29948636,3.264,3.264,4.31694,3.36882,-6.35811
91.31237227,2.40486,2.40486,3.52842,2.52529,-6.74013
91.32747719,1.34041,1.34041,2.53526,1.47874,-7.05792
91.3511508,-0.423813,-0.423813,0.856434,-0.258959,-7.28247
91.36457051,-1.46278,-1.46278,-0.150945,-1.28533,-7.26506
91.37056302,-1.93257,-1.93257,-0.611848,-1.75063,-7.22417
91.37264246,-2.09613,-2.09613,-0.7732,-1.9129,-7.20482
91.37340944,-2.15645,-2.15645,-0.832919,-1.97275,-7.19768
91.37414151,-2.21403,-2.21403,-0.88992,-2.02988,-7.18989
91.37541776,-2.31441,-2.31441,-0.989522,-2.12954,-7.17631
91.37774612,-2.49732,-2.49732,-1.17173,-2.31137,-7.14878
91.38220502,-2.84617,-2.84617,-1.52222,-2.65872,-7.08791
91.38460666,-3.03303,-3.03303,-1.71172,-2.8451,-7.05073
91.3875588,-3.26137,-3.26137,-1.94523,-3.07317,-7.00083
91.38928026,-3.39371,-3.39371,-2.0814,-3.20552,-6.96962
91.39190473,-3.59403,-3.59403,-2.28909,-3.40607,-6.91907
91.39442564,-3.78453,-3.78453,-2.48858,-3.59704,-6.86717
91.39946747,-4.15853,-4.15853,-2.8857,-3.97267,-6.75369
91.40955113,-4.86834,-4.86834,-3.66443,-4.68769,-6.489
91.41168653,-5.01016,-5.01016,-3.82548,-4.83093,-6.42544
91.41595733,-5.28569,-5.28569,-4.14301,-5.10933,-6.29317
91.41788038,-5.40563,-5.40563,-4.28358,-5.23055,-6.23068
91.41891542,-5.46876,-5.46876,-4.35838,-5.29437,-6.19705
91.4195085,-5.50494,-5.50494,-4.40124,-5.33093,-6.17712
91.4208683,-5.5862,-5.5862,-4.49845,-5.41308,-6.13143
91.42314791,-5.71894,-5.71894,-4.65902,-5.54731,-6.05264
91.42509749,-5.82908,-5.82908,-4.79377,-5.65872,-5.9834
91.42767298,-5.96992,-5.96992,-4.96782,-5.80124,-5.88932
91.42985486,-6.08518,-6.08518,-5.1115,-5.91793,-5.80733
91.43199738,-6.19481,-6.19481,-5.24898,-6.02899,-5.72429
91.43306099,-6.2477,-6.2477,-5.31558,-6.0826,-5.68308
91.4336682,-6.27789,-6.27789,-5.35359,-6.1132,-5.65886
91.43504449,-6.34476,-6.34476,-5.438,-6.18103,-5.60399
91.43729369,-6.45105,-6.45105,-5.57249,-6.28891,-5.51229
91.44008073,-6.57766,-6.57766,-5.73339,-6.41758,-5.39572
91.44526111,-6.79823,-6.79823,-6.01633,-6.64222,-5.17063
91.45562188,-7.18282,-7.18282,-6.52244,-7.03595,-4.68893
91.46550147,-7.48033,-7.48033,-6.93358,-7.34348,-4.19243
91.48027647,-7.80165,-7.80165,-7.42265,-7.682,-3.38798
91.49439752,-7.97291,-7.97291,-7.75204,-7.87196,-2.55642
91.52263963,-7.93471,-7.93471,-8.02011,-7.87599,-0.745914
91.5447014,-7.56896,-7.56896,-7.88075,-7.54595,0.772874
91.55393876,-7.33165,-7.33165,-7.73423,-7.32396,1.42779
91.55660293,-7.2542,-7.2542,-7.68249,-7.25095,1.61824
91.55941933,-7.16809,-7.16809,-7.6233,-7.16953,1.81957
91.56226735,-7.0767,-7.0767,-7.55884,-7.08286,2.02316
91.56796339,-6.88124,-6.88124,-7.41633,-6.89675,2.4285
91.57935546,-6.44141,-6.44141,-7.07855,-6.47513,3.22212
91.58802577,-6.06459,-6.06459,-6.77579,-6.11156,3.80187
91.60014963,-5.48049,-5.48049,-6.2897,-5.54478,4.55533
91.60551631,-5.20142,-5.20142,-6.05187,-5.27293,4.86287
91.60868371,-5.03103,-5.03103,-5.90519,-5.10669,5.03553
91.61029536,-4.94228,-4.94228,-5.82825,-5.02001,5.12066
91.61179347,-4.85977,-4.85977,-5.75674,-4.93944,5.19807
91.6136343,-4.75659,-4.75659,-5.66684,-4.83862,5.2909
91.61561206,-4.64428,-4.64428,-5.5686,-4.72883,5.38786
91.61956758,-4.41521,-4.41521,-5.36712,-4.5048,5.57343
91.62747862,-3.94014,-3.94014,-4.94482,-4.03973,5.91252
91.63910678,-3.20372,-3.20372,-4.28005,-3.31792,6.33646
91.65096853,-2.40999,-2.40999,-3.55197,-2.53889,6.6803
91.66673301,-1.29803,-1.29803,-2.51522,-1.44597,7.00252
91.69226265,0.606529,0.606529,-0.70156,0.429889,7.20917
91.70512505,1.60099,1.60099,0.265103,1.41316,7.16926
91.71108147,2.0663,2.0663,0.722765,1.87425,7.11883
91.71334717,2.2433,2.2433,0.898334,2.05032,7.0944
91.71554902,2.41531,2.41531,1.06959,2.22143,7.06794
91.71848483,2.64423,2.64423,1.29873,2.44936,7.02857
91.72161684,2.88737,2.88737,1.54407,2.69183,6.98144
91.72400344,3.07168,3.07168,1.73168,2.8759,6.94201
91.72669808,3.27849,3.27849,1.94351,3.08275,6.89385
91.72845807,3.41272,3.41272,2.08209,3.21717,6.86033
91.73109243,3.6121,3.6121,2.28953,3.41709,6.80714
91.73365077,3.80367,3.80367,2.49073,3.60945,6.75205
91.73876745,4.17935,4.17935,2.89126,3.98746,6.63187
91.7490008,4.89019,4.89019,3.67559,4.70512,6.35262
91.7510821,5.02624,5.02624,3.83122,4.84291,6.28848
91.75524469,5.2905,5.2905,4.13803,5.11068,6.15531
91.75708994,5.40375,5.40375,4.27177,5.22548,6.09351
91.75817478,5.46875,5.46875,4.34943,5.29139,6.05718
91.75894026,5.51461,5.51461,4.40423,5.3379,6.03078
91.75966005,5.55666,5.55666,4.45507,5.38054,6.00596
91.76068245,5.61638,5.61638,4.52728,5.44112,5.96985
91.76183293,5.68219,5.68219,4.60756,5.50788,5.92922
91.7641339,5.81054,5.81054,4.76561,5.63813,5.84562
91.76642698,5.93422,5.93422,4.91958,5.76368,5.75996
91.76852692,6.04385,6.04385,5.05725,5.87503,5.67947
91.77061941,6.1497,6.1497,5.19105,5.98261,5.5968
91.77180834,6.20807,6.20807,5.26519,6.04197,5.54983
91.77245293,6.23972,6.23972,5.30538,6.07416,5.52368
91.7734303,6.28639,6.28639,5.36517,6.12165,5.48403
91.77420321,6.32329,6.32329,5.4116,6.15921,5.45215
91.77501079,6.36067,6.36067,5.46011,6.19729,5.41884
91.77641931,6.42587,6.42587,5.54295,6.2637,5.35985
91.77923636,6.55109,6.55109,5.70374,6.39141,5.23938
91.78421378,6.75839,6.75839,5.97253,6.60334,5.01861
91.79416863,7.12051,7.12051,6.45451,6.97558,4.54795
91.80390906,7.40809,7.40809,6.85703,7.27421,4.05172
91.81833153,7.71503,7.71503,7.33184,7.59951,3.25754
91.83233146,7.87986,7.87986,7.65728,7.78421,2.42523
91.86033132,7.83347,7.83347,7.92187,7.78184,0.615058
91.880644,7.50034,7.50034,7.80276,7.48275,-0.792413
91.8893181,7.28416,7.28416,7.67445,7.28136,-1.41059
91.89162951,7.21926,7.21926,7.63258,7.2204,-1.57667
91.89296917,7.1798,7.1798,7.60636,7.18323,-1.67293
91.89424729,7.14216,7.14216,7.58134,7.14777,-1.76486
91.89680351,7.06328,7.06328,7.52748,7.07323,-1.94873
91.90191596,6.89509,6.89509,7.40859,6.91367,-2.31537
91.91214086,6.51833,6.51833,7.12736,6.55376,-3.03755
91.9214472,6.13037,6.13037,6.82255,6.18049,-3.67242
91.93241466,5.62098,5.62098,6.40628,5.6874,-4.37603
91.93845763,5.31714,5.31714,6.15139,5.39201,-4.73745
91.94259221,5.10014,5.10014,5.96689,5.18059,-4.97166
91.94457887,4.9933,4.9933,5.87481,5.07639,-5.08004
91.94582203,4.92532,4.92532,5.81719,5.01004,-5.1464
91.94702459,4.85955,4.85955,5.75983,4.94586,-5.2095
91.94849522,4.77797,4.77797,5.68969,4.86619,-5.28519
91.95071956,4.65295,4.65295,5.58116,4.74406,-5.39668
91.95507305,4.40273,4.40273,5.3625,4.49948,-5.60472
91.96378001,3.88138,3.88138,4.90134,3.98933,-5.98225
91.97441596,3.20919,3.20919,4.29721,3.33072,-6.37641
91.98739781,2.34122,2.34122,3.50395,2.47905,-6.76078
92.00187319,1.31971,1.31971,2.55454,1.47522,-7.06699
92.02691282,-0.548568,-0.548568,0.781458,-0.364562,-7.30196
92.03974178,-1.54258,-1.54258,-0.181325,-1.34697,-7.281
92.04563557,-2.00432,-2.00432,-0.634069,-1.80463,-7.23994
92.047724,-2.16834,-2.16834,-0.795891,-1.96756,-7.22026
92.0485064,-2.22979,-2.22979,-0.856724,-2.0286,-7.21288
92.04924762,-2.288,-2.288,-0.914356,-2.08642,-7.20486
92.05073007,-2.40442,-2.40442,-1.02991,-2.20208,-7.1888
92.05369495,-2.63671,-2.63671,-1.26176,-2.4333,-7.1525
92.05722875,-2.91233,-2.91233,-1.53925,-2.70812,-7.10306
92.05938733,-3.07982,-3.07982,-1.70945,-2.87539,-7.06958
92.06201767,-3.28278,-3.28278,-1.91684,-3.07836,-7.02543
92.06374822,-3.41551,-3.41551,-2.05357,-3.21126,-6.9944
92.06615045,-3.59849,-3.59849,-2.24338,-3.39469,-6.94874
92.06829518,-3.76041,-3.76041,-2.41275,-3.55722,-6.90544
92.07258464,-4.07932,-4.07932,-2.75053,-3.87789,-6.8118
92.08116356,-4.69127,-4.69127,-3.41695,-4.49515,-6.59694
92.08771157,-5.12957,-5.12957,-3.91247,-4.93861,-6.40873
92.09183106,-5.39021,-5.39021,-4.21625,-5.20273,-6.27981
92.09375086,-5.50728,-5.50728,-4.35533,-5.32145,-6.21645
92.09499056,-5.5813,-5.5813,-4.44377,-5.39654,-6.17553
92.09619323,-5.6519,-5.6519,-4.52957,-5.46817,-6.13425
92.0975196,-5.72837,-5.72837,-4.62278,-5.54578,-6.08873
92.09986718,-5.86021,-5.86021,-4.78504,-5.67961,-6.00557
92.10209552,-5.98129,-5.98129,-4.93565,-5.80257,-5.92435
92.10429069,-6.09678,-6.09678,-5.08051,-5.91992,-5.84219
92.10654753,-6.21168,-6.21168,-5.22556,-6.03675,-5.75496
92.10767713,-6.26747,-6.26747,-5.29632,-6.09352,-5.7113
92.10830259,-6.29837,-6.29837,-5.33551,-6.12496,-5.68639
92.10971197,-6.36633,-6.36633,-5.42192,-6.19416,-5.63027
92.11174638,-6.46186,-6.46186,-5.54369,-6.2915,-5.54749
92.1141535,-6.57101,-6.57101,-5.68337,-6.40285,-5.44731
92.11835182,-6.75144,-6.75144,-5.91603,-6.58728,-5.26686
92.12674846,-7.07504,-7.07504,-6.34157,-6.9195,-4.88492
92.13689451,-7.40073,-7.40073,-6.78792,-7.25679,-4.38775
92.14958294,-7.70914,-7.70914,-7.24515,-7.58146,-3.71496
92.16358704,-7.92427,-7.92427,-7.62256,-7.81664,-2.9125
92.18733268,-7.99907,-7.99907,-7.96607,-7.92936,-1.43122
92.21224065,-7.70466,-7.70466,-7.94054,-7.67805,0.250149
92.22535689,-7.40272,-7.40272,-7.77353,-7.39949,1.17386
92.23176476,-7.21975,-7.21975,-7.65456,-7.22798,1.63094
92.23403303,-7.14954,-7.14954,-7.60667,-7.16181,1.79324
92.23613909,-7.08187,-7.08187,-7.55957,-7.09789,1.94393
92.24035122,-6.93955,-6.93955,-7.45788,-6.96302,2.24461
92.24877547,-6.62779,-6.62779,-7.22527,-6.66586,2.83924
92.26001213,-6.158,-6.158,-6.85645,-6.21477,3.6057
92.26978891,-5.70145,-5.70145,-6.48324,-5.77354,4.23432
92.27768016,-5.30214,-5.30214,-6.14798,-5.38583,4.7061
92.28202634,-5.07091,-5.07091,-5.95076,-5.16073,4.94967
92.28424843,-4.94967,-4.94967,-5.84656,-5.04256,5.06921
92.28566915,-4.87072,-4.87072,-5.77833,-4.96556,5.14376
92.28706356,-4.79324,-4.79324,-5.71136,-4.88998,5.21546
92.28862756,-4.70499,-4.70499,-5.63474,-4.80385,5.29417
92.29136016,-4.54855,-4.54855,-5.49832,-4.6511,5.42739
92.29682537,-4.22738,-4.22738,-5.21603,-4.33726,5.67808
92.3077558,-3.55381,-3.55381,-4.61552,-3.67822,6.11935
92.31791474,-2.89312,-2.89312,-4.01698,-3.03084,6.46002
92.33342009,-1.82848,-1.82848,-3.03609,-1.98598,6.85517
92.348281,-0.753521,-0.753521,-2.02848,-0.929215,7.09552
92.37800283,1.4961,1.4961,0.135757,1.29399,7.18697
92.38701471,2.19404,2.19404,0.825593,1.98806,7.11421
92.39063356,2.47469,2.47469,1.10622,2.26793,7.07211
92.39195738,2.57735,2.57735,1.20943,2.37032,7.05432
92.39355912,2.70127,2.70127,1.33431,2.49419,7.03279
92.39635135,2.91648,2.91648,1.55276,2.70948,6.99095
92.39850264,3.08141,3.08141,1.72159,2.87471,6.95586
92.40106963,3.27701,3.27701,1.92305,3.07096,6.91077
92.40284517,3.41142,3.41142,2.06261,3.20599,6.87755
92.40544538,3.6067,3.6067,2.26699,3.40245,6.82593
92.40797055,3.79429,3.79429,2.46523,3.59146,6.77244
92.41302089,4.16206,4.16206,2.85995,3.96284,6.65569
92.42312155,4.85775,4.85775,3.63338,4.66807,6.38415
92.42518696,4.99159,4.99159,3.78778,4.80424,6.32139
92.42931779,5.25153,5.25153,4.09228,5.06891,6.19104
92.43114942,5.36295,5.36295,4.2251,5.18243,6.1305
92.43221696,5.42631,5.42631,4.30156,5.24701,6.09522
92.43308091,5.47758,5.47758,4.36344,5.29928,6.06577
92.43392541,5.52636,5.52636,4.42307,5.34902,6.03698
92.43496256,5.58627,5.58627,4.49631,5.41011,6.00063
92.43639223,5.66689,5.66689,4.59588,5.49234,5.95052
92.43842122,5.77845,5.77845,4.73498,5.60617,5.87734
92.44108977,5.92019,5.92019,4.9137,5.75087,5.77828
92.44338257,6.03755,6.03755,5.06313,5.87076,5.69065
92.44563821,6.1491,6.1491,5.20614,5.98481,5.60163
92.44676002,6.20288,6.20288,5.27542,6.03984,5.55736
92.44739601,6.23337,6.23337,5.3147,6.07104,5.53151
92.44882639,6.30026,6.30026,5.40111,6.13953,5.47338
92.45118846,6.40743,6.40743,5.54002,6.24939,5.37516
92.45411977,6.53482,6.53482,5.70605,6.38017,5.25002
92.4597528,6.76243,6.76243,6.00625,6.61455,4.9997
92.46960722,7.10712,7.10712,6.4747,6.97188,4.53191
92.48019524,7.40277,7.40277,6.90065,7.28227,3.98925
92.49371717,7.66985,7.66985,7.33166,7.56984,3.24077
92.50958395,7.82872,7.82872,7.67954,7.75482,2.29166
92.54029842,7.6857,7.6857,7.88723,7.66613,0.283701
92.55733253,7.36113,7.36113,7.74622,7.37274,-0.905789
92.5650341,7.15914,7.15914,7.62424,7.18487,-1.45581
92.56759078,7.08467,7.08467,7.57589,7.11507,-1.63966
92.56943851,7.02862,7.02862,7.53856,7.06238,-1.77253
92.57126375,6.97144,6.97144,7.49974,7.00851,-1.90378
92.57491423,6.85178,6.85178,7.41641,6.89543,-2.16604
92.58221519,6.59179,6.59179,7.22741,6.64834,-2.68656
92.59681712,5.99311,5.99311,6.76363,6.07413,-3.68963
92.60782492,5.47587,5.47587,6.34151,5.57386,-4.39239
92.61400792,5.16161,5.16161,6.0781,5.26853,-4.76027
92.61863294,4.91589,4.91589,5.86916,5.02924,-5.01971
92.62079026,4.79825,4.79825,5.76829,4.91453,-5.13568
92.62274551,4.69,4.69,5.67505,4.80892,-5.23786
92.62463211,4.58413,4.58413,5.58345,4.70558,-5.3338
92.62671209,4.4658,4.4658,5.48065,4.59002,-5.43659
92.63087205,4.22424,4.22424,5.26945,4.35397,-5.63303
92.63919199,3.7224,3.7224,4.82548,3.86302,-5.99089
92.6508193,2.98226,2.98226,4.15971,3.13785,-6.41574
92.66314311,2.15312,2.15312,3.40088,2.32413,-6.77305
92.67933963,1.00368,1.00368,2.33016,1.19411,-7.10087
92.70592256,-0.990236,-0.990236,0.4288,-0.771603,-7.30194
92.71609872,-1.77887,-1.77887,-0.339854,-1.55267,-7.27031
92.72123243,-2.17948,-2.17948,-0.734753,-1.95048,-7.23204
92.72290709,-2.31016,-2.31016,-0.864494,-2.08062,-7.21577
92.72418531,-2.40991,-2.40991,-0.963787,-2.17995,-7.20335
92.72543971,-2.5078,-2.5078,-1.06143,-2.27743,-7.18971
92.72794851,-2.70309,-2.70309,-1.25725,-2.47221,-7.15986
92.73138805,-2.96957,-2.96957,-1.52674,-2.73847,-7.11342
92.73351462,-3.13341,-3.13341,-1.69403,-2.90246,-7.08154
92.73613886,-3.33439,-3.33439,-1.90046,-3.10392,-7.03887
92.73785503,-3.465,-3.465,-2.03573,-3.23501,-7.00901
92.74021881,-3.64359,-3.64359,-2.22204,-3.41451,-6.96534
92.74230353,-3.79967,-3.79967,-2.38636,-3.5716,-6.92443
92.74647297,-4.10704,-4.10704,-2.71401,-3.88158,-6.8359
92.75481186,-4.69694,-4.69694,-3.36099,-4.47863,-6.63267
92.76118787,-5.12052,-5.12052,-3.84367,-4.90896,-6.45421
92.76564694,-5.39992,-5.39992,-4.17261,-5.19346,-6.31778
92.76761706,-5.51855,-5.51855,-4.31527,-5.3144,-6.2545
92.76950522,-5.6293,-5.6293,-4.45016,-5.42736,-6.19215
92.77123999,-5.72848,-5.72848,-4.57236,-5.52856,-6.13342
92.77285619,-5.81869,-5.81869,-4.68459,-5.62063,-6.07747
92.77456008,-5.91154,-5.91154,-4.8011,-5.71543,-6.01719
92.77623163,-6.00042,-6.00042,-4.91348,-5.8062,-5.9568
92.77783198,-6.08348,-6.08348,-5.01919,-5.89108,-5.89781
92.78103268,-6.2438,-6.2438,-5.22462,-6.05505,-5.77645
92.7829754,-6.33737,-6.33737,-5.34527,-6.15085,-5.70062
92.78488234,-6.42651,-6.42651,-5.4606,-6.24222,-5.6246
92.78603675,-6.4792,-6.4792,-5.52893,-6.29626,-5.57782
92.78834557,-6.58169,-6.58169,-5.66235,-6.4015,-5.48259
92.79296322,-6.77527,-6.77527,-5.91659,-6.60076,-5.28552
92.80219851,-7.11761,-7.11761,-6.37726,-6.95519,-4.86589
92.81250437,-7.43011,-7.43011,-6.81913,-7.28238,-4.35948
92.82596569,-7.7298,-7.7298,-7.28545,-7.60306,-3.64198
92.83988107,-7.91284,-7.91284,-7.63844,-7.80977,-2.83968
92.86771182,-7.90861,-7.90861,-7.96394,-7.8571,-1.08438
92.89332288,-7.49216,-7.49216,-7.83369,-7.49053,0.665611
92.90394094,-7.20828,-7.20828,-7.66268,-7.22753,1.41761
92.90907292,-7.04864,-7.04864,-7.5562,-7.07792,1.78416
92.9110116,-6.98462,-6.98462,-7.51201,-7.01767,1.92263
92.91286111,-6.9217,-6.9217,-7.46787,-6.95833,2.05473
92.91656013,-6.79058,-6.79058,-7.37389,-6.83431,2.31832
92.92395816,-6.50774,-6.50774,-7.16358,-6.56541,2.83994
92.93494943,-6.03891,-6.03891,-6.79797,-6.1164,3.5901
92.94515319,-5.55416,-5.55416,-6.40395,-5.64888,4.24573
92.95229527,-5.18782,-5.18782,-6.09808,-5.29384,4.67346
92.95650681,-4.96178,-4.96178,-5.90649,-5.07418,4.91121
92.95871101,-4.84059,-4.84059,-5.80296,-4.95627,5.03084
92.96102555,-4.71126,-4.71126,-5.69191,-4.83034,5.15264
92.96241474,-4.63224,-4.63224,-5.62367,-4.75335,5.22382
92.96390111,-4.5477,-4.5477,-5.55066,-4.67097,5.29838
92.96687385,-4.37535,-4.37535,-5.40091,-4.5029,5.44268
92.97281934,-4.02104,-4.02104,-5.09035,-4.15709,5.71271
92.98295835,-3.38905,-3.38905,-4.52841,-3.53937,6.11863
92.99393423,-2.66853,-2.66853,-3.87709,-2.83394,6.48318
93.00802841,-1.69448,-1.69448,-2.9815,-1.87863,6.84046
93.02481277,-0.474707,-0.474707,-1.83938,-0.679964,7.10736
93.04202657,0.828497,0.828497,-0.596955,0.603515,7.20674
93.05169248,1.5771,1.5771,0.127571,1.34302,7.18677
93.05629233,1.93624,1.93624,0.47824,1.69844,7.15846
93.05789726,2.06155,2.06155,0.601401,1.82295,7.14546
93.05854862,2.11241,2.11241,0.651539,1.87348,7.14019
93.05950933,2.18749,2.18749,0.725489,1.948,7.13128
93.06050819,2.26556,2.26556,0.802623,2.02549,7.12201
93.06170761,2.3593,2.3593,0.895244,2.11859,7.10924
93.06351113,2.50003,2.50003,1.03495,2.25859,7.09004
93.06679896,2.75583,2.75583,1.29053,2.51341,7.04938
93.07001023,3.00432,3.00432,1.54113,2.76147,7.004
93.07241663,3.18943,3.18943,1.7296,2.94658,6.96636
93.07513597,3.39717,3.39717,1.94258,3.15467,6.92011
93.0769325,3.53346,3.53346,2.0835,3.2914,6.8874
93.07969597,3.74128,3.74128,2.30028,3.50021,6.83378
93.08258638,3.9559,3.9559,2.52665,3.71626,6.77346
93.08836719,4.37466,4.37466,2.97664,4.13899,6.64002
93.09992882,5.15438,5.15438,3.85183,4.92984,6.3235
93.10454706,5.4408,5.4408,4.18887,5.22152,6.17869
93.10473582,5.4521,5.4521,4.20265,5.23305,6.17277
93.10583314,5.51784,5.51784,4.2815,5.30009,6.1368
93.10719795,5.59806,5.59806,4.37872,5.38194,6.09104
93.10798968,5.64337,5.64337,4.4343,5.42818,6.06449
93.10950368,5.73002,5.73002,4.54059,5.51661,6.01243
93.11173327,5.85347,5.85347,4.69405,5.64264,5.93387
93.11411102,5.98073,5.98073,4.85411,5.77262,5.8476
93.11628056,6.09297,6.09297,4.99667,5.88734,5.76668
93.11841397,6.19982,6.19982,5.13338,5.99662,5.68507
93.12014433,6.28343,6.28343,5.24158,6.08223,5.61711
93.12093727,6.32175,6.32175,5.29012,6.12145,5.58597
93.12159246,6.35247,6.35247,5.33022,6.15294,5.55956
93.12223804,6.38275,6.38275,5.3689,6.18396,5.53353
93.12319888,6.42663,6.42663,5.42646,6.22897,5.4948
93.12424492,6.47441,6.47441,5.48796,6.27798,5.45143
93.126337,6.56685,6.56685,5.60823,6.37291,5.36469
93.13052116,6.74227,6.74227,5.8383,6.55344,5.18482
93.13888947,7.05589,7.05589,6.25855,6.87789,4.80395
93.14976972,7.39061,7.39061,6.72897,7.22794,4.26873
93.16204583,7.67078,7.67078,7.16015,7.52707,3.61424
93.17591896,7.8654,7.8654,7.52347,7.74506,2.81588
93.19902405,7.91219,7.91219,7.84503,7.83425,1.3696
93.22337395,7.60477,7.60477,7.81464,7.57426,-0.278908
93.23598491,7.30765,7.30765,7.65468,7.30218,-1.16988
93.24225433,7.12625,7.12625,7.53961,7.13321,-1.61869
93.24446272,7.05714,7.05714,7.49355,7.06846,-1.77735
93.24651176,6.99067,6.99067,7.4483,7.00602,-1.92456
93.25060983,6.85106,6.85106,7.35067,6.87442,-2.21848
93.25880597,6.54599,6.54599,7.12751,6.58507,-2.80054
93.2699033,6.08026,6.08026,6.76811,6.13977,-3.5643
93.27991015,5.6108,5.6108,6.38977,5.68765,-4.215
93.28752755,5.22349,5.22349,6.06866,5.31276,-4.67721
93.29185576,4.99233,4.99233,5.87386,5.08838,-4.92442
93.29412848,4.86783,4.86783,5.76807,4.96737,-5.04919
93.29536086,4.79915,4.79915,5.7094,4.90056,-5.1153
93.29652197,4.73444,4.73444,5.65411,4.83762,-5.17655
93.29800283,4.65033,4.65033,5.58181,4.75573,-5.25321
93.29958214,4.56062,4.56062,5.5047,4.6684,-5.33319
93.30274077,4.37743,4.37743,5.34619,4.48993,-5.48775
93.30905802,4.00002,4.00002,5.01655,4.12188,-5.77615
93.3191886,3.36589,3.36589,4.45447,3.50257,-6.18348
93.33044276,2.62303,2.62303,3.78491,2.77587,-6.55897
93.34462037,1.63653,1.63653,2.88032,1.80913,-6.91985
93.36236492,0.335915,0.335915,1.66517,0.531972,-7.19964
93.37848583,-0.895361,-0.895361,0.494064,-0.679755,-7.29224
93.38738898,-1.59021,-1.59021,-0.176162,-1.36549,-7.27878
93.39176531,-1.93447,-1.93447,-0.510933,-1.70577,-7.25559
93.39328116,-2.05371,-2.05371,-0.627635,-1.8241,-7.24475
93.3939365,-2.10526,-2.10526,-0.678243,-1.87526,-7.24007
93.39487199,-2.17895,-2.17895,-0.750484,-1.9483,-7.23231
93.39589264,-2.25934,-2.25934,-0.829565,-2.02798,-7.22384
93.39709516,-2.35406,-2.35406,-0.922737,-2.12193,-7.2122
93.39894489,-2.49955,-2.49955,-1.06653,-2.26645,-7.19431
93.40234727,-2.76641,-2.76641,-1.33202,-2.5319,-7.15539
93.40544038,-3.00778,-3.00778,-1.57436,-2.77247,-7.11458
93.40775701,-3.18728,-3.18728,-1.75649,-2.95174,-7.08065
93.4090794,-3.28974,-3.28974,-1.86046,-3.05407,-7.05978
93.40969825,-3.33736,-3.33736,-1.90911,-3.10166,-7.05001
93.41067098,-3.41222,-3.41222,-1.98574,-3.17646,-7.03368
93.41155906,-3.48017,-3.48017,-2.05569,-3.24475,-7.01877
93.4126338,-3.5624,-3.5624,-2.14035,-3.32683,-6.99953
93.41395595,-3.66295,-3.66295,-2.2445,-3.4278,-6.97585
93.41620326,-3.83261,-3.83261,-2.42143,-3.59807,-6.93289
93.42069788,-4.16629,-4.16629,-2.77416,-3.93366,-6.83918
93.42968712,-4.80393,-4.80393,-3.46902,-4.57734,-6.62129
93.43193442,-4.95505,-4.95505,-3.63935,-4.73046,-6.55929
93.43642904,-5.24858,-5.24858,-3.97544,-5.02819,-6.42945
93.43981731,-5.46034,-5.46034,-4.22353,-5.24323,-6.32573
93.44135011,-5.55323,-5.55323,-4.33408,-5.33761,-6.2766
93.44276716,-5.63739,-5.63739,-4.43522,-5.42316,-6.23119
93.44411252,-5.71575,-5.71575,-4.53021,-5.50283,-6.18629
93.44554145,-5.79735,-5.79735,-4.62995,-5.58581,-6.13861
93.44727872,-5.89434,-5.89434,-4.74948,-5.68446,-6.07884
93.44910607,-5.99376,-5.99376,-4.87305,-5.78562,-6.0145
93.45121104,-6.10506,-6.10506,-5.01246,-5.89891,-5.93853
93.45334723,-6.21454,-6.21454,-5.15051,-6.01043,-5.85942
93.45507137,-6.29988,-6.29988,-5.25927,-6.09743,-5.79381
93.45585021,-6.33843,-6.33843,-5.30735,-6.13674,-5.76417
93.45658387,-6.37367,-6.37367,-5.35265,-6.17269,-5.73562
93.45729314,-6.40774,-6.40774,-5.3955,-6.20745,-5.70802
93.45821621,-6.45087,-6.45087,-5.45126,-6.2515,-5.67139
93.45942519,-6.50735,-6.50735,-5.52285,-6.30918,-5.62342
93.46184315,-6.61633,-6.61633,-5.66246,-6.42062,-5.52513
93.46647417,-6.81337,-6.81337,-5.917,-6.62256,-5.33009
93.47573622,-7.16217,-7.16217,-6.37802,-6.98196,-4.9142
93.48596061,-7.4781,-7.4781,-6.8155,-7.3109,-4.41706
93.49942725,-7.78552,-7.78552,-7.28123,-7.63746,-3.70592
93.51332366,-7.97561,-7.97561,-7.63303,-7.84948,-2.91095
93.54111646,-7.98445,-7.98445,-7.95725,-7.90714,-1.16866
93.56679417,-7.57631,-7.57631,-7.82577,-7.54742,0.579177
93.57795933,-7.27936,-7.27936,-7.64369,-7.27197,1.36832
93.58890768,-6.92222,-6.92222,-7.39522,-6.93573,2.14585
93.59187391,-6.81447,-6.81447,-7.3162,-6.83358,2.35622
93.59480395,-6.7036,-6.7036,-7.23338,-6.7282,2.56323
93.60066403,-6.46908,-6.46908,-7.05395,-6.50451,2.97287
93.61024393,-6.05042,-6.05042,-6.72225,-6.10293,3.62254
93.62098598,-5.53145,-5.53145,-6.29598,-5.60198,4.307
93.62698965,-5.21949,-5.21949,-6.03355,-5.29952,4.66397
93.631026,-5.00128,-5.00128,-5.84768,-5.08748,4.89155
93.63313951,-4.88389,-4.88389,-5.74686,-4.97326,5.00629
93.63427012,-4.8211,-4.8211,-5.69293,-4.91216,5.06589
93.6353302,-4.76108,-4.76108,-5.64107,-4.85371,5.12178
93.63652772,-4.69327,-4.69327,-5.58249,-4.78767,5.18338
93.6378213,-4.61914,-4.61914,-5.51821,-4.71545,5.24872
93.64039908,-4.46954,-4.46954,-5.38799,-4.56962,5.37527
93.64555464,-4.16303,-4.16303,-5.11923,-4.27062,5.61425
93.65586576,-3.52249,-3.52249,-4.55004,-3.64493,6.03846
93.66630619,-2.83925,-2.83925,-3.93326,-2.9765,6.39756
93.68084567,-1.8366,-1.8366,-3.01314,-1.99398,6.78345
93.69529447,-0.789669,-0.789669,-2.03628,-0.96627,7.03824
93.72419206,1.40281,1.40281,0.0595259,1.19506,7.17821
93.73300277,2.0882,2.0882,0.731038,1.87443,7.12468
93.73641741,2.35452,2.35452,0.994697,2.13921,7.09208
93.73888972,2.54735,2.54735,1.18659,2.33091,7.06442
93.74127862,2.73307,2.73307,1.37263,2.51595,7.03452
93.74410828,2.95207,2.95207,1.59362,2.73448,6.99509
93.7472878,3.19654,3.19654,1.84265,2.97885,6.94565
93.74795026,3.24716,3.24716,1.89454,3.02947,6.93452
93.74882572,3.31405,3.31405,1.9632,3.09635,6.91981
93.74974803,3.38414,3.38414,2.03554,3.16682,6.90345
93.75077782,3.46238,3.46238,2.11631,3.24499,6.88519
93.75195451,3.55096,3.55096,2.2086,3.33432,6.86277
93.75385246,3.69382,3.69382,2.35746,3.47741,6.82661
93.7574792,3.96269,3.96269,2.64119,3.74781,6.75121
93.76473268,4.48306,4.48306,3.20312,4.27272,6.58034
93.77369541,5.08424,5.08424,3.87859,4.88143,6.3332
93.77826307,5.3697,5.3697,4.21194,5.1712,6.19225
93.78054931,5.50666,5.50666,4.37538,5.31037,6.11796
93.78273091,5.63341,5.63341,4.52881,5.43924,6.0448
93.78457883,5.73773,5.73773,4.65662,5.54534,5.9811
93.78647126,5.8417,5.8417,4.78527,5.65111,5.91424
93.78873798,5.96249,5.96249,4.93615,5.77404,5.83204
93.79097078,6.07755,6.07755,5.08109,5.89122,5.74881
93.79334766,6.19585,6.19585,5.23108,6.01178,5.65729
93.79431498,6.24254,6.24254,5.29055,6.0594,5.62004
93.79494543,6.27297,6.27297,5.3293,6.09044,5.59501
93.79643562,6.34319,6.34319,5.41896,6.1621,5.53585
93.79736343,6.38551,6.38551,5.47383,6.20534,5.49808
93.79903156,6.4616,6.4616,5.57067,6.28308,5.43017
93.80219804,6.59943,6.59943,5.74829,6.42413,5.2974
93.80853102,6.85361,6.85361,6.08021,6.68507,5.01951
93.81838176,7.19298,7.19298,6.53762,7.03593,4.55588
93.82959323,7.49762,7.49762,6.97427,7.35504,3.98439
93.84289683,7.74842,7.74842,7.37975,7.62486,3.25058
93.86053233,7.90028,7.90028,7.73336,7.80459,2.19551
93.89022534,7.71402,7.71402,7.87336,7.66961,0.251806
93.90712971,7.3712,7.3712,7.70652,7.3573,-0.927485
93.91464801,7.16565,7.16565,7.57657,7.16542,-1.46364
93.91720587,7.08847,7.08847,7.52469,7.09287,-1.64726
93.91922053,7.02516,7.02516,7.48115,7.03321,-1.79189
93.92121787,6.96024,6.96024,7.43569,6.97189,-1.93527
93.92521254,6.82411,6.82411,7.33803,6.84291,-2.22161
93.93320189,6.52732,6.52732,7.11628,6.56016,-2.78886
93.94444461,6.05656,6.05656,6.74663,6.10834,-3.56263
93.9544963,5.58559,5.58559,6.36136,5.65326,-4.21606
93.96204572,5.20226,5.20226,6.03935,5.28114,-4.67417
93.96636465,4.97199,4.97199,5.84295,5.05701,-4.92102
93.9686622,4.84633,4.84633,5.73494,4.93456,-5.04724
93.96989015,4.77801,4.77801,5.67591,4.86793,-5.11314
93.97104355,4.71383,4.71383,5.62046,4.80534,-5.17403
93.97243315,4.63507,4.63507,5.55204,4.72849,-5.24606
93.97392071,4.55077,4.55077,5.4788,4.64621,-5.32159
93.97689584,4.37881,4.37881,5.32852,4.4783,-5.46785
93.9828461,4.02507,4.02507,5.01679,4.1326,-5.7419
93.99298267,3.39407,3.39407,4.45307,3.51518,-6.15456
94.00395481,2.67385,2.67385,3.79941,2.80945,-6.52691
94.01808932,1.69574,1.69574,2.89719,1.84957,-6.89599
94.0349222,0.468998,0.468998,1.74579,0.643627,-7.17694
94.05192005,-0.823034,-0.823034,0.512246,-0.628926,-7.29015
94.06153359,-1.57118,-1.57118,-0.212292,-1.36779,-7.27988
94.06607467,-1.9274,-1.9274,-0.5604,-1.72037,-7.25666
94.06766101,-2.05211,-2.05211,-0.682811,-1.84405,-7.24553
94.06827934,-2.10072,-2.10072,-0.730669,-1.89225,-7.24119
94.06920353,-2.17338,-2.17338,-0.8022,-1.9643,-7.23363
94.07027513,-2.25762,-2.25762,-0.885329,-2.04785,-7.22485
94.07164302,-2.36516,-2.36516,-0.991657,-2.15456,-7.21238
94.07381212,-2.53539,-2.53539,-1.16072,-2.32377,-7.19051
94.07808262,-2.8692,-2.8692,-1.495,-2.65611,-7.13995
94.08078837,-3.07945,-3.07945,-1.70762,-2.86585,-7.10282
94.08383295,-3.31448,-3.31448,-1.94752,-3.10068,-7.05635
94.08555982,-3.44693,-3.44693,-2.08358,-3.2332,-7.02781
94.08830504,-3.65586,-3.65586,-2.30008,-3.44251,-6.97921
94.09105095,-3.86251,-3.86251,-2.51637,-3.64987,-6.92666
94.09654276,-4.26706,-4.26706,-2.94679,-4.05672,-6.80997
94.10752639,-5.02771,-5.02771,-3.78718,-4.82444,-6.53147
94.10939407,-5.14902,-5.14902,-3.92639,-4.94728,-6.47732
94.11312942,-5.38514,-5.38514,-4.20108,-5.18646,-6.36504
94.11535742,-5.52118,-5.52118,-4.36211,-5.32433,-6.29526
94.11712008,-5.62593,-5.62593,-4.48773,-5.43053,-6.23846
94.1181344,-5.68504,-5.68504,-4.55922,-5.49046,-6.20471
94.11987825,-5.78467,-5.78467,-4.68068,-5.5915,-6.14669
94.12167434,-5.88471,-5.88471,-4.80375,-5.69298,-6.08505
94.12342255,-5.97961,-5.97961,-4.92145,-5.78929,-6.02366
94.12590661,-6.11038,-6.11038,-5.08486,-5.92204,-5.93406
94.12835098,-6.23445,-6.23445,-5.24097,-6.04811,-5.84267
94.12937296,-6.28474,-6.28474,-5.30453,-6.09924,-5.80445
94.13002314,-6.31673,-6.31673,-5.34496,-6.13177,-5.77934
94.13153569,-6.38937,-6.38937,-5.437,-6.20568,-5.72092
94.13247365,-6.43299,-6.43299,-5.4931,-6.2501,-5.68373
94.13417489,-6.51211,-6.51211,-5.59299,-6.33068,-5.61626
94.13757737,-6.66292,-6.66292,-5.7858,-6.48452,-5.47698
94.14438233,-6.93987,-6.93987,-6.14474,-6.76796,-5.18411
94.15457152,-7.29406,-7.29406,-6.61886,-7.13298,-4.7115
94.16606763,-7.60796,-7.60796,-7.06596,-7.46071,-4.13206
94.17946616,-7.86115,-7.86115,-7.47274,-7.73204,-3.39989
94.19807835,-8.01683,-8.01683,-7.83851,-7.91602,-2.29357
94.22832024,-7.80845,-7.80845,-7.95804,-7.75868,-0.322137
94.24608494,-7.43227,-7.43227,-7.76415,-7.41411,0.912853
94.25392547,-7.20891,-7.20891,-7.61837,-7.20483,1.47016
94.25656206,-7.12612,-7.12612,-7.56124,-7.12678,1.65875
94.25851385,-7.06243,-7.06243,-7.51638,-7.06658,1.79835
94.26048222,-6.99615,-6.99615,-7.46897,-7.00382,1.93914
94.26441896,-6.85759,-6.85759,-7.36768,-6.87224,2.22018
94.27229244,-6.55703,-6.55703,-7.13988,-6.5854,2.77675
94.28399425,-6.05513,-6.05513,-6.74139,-6.10303,3.57707
94.2939006,-5.58111,-5.58111,-6.35027,-5.64453,4.21563
94.30153362,-5.1867,-5.1867,-6.01671,-5.26134,4.6742
94.30584933,-4.9529,-4.9529,-5.8161,-5.03363,4.91797
94.30812331,-4.82667,-4.82667,-5.70701,-4.91054,5.04133
94.30935442,-4.7572,-4.7572,-5.64667,-4.84275,5.10657
94.31051418,-4.69175,-4.69175,-5.58983,-4.77889,5.16698
94.31198872,-4.607,-4.607,-5.51582,-4.69614,5.24233
94.31356185,-4.51658,-4.51658,-5.43687,-4.60785,5.32093
94.31670811,-4.33211,-4.33211,-5.27484,-4.42761,5.47276
94.32300063,-3.95252,-3.95252,-4.93862,-4.05645,5.75571
94.33311903,-3.31418,-3.31418,-4.36569,-3.43155,6.1553
94.3443494,-2.56866,-2.56866,-3.68637,-2.70073,6.52153
94.35848986,-1.58132,-1.58132,-2.77251,-1.73147,6.8703
94.37614241,-0.286112,-0.286112,-1.55299,-0.457842,7.13437
94.39195192,0.919701,0.919701,-0.398851,0.730079,7.21341
94.40063855,1.59558,1.59558,0.256501,1.39759,7.19478
94.4049456,1.93308,1.93308,0.58626,1.73139,7.16949
94.40708195,2.10048,2.10048,0.750895,1.89757,7.15305
94.40905884,2.25552,2.25552,0.903787,2.05134,7.13555
94.4103692,2.35829,2.35829,1.00539,2.15326,7.12276
94.41242253,2.51905,2.51905,1.165,2.31298,7.10081
94.41636277,2.82637,2.82637,1.47243,2.61881,7.05223
94.41912878,3.04088,3.04088,1.68901,2.83266,7.01309
94.42219284,3.27693,3.27693,1.92954,3.06838,6.96492
94.42387222,3.40549,3.40549,2.06138,3.19693,6.93639
94.42629513,3.58968,3.58968,2.25166,3.38133,6.89261
94.42843112,3.75062,3.75062,2.41941,3.54266,6.85145
94.43270308,4.06761,4.06761,2.75374,3.86098,6.76203
94.441247,4.67601,4.67601,3.41312,4.47388,6.55542
94.44778697,5.11316,5.11316,3.9046,4.91563,6.37277
94.45325682,5.45553,5.45553,4.30298,5.2622,6.20411
94.45565463,5.59838,5.59838,4.47329,5.40692,6.12568
94.45784949,5.72505,5.72505,4.62644,5.53531,6.05153
94.45997305,5.84387,5.84387,4.77181,5.65578,5.97766
94.46225694,5.96761,5.96761,4.9248,5.7813,5.89593
94.46446718,6.08344,6.08344,5.06927,5.89884,5.81459
94.46651841,6.18756,6.18756,5.19998,6.00456,5.73663
94.46767568,6.2446,6.2446,5.27192,6.06252,5.69264
94.46830247,6.2755,6.2755,5.31089,6.09392,5.66815
94.46928832,6.32277,6.32277,5.37102,6.14198,5.62964
94.47007835,6.36066,6.36066,5.41833,6.1805,5.59822
94.4709025,6.39894,6.39894,5.46769,6.21946,5.56544
94.4723544,6.46638,6.46638,5.55276,6.2881,5.50673
94.4751027,6.58899,6.58899,5.70905,6.41304,5.39316
94.48028497,6.80537,6.80537,5.98759,6.63405,5.17043
94.49064951,7.18111,7.18111,6.48452,7.02006,4.69278
94.50050716,7.46898,7.46898,6.88552,7.31897,4.2006
94.51530198,7.77644,7.77644,7.36079,7.64519,3.39845
94.5293047,7.9324,7.9324,7.67361,7.82111,2.5756
94.55731014,7.868,7.868,7.91378,7.80122,0.780163
94.57998804,7.46694,7.46694,7.74654,7.43876,-0.785653
94.58925038,7.2168,7.2168,7.58795,7.20469,-1.4455
94.59173119,7.14151,7.14151,7.53675,7.13371,-1.6238
94.59471579,7.04645,7.04645,7.47041,7.04383,-1.8383
94.59773577,6.94542,6.94542,7.39813,6.94801,-2.05534
94.60377574,6.72913,6.72913,7.23832,6.74203,-2.48734
94.61585568,6.24187,6.24187,6.85972,6.27471,-3.33112
94.62572653,5.79191,5.79191,6.4941,5.84016,-3.98769
94.6362547,5.26367,5.26367,6.05112,5.32725,-4.6377
94.64105994,5.00662,5.00662,5.83132,5.07684,-4.91343
94.64375123,4.85844,4.85844,5.70353,4.9323,-5.0612
94.64519204,4.77751,4.77751,5.63333,4.85329,-5.13819
94.64654615,4.70145,4.70145,5.56735,4.77903,-5.20915
94.64859628,4.58434,4.58434,5.46528,4.66464,-5.31401
94.65057344,4.46987,4.46987,5.3651,4.55278,-5.41224
94.65452777,4.23651,4.23651,5.15977,4.32463,-5.6004
94.66243642,3.75295,3.75295,4.7299,3.85143,-5.94492
94.67483506,2.95306,2.95306,4.00766,3.06766,-6.40321
94.68641052,2.16443,2.16443,3.28416,2.29387,-6.74346
94.70307108,0.969247,0.969247,2.16974,1.11945,-7.0887
94.72761179,-0.887475,-0.887475,0.401886,-0.70906,-7.29665
94.73816877,-1.71158,-1.71158,-0.398113,-1.52372,-7.27822
94.74332343,-2.11716,-2.11716,-0.795942,-1.92547,-7.24612
94.74493136,-2.24368,-2.24368,-0.920907,-2.05117,-7.23258
94.74597309,-2.32564,-2.32564,-1.00213,-2.13261,-7.22381
94.74698324,-2.40512,-2.40512,-1.08088,-2.21157,-7.21371
94.74900354,-2.56394,-2.56394,-1.23888,-2.3695,-7.19353
94.75304415,-2.88028,-2.88028,-1.55608,-2.68451,-7.14537
94.75546527,-3.06876,-3.06876,-1.74698,-2.87252,-7.11229
94.7581786,-3.27875,-3.27875,-1.96092,-3.08227,-7.07149
94.76003568,-3.42158,-3.42158,-2.10763,-3.22511,-7.0413
94.76294842,-3.64379,-3.64379,-2.33774,-3.44762,-6.9903
94.7661544,-3.88528,-3.88528,-2.5906,-3.68983,-6.92905
94.77256636,-4.35584,-4.35584,-3.09273,-4.16292,-6.79075
94.78539029,-5.22548,-5.22548,-4.06329,-5.03993,-6.45306
94.7900844,-5.51607,-5.51607,-4.40355,-5.33367,-6.30947
94.79332316,-5.70678,-5.70678,-4.63211,-5.52661,-6.20427
94.79540458,-5.82493,-5.82493,-4.77588,-5.64619,-6.13406
94.79697118,-5.9116,-5.9116,-4.88223,-5.73393,-6.07935
94.79861371,-6.00038,-6.00038,-4.99189,-5.82384,-6.02199
94.80009483,-6.07864,-6.07864,-5.08907,-5.90311,-5.96871
94.80259925,-6.20716,-6.20716,-5.24946,-6.03337,-5.87582
94.80363319,-6.25855,-6.25855,-5.31388,-6.0855,-5.83747
94.8043451,-6.29394,-6.29394,-5.35824,-6.12139,-5.81016
94.80588242,-6.36847,-6.36847,-5.45189,-6.19703,-5.75118
94.8068335,-6.41311,-6.41311,-5.50883,-6.24238,-5.71368
94.80856805,-6.49451,-6.49451,-5.61075,-6.32507,-5.64529
94.81203716,-6.6496,-6.6496,-5.80732,-6.48285,-5.50397
94.81897537,-6.93406,-6.93406,-6.17277,-6.77315,-5.20642
94.82939505,-7.298,-7.298,-6.65549,-7.14702,-4.72386
94.84085883,-7.61208,-7.61208,-7.09821,-7.47365,-4.14635
94.85453566,-7.87063,-7.87063,-7.50857,-7.74924,-3.39874
94.87323158,-8.02486,-8.02486,-7.86708,-7.92994,-2.28611
94.9043056,-7.79898,-7.79898,-7.96669,-7.75335,-0.256183
94.92206936,-7.41219,-7.41219,-7.75557,-7.39638,0.9809
94.92982812,-7.18684,-7.18684,-7.60415,-7.1842,1.5327
94.93257887,-7.09894,-7.09894,-7.54201,-7.10097,1.72938
94.93517793,-7.01218,-7.01218,-7.47935,-7.0186,1.9152
94.93827581,-6.90416,-6.90416,-7.39974,-6.91579,2.13642
94.94447157,-6.67347,-6.67347,-7.22479,-6.69538,2.57611
94.95686309,-6.15602,-6.15602,-6.81425,-6.19772,3.43131
94.96639177,-5.7095,-5.7095,-6.44556,-5.76552,4.05474
94.97694905,-5.16847,-5.16847,-5.9861,-5.23925,4.69296
94.98192858,-4.89706,-4.89706,-5.75139,-4.97444,4.97086
94.98457751,-4.74859,-4.74859,-5.62198,-4.82941,5.11186
94.98705865,-4.60704,-4.60704,-5.49797,-4.69105,5.23931
94.98917552,-4.48442,-4.48442,-5.39009,-4.57113,5.34449
94.99146902,-4.34968,-4.34968,-5.27106,-4.43931,5.4548
94.99605602,-4.0745,-4.0745,-5.02654,-4.16993,5.66435
95.00338954,-3.61945,-3.61945,-4.6183,-3.72412,5.96983
95.01459138,-2.89118,-2.89118,-3.95618,-3.00985,6.36885
95.02684242,-2.05325,-2.05325,-3.18298,-2.18697,6.71424
95.04351939,-0.853746,-0.853746,-2.0584,-1.00735,7.03561
95.06992574,1.14417,1.14417,-0.144506,0.96247,7.20596
95.07922856,1.86804,1.86804,0.563129,1.67903,7.16906
95.0841141,2.24988,2.24988,0.940418,2.05816,7.12993
95.08578336,2.38034,2.38034,1.07011,2.18769,7.11347
95.08732643,2.50094,2.50094,1.1903,2.30743,7.09689
95.0898661,2.69887,2.69887,1.38864,2.50451,7.06675
95.09257323,2.90899,2.90899,1.60068,2.71395,7.03075
95.09593576,3.16836,3.16836,1.8648,2.97289,6.98053
95.09659177,3.21865,3.21865,1.91632,3.02311,6.96985
95.09756867,3.29353,3.29353,1.99317,3.09789,6.95395
95.09846364,3.36176,3.36176,2.06358,3.1664,6.93853
95.09952113,3.44237,3.44237,2.14677,3.24682,6.92031
95.10078601,3.53826,3.53826,2.24627,3.34301,6.89744
95.10290212,3.69762,3.69762,2.41262,3.50275,6.85731
95.10712013,4.0106,4.0106,2.74322,3.81702,6.77036
95.11555617,4.61213,4.61213,3.39553,4.42277,6.56933
95.12203928,5.04699,5.04699,3.88409,4.86191,6.39076
95.12366005,5.15078,5.15078,4.00373,4.9669,6.34224
95.12690161,5.3534,5.3534,4.24011,5.1719,6.2422
95.12887022,5.47273,5.47273,4.38141,5.29266,6.17926
95.13027617,5.55601,5.55601,4.48111,5.37695,6.13323
95.13241306,5.6794,5.6794,4.63046,5.50186,6.06151
95.13475543,5.81032,5.81032,4.79088,5.63445,5.98047
95.13735592,5.9505,5.9505,4.96458,5.77648,5.88757
95.13987092,6.08103,6.08103,5.12783,5.9088,5.79483
95.14218219,6.19669,6.19669,5.27343,6.02614,5.70661
95.14319301,6.24565,6.24565,5.33534,6.07584,5.66802
95.14412452,6.29076,6.29076,5.39238,6.12165,5.63141
95.14500784,6.33228,6.33228,5.44504,6.16384,5.5967
95.14601545,6.37965,6.37965,5.5051,6.21196,5.55609
95.14780224,6.46122,6.46122,5.60887,6.29492,5.48409
95.15092349,6.59817,6.59817,5.78393,6.43436,5.35439
95.157166,6.85113,6.85113,6.1114,6.69266,5.08289
95.16712519,7.19794,7.19794,6.57422,7.04899,4.61776
95.17807571,7.49999,7.49999,7.00159,7.36293,4.06345
95.19194768,7.76559,7.76559,7.42391,7.64561,3.30205
95.20921572,7.91788,7.91788,7.76805,7.82188,2.27223
95.2402331,7.72045,7.72045,7.90093,7.67251,0.243572
95.25732606,7.3646,7.3646,7.71696,7.3447,-0.950337
95.26495454,7.15138,7.15138,7.57772,7.14413,-1.49495
95.26759981,7.06981,7.06981,7.52137,7.06695,-1.68497
95.270114,6.98877,6.98877,7.46407,6.99006,-1.86557
95.27250953,6.90841,6.90841,7.40614,6.91365,-2.03765
95.2773006,6.73874,6.73874,7.28064,6.75179,-2.38066
95.28688274,6.36468,6.36468,6.99219,6.39297,-3.0563
95.29562173,5.98463,5.98463,6.68691,6.02623,-3.65247
95.30789767,5.39182,5.39182,6.19345,5.45084,-4.43638
95.31321985,5.11417,5.11417,5.95674,5.18026,-4.75229
95.31744145,4.88545,4.88545,5.75956,4.95698,-4.99014
95.31923168,4.78624,4.78624,5.67347,4.86004,-5.0873
95.32069062,4.70405,4.70405,5.6018,4.77967,-5.16475
95.32207801,4.62589,4.62589,5.53365,4.70325,-5.23693
95.32353649,4.54249,4.54249,5.46062,4.62168,-5.31128
95.32644939,4.37351,4.37351,5.31203,4.45631,-5.45515
95.33227517,4.02614,4.02614,5.00416,4.11615,-5.72515
95.34245566,3.3908,3.3908,4.43364,3.49335,-6.14269
95.35336797,2.67285,2.67285,3.77909,2.78874,-6.51626
95.36744089,1.69718,1.69718,2.87562,1.82998,-6.88831
95.38387839,0.497905,0.497905,1.74654,0.6498,-7.17009
95.40097931,-0.802976,-0.802976,0.501568,-0.632447,-7.29294
95.41076996,-1.5657,-1.5657,-0.238681,-1.38611,-7.28668
95.41533308,-1.92407,-1.92407,-0.589619,-1.74096,-7.26501
95.41693126,-2.04986,-2.04986,-0.71334,-1.86574,-7.25437
95.41753038,-2.09702,-2.09702,-0.759858,-1.91252,-7.25038
95.4184398,-2.1686,-2.1686,-0.830468,-1.98352,-7.24325
95.41956255,-2.25697,-2.25697,-0.917837,-2.07118,-7.23445
95.42109739,-2.37777,-2.37777,-1.03753,-2.19106,-7.2209
95.42360356,-2.57463,-2.57463,-1.23356,-2.38679,-7.19599
95.42744639,-2.87526,-2.87526,-1.53537,-2.68612,-7.15115
95.42968853,-3.04978,-3.04978,-1.71223,-2.86015,-7.1213
95.43245023,-3.26354,-3.26354,-1.93008,-3.07359,-7.08082
95.43416524,-3.39551,-3.39551,-2.06566,-3.20552,-7.05363
95.43660605,-3.58205,-3.58205,-2.25862,-3.3922,-7.01225
95.43880989,-3.749,-3.749,-2.43274,-3.55948,-6.97221
95.44321758,-4.07778,-4.07778,-2.77993,-3.88944,-6.88459
95.45203296,-4.70809,-4.70809,-3.46432,-4.5238,-6.67981
95.45874395,-5.15757,-5.15757,-3.97105,-4.97731,-6.4981
95.46250694,-5.39613,-5.39613,-4.24796,-5.21826,-6.38663
95.46434386,-5.50868,-5.50868,-4.38089,-5.332,-6.32928
95.46542952,-5.57346,-5.57346,-4.45836,-5.39748,-6.29539
95.46646399,-5.63518,-5.63518,-4.53218,-5.45986,-6.26181
95.46776012,-5.71067,-5.71067,-4.62342,-5.53619,-6.21975
95.46948122,-5.80878,-5.80878,-4.74298,-5.6354,-6.16228
95.47106325,-5.89685,-5.89685,-4.85118,-5.72447,-6.10771
95.47259158,-5.98003,-5.98003,-4.95407,-5.80863,-6.05499
95.47426082,-6.0688,-6.0688,-5.06452,-5.89847,-5.9956
95.47724481,-6.22216,-6.22216,-5.25653,-6.05378,-5.88634
95.47927126,-6.32246,-6.32246,-5.3828,-6.15545,-5.80989
95.48129177,-6.41944,-6.41944,-5.50524,-6.25381,-5.73188
95.48248578,-6.47534,-6.47534,-5.57599,-6.31055,-5.68495
95.48487382,-6.58403,-6.58403,-5.71399,-6.42098,-5.58926
95.48964988,-6.78915,-6.78915,-5.97656,-6.62977,-5.39071
95.49920201,-7.15117,-7.15117,-6.4506,-7,-4.96594
95.50937919,-7.46721,-7.46721,-6.88364,-7.3261,-4.47474
95.52327115,-7.7847,-7.7847,-7.35884,-7.65942,-3.74482
95.53732601,-7.97463,-7.97463,-7.70638,-7.86762,-2.94281
95.56543573,-7.97512,-7.97512,-8.01308,-7.90971,-1.18226
95.592141,-7.5334,-7.5334,-7.84567,-7.51109,0.636602
95.60320322,-7.22957,-7.22957,-7.64974,-7.22558,1.41916
95.60951831,-7.02583,-7.02583,-7.50584,-7.03229,1.86947
95.61156457,-6.9552,-6.9552,-7.45432,-6.96503,2.01539
95.61369061,-6.8795,-6.8795,-7.3983,-6.89283,2.16699
95.61794269,-6.72121,-6.72121,-7.27885,-6.74144,2.46892
95.62644684,-6.37784,-6.37784,-7.01101,-6.41158,3.0636
95.63505847,-5.99509,-5.99509,-6.70165,-6.04194,3.64623
95.64666855,-5.42639,-5.42639,-6.22672,-5.48974,4.38267
95.6519578,-5.14796,-5.14796,-5.98899,-5.21836,4.69526
95.6564038,-4.90499,-4.90499,-5.77921,-4.9811,4.94435
95.65840657,-4.79294,-4.79294,-5.68123,-4.87158,5.0521
95.65968862,-4.72007,-4.72007,-5.61851,-4.80031,5.11954
95.66092783,-4.64964,-4.64964,-5.55627,-4.73143,5.18355
95.66239431,-4.56518,-4.56518,-5.48261,-4.64878,5.25782
95.66475379,-4.42758,-4.42758,-5.36155,-4.51411,5.374
95.66918299,-4.1638,-4.1638,-5.12806,-4.25577,5.58139
95.67804138,-3.61583,-3.61583,-4.63765,-3.71863,5.95614
95.68854666,-2.93318,-2.93318,-4.01794,-3.04873,6.33401
95.70171666,-2.03243,-2.03243,-3.1877,-2.16371,6.70896
95.71627748,-0.986468,-0.986468,-2.20847,-1.13466,6.9987
95.74183434,0.941669,0.941669,-0.366666,0.76623,7.20119
95.75208654,1.73875,1.73875,0.409905,1.55504,7.17502
95.75719459,2.13851,2.13851,0.803502,1.95154,7.13952
95.7588346,2.26686,2.26686,0.930709,2.07916,7.12446
95.75999548,2.35771,2.35771,1.02104,2.1695,7.1138
95.76112813,2.44635,2.44635,1.10918,2.25764,7.10145
95.76339343,2.62328,2.62328,1.28601,2.43376,7.07676
95.76677235,2.88608,2.88608,1.55065,2.69575,7.03368
95.76888459,3.04953,3.04953,1.71667,2.85893,7.0036
95.77148889,3.24992,3.24992,1.92137,3.05926,6.96321
95.77321648,3.38207,3.38207,2.05739,3.19151,6.93442
95.7755699,3.56085,3.56085,2.24269,3.37064,6.89265
95.77763057,3.71606,3.71606,2.40483,3.52633,6.85369
95.78173737,4.02092,4.02092,2.72705,3.83263,6.76946
95.78995095,4.6075,4.6075,3.36326,4.42367,6.57524
95.79629208,5.0343,5.0343,3.84258,4.85492,6.4023
95.8015979,5.37018,5.37018,4.23224,5.1948,6.24256
95.80380349,5.50355,5.50355,4.3906,5.32986,6.17218
95.8052873,5.59106,5.59106,4.49575,5.41852,6.12304
95.80672011,5.67384,5.67384,4.59611,5.50239,6.07559
95.80823481,5.75951,5.75951,4.70086,5.58921,6.02387
95.80999756,5.85685,5.85685,4.8209,5.68789,5.96235
95.81182952,5.95538,5.95538,4.94338,5.78781,5.89692
95.81401914,6.06969,6.06969,5.08655,5.90377,5.81673
95.81624591,6.18215,6.18215,5.2283,6.01794,5.73243
95.81736019,6.23674,6.23674,5.29742,6.0734,5.69025
95.81797984,6.2671,6.2671,5.33587,6.10424,5.66605
95.81945626,6.33766,6.33766,5.42544,6.17597,5.60839
95.82172464,6.44293,6.44293,5.55947,6.28306,5.51766
95.82427466,6.55678,6.55678,5.70507,6.39903,5.41303
95.8293747,6.77044,6.77044,5.98088,6.61713,5.19563
95.83957478,7.14256,7.14256,6.4741,6.99908,4.72948
95.84953518,7.436,7.436,6.88344,7.30335,4.23594
95.86419405,7.74466,7.74466,7.36039,7.63003,3.44637
95.87806068,7.90421,7.90421,7.67693,7.8087,2.63653
95.90579394,7.85412,7.85412,7.93112,7.80112,0.86809
95.93407338,7.32721,7.32721,7.69496,7.32031,-1.07543
95.94392174,7.03538,7.03538,7.49896,7.04475,-1.77301
95.94775913,6.90709,6.90709,7.40714,6.92277,-2.04595
95.95137612,6.77899,6.77899,7.31295,6.80058,-2.30268
95.9586101,6.50278,6.50278,7.10299,6.53596,-2.81106
95.96905062,6.05899,6.05899,6.751,6.10823,-3.52277
95.97977237,5.55049,5.55049,6.33182,5.61516,-4.2112
95.98652319,5.2041,5.2041,6.03898,5.27784,-4.61564
95.9906973,4.98019,4.98019,5.84711,5.05931,-4.85212
95.99291095,4.8585,4.8585,5.74208,4.94043,-4.97281
95.99519635,4.73079,4.73079,5.63132,4.81558,-5.09372
95.99648741,4.65739,4.65739,5.56733,4.74377,-5.1603
95.99787778,4.57833,4.57833,5.49841,4.66644,-5.23064
96.00065851,4.41731,4.41731,5.35728,4.50884,-5.36712
96.00621997,4.08663,4.08663,5.06523,4.18499,-5.62396
96.01734289,3.39296,3.39296,4.44396,3.50486,-6.0762
96.02761487,2.71685,2.71685,3.82888,2.84112,-6.42351
96.04316846,1.63656,1.63656,2.82993,1.77914,-6.82504
96.05795811,0.555456,0.555456,1.81341,0.714792,-7.0709
96.07669142,-0.871192,-0.871192,0.449503,-0.692162,-7.19742
96.0860935,-1.60505,-1.60505,-0.262666,-1.41789,-7.18452
96.09075751,-1.97205,-1.97205,-0.621835,-1.78137,-7.15952
96.09296774,-2.14597,-2.14597,-0.793269,-1.9543,-7.1434
96.09506584,-2.31119,-2.31119,-0.956636,-2.11845,-7.1256
96.09703829,-2.46652,-2.46652,-1.11071,-2.27277,-7.10668
96.10050617,-2.73869,-2.73869,-1.38264,-2.54377,-7.06827
96.10352784,-2.97469,-2.97469,-1.6205,-2.77916,-7.02953
96.10666674,-3.21834,-3.21834,-1.86834,-3.02243,-6.98411
96.10733696,-3.27006,-3.27006,-1.92126,-3.07437,-6.97357
96.10828545,-3.34326,-3.34326,-1.99629,-3.14745,-6.95864
96.10921423,-3.41454,-3.41454,-2.06975,-3.21901,-6.94315
96.11026949,-3.49552,-3.49552,-2.15321,-3.29984,-6.92555
96.11158849,-3.59617,-3.59617,-2.25754,-3.40087,-6.90241
96.11382852,-3.7659,-3.7659,-2.43462,-3.57114,-6.86105
96.11830857,-4.09998,-4.09998,-2.78764,-3.90689,-6.77059
96.12726868,-4.7396,-4.7396,-3.48319,-4.55164,-6.55946
96.13407941,-5.19398,-5.19398,-3.99688,-5.01096,-6.37263
96.13770803,-5.42296,-5.42296,-4.26354,-5.24273,-6.26397
96.13949813,-5.53222,-5.53222,-4.39295,-5.35339,-6.20749
96.14087296,-5.61437,-5.61437,-4.49123,-5.4366,-6.16411
96.14214317,-5.68887,-5.68887,-4.5811,-5.51209,-6.12225
96.14374019,-5.78064,-5.78064,-4.6925,-5.60509,-6.06962
96.14418703,-5.80581,-5.80581,-4.72366,-5.6306,-6.05442
96.14489594,-5.84573,-5.84573,-4.77234,-5.67108,-6.03029
96.14557832,-5.88342,-5.88342,-4.8192,-5.70928,-6.00707
96.14652312,-5.9356,-5.9356,-4.88305,-5.76218,-5.97414
96.14740193,-5.98326,-5.98326,-4.94244,-5.81052,-5.94351
96.14915956,-6.07678,-6.07678,-5.05895,-5.90538,-5.88084
96.15193972,-6.21988,-6.21988,-5.23831,-6.05064,-5.77894
96.15383592,-6.31412,-6.31412,-5.35705,-6.14638,-5.7072
96.15450938,-6.34673,-6.34673,-5.39825,-6.17953,-5.68173
96.15535704,-6.38778,-6.38778,-5.45011,-6.22126,-5.64887
96.15626917,-6.43061,-6.43061,-5.50497,-6.26484,-5.61351
96.15784477,-6.50459,-6.50459,-5.5981,-6.34011,-5.55131
96.16099597,-6.64612,-6.64612,-5.77835,-6.48432,-5.42377
96.16718143,-6.90331,-6.90331,-6.10979,-6.74712,-5.16154
96.17705615,-7.25826,-7.25826,-6.58049,-7.11203,-4.7116
96.18817427,-7.57734,-7.57734,-7.0277,-7.44379,-4.16149
96.20144439,-7.84839,-7.84839,-7.44998,-7.73192,-3.44928
96.21878714,-8.02676,-8.02676,-7.82321,-7.93539,-2.43743
96.248538,-7.89092,-7.89092,-8.00952,-7.84761,-0.531441
96.26708099,-7.53687,-7.53687,-7.8458,-7.52537,0.741849
96.27577137,-7.30264,-7.30264,-7.69747,-7.30625,1.35442
96.27880521,-7.21089,-7.21089,-7.63516,-7.21978,1.57
96.28003809,-7.17177,-7.17177,-7.6079,-7.1828,1.6576
96.28119706,-7.13501,-7.13501,-7.58227,-7.14805,1.74007
96.28351501,-7.05857,-7.05857,-7.52792,-7.07562,1.90499
96.28815091,-6.89732,-6.89732,-7.41025,-6.92231,2.23402
96.2974227,-6.54229,-6.54229,-7.13985,-6.58282,2.88388
96.30772151,-6.09915,-6.09915,-6.78659,-6.1562,3.58197
96.31756266,-5.63011,-5.63011,-6.39914,-5.70199,4.21234
96.32514755,-5.23968,-5.23968,-6.06861,-5.32226,4.66504
96.32942938,-5.00858,-5.00858,-5.87015,-5.09694,4.90532
96.33170132,-4.88292,-4.88292,-5.76145,-4.97428,5.02778
96.33292251,-4.81425,-4.81425,-5.70176,-4.9072,5.09206
96.33407121,-4.74965,-4.74965,-5.64561,-4.84411,5.15152
96.33548965,-4.66844,-4.66844,-5.57464,-4.76473,5.22356
96.33700651,-4.58158,-4.58158,-5.49874,-4.67984,5.29895
96.34004021,-4.40447,-4.40447,-5.3431,-4.50662,5.44472
96.34610762,-4.04026,-4.04026,-5.02041,-4.15015,5.71699
96.35622491,-3.40506,-3.40506,-4.45024,-3.52776,6.11637
96.36728345,-2.6741,-2.6741,-3.78413,-2.81058,6.47746
96.38137255,-1.69401,-1.69401,-2.87698,-1.84761,6.8267
96.39845909,-0.444389,-0.444389,-1.70075,-0.617845,7.08779
96.4154599,0.850226,0.850226,-0.461718,0.658533,7.17551
96.42491755,1.58644,1.58644,0.252717,1.3863,7.15158
96.42943976,1.94119,1.94119,0.599802,1.73753,7.12209
96.43163291,2.11323,2.11323,0.769275,1.9085,7.10362
96.43363554,2.27046,2.27046,0.924589,2.06462,7.08443
96.43503821,2.38059,2.38059,1.03366,2.17397,7.06966
96.43727622,2.55595,2.55595,1.20814,2.34843,7.04388
96.44174714,2.90464,2.90464,1.55808,2.69594,6.98422
96.44403746,3.08219,3.08219,1.73813,2.87322,6.94949
96.44686724,3.30022,3.30022,1.96058,3.09124,6.9027
96.44868714,3.43953,3.43953,2.10386,3.23073,6.87037
96.45152437,3.65495,3.65495,2.32725,3.44672,6.81649
96.45449242,3.87757,3.87757,2.56054,3.6703,6.75566
96.46042852,4.31226,4.31226,3.02415,4.10793,6.62049
96.47230072,5.12234,5.12234,3.92444,4.92654,6.29784
96.47701886,5.41852,5.41852,4.2688,5.22669,6.15061
96.47963271,5.5754,5.5754,4.45534,5.38583,6.0645
96.4821264,5.71994,5.71994,4.62986,5.53253,5.97938
96.48422176,5.83749,5.83749,4.77359,5.65187,5.90565
96.48645758,5.95901,5.95901,4.92375,5.77531,5.82478
96.48851871,6.06754,6.06754,5.05899,5.8856,5.74825
96.49049387,6.16845,6.16845,5.18554,5.9882,5.67314
96.49261242,6.27337,6.27337,5.31776,6.09496,5.59043
96.49315229,6.29945,6.29945,5.35073,6.12151,5.56935
96.49368287,6.32509,6.32509,5.38313,6.14762,5.54808
96.49534551,6.40373,6.40373,5.48272,6.22774,5.48142
96.49701526,6.48066,6.48066,5.5804,6.30617,5.4131
96.49969655,6.59993,6.59993,5.73248,6.42792,5.30093
96.50505913,6.82293,6.82293,6.01971,6.65613,5.0677
96.5157843,7.20792,7.20792,6.52998,7.05259,4.5672
96.52558843,7.48974,7.48974,6.92422,7.34614,4.07196
96.54099371,7.80008,7.80008,7.40912,7.67717,3.22749
96.55517003,7.94546,7.94546,7.713,7.84379,2.38568
96.58352268,7.85183,7.85183,7.9265,7.79698,0.55369
96.60217228,7.52311,7.52311,7.79004,7.50094,-0.736612
96.6107681,7.30294,7.30294,7.65536,7.29606,-1.34766
96.61392778,7.21142,7.21142,7.59471,7.21016,-1.57417
96.61516896,7.17354,7.17354,7.56886,7.1745,-1.66315
96.6163333,7.13802,7.13802,7.5446,7.14104,-1.74676
96.61866198,7.06398,7.06398,7.49292,7.07113,-1.91397
96.62331935,6.90728,6.90728,7.38035,6.92261,-2.24765
96.63263409,6.56038,6.56038,7.11926,6.59176,-2.90694
96.64277143,6.13409,6.13409,6.78242,6.18223,-3.60154
96.65278787,5.66541,5.66541,6.39787,5.72918,-4.25047
96.66010882,5.29438,5.29438,6.08553,5.36889,-4.69311
96.66435617,5.06852,5.06852,5.8926,5.14902,-4.93516
96.66656449,4.9481,4.9481,5.78897,5.03165,-5.05621
96.66890738,4.81816,4.81816,5.67659,4.90491,-5.18076
96.67036903,4.73553,4.73553,5.60474,4.82427,-5.25639
96.67192761,4.64743,4.64743,5.52811,4.73828,-5.33529
96.67504478,4.46751,4.46751,5.3707,4.56257,-5.48785
96.68127911,4.09681,4.09681,5.04355,4.20023,-5.77276
96.69140295,3.46577,3.46577,4.47902,3.58267,-6.18053
96.7025937,2.72966,2.72966,3.81019,2.86126,-6.55489
96.71672925,1.74875,1.74875,2.90461,1.89852,-6.91634
96.73426215,0.466086,0.466086,1.69982,0.63746,-7.19608
96.75146509,-0.84765,-0.84765,0.444654,-0.656632,-7.29383
96.76095311,-1.58931,-1.58931,-0.273936,-1.38919,-7.27441
96.76549938,-1.94766,-1.94766,-0.62398,-1.74366,-7.24695
96.76768551,-2.11997,-2.11997,-0.793493,-1.91478,-7.2296
96.7697178,-2.28034,-2.28034,-0.951676,-2.07387,-7.2111
96.77127087,-2.4029,-2.4029,-1.07291,-2.19547,-7.19543
96.77381656,-2.60335,-2.60335,-1.27221,-2.39479,-7.16689
96.77734834,-2.88035,-2.88035,-1.54979,-2.67061,-7.1215
96.77949858,-3.04819,-3.04819,-1.71947,-2.83799,-7.09057
96.78215136,-3.25416,-3.25416,-1.92881,-3.04367,-7.04903
96.78387048,-3.38688,-3.38688,-2.06474,-3.17636,-7.02011
96.786251,-3.56945,-3.56945,-2.25297,-3.35912,-6.9775
96.78835771,-3.72967,-3.72967,-2.41955,-3.5197,-6.93733
96.79257114,-4.04551,-4.04551,-2.75168,-3.8368,-6.85014
96.800998,-4.65298,-4.65298,-3.40736,-4.44858,-6.64892
96.80747188,-5.09239,-5.09239,-3.89858,-4.89247,-6.47055
96.80909035,-5.19735,-5.19735,-4.01893,-4.99869,-6.42212
96.81232729,-5.40231,-5.40231,-4.25674,-5.20618,-6.3223
96.8142866,-5.52267,-5.52267,-4.39848,-5.32808,-6.25974
96.81585636,-5.61684,-5.61684,-4.51061,-5.42346,-6.20836
96.81836873,-5.76323,-5.76323,-4.68709,-5.57179,-6.12376
96.81973459,-5.84061,-5.84061,-4.78139,-5.65021,-6.07628
96.82063134,-5.89024,-5.89024,-4.84231,-5.70052,-6.0451
96.82168925,-5.94878,-5.94878,-4.91419,-5.75987,-6.00729
96.82270454,-6.00378,-6.00378,-4.98211,-5.81563,-5.97101
96.82473513,-6.11137,-6.11137,-5.11566,-5.92477,-5.89658
96.82632318,-6.19331,-6.19331,-5.21786,-6.00793,-5.83671
96.82745441,-6.25007,-6.25007,-5.28914,-6.06558,-5.79406
96.82802294,-6.2786,-6.2786,-5.32497,-6.09455,-5.77211
96.82847111,-6.30109,-6.30109,-5.35273,-6.11739,-5.7548
96.82891726,-6.32281,-6.32281,-5.38036,-6.13959,-5.73758
96.8296216,-6.35709,-6.35709,-5.42327,-6.17462,-5.70993
96.83036096,-6.39308,-6.39308,-5.46832,-6.21057,-5.68092
96.83155983,-6.45007,-6.45007,-5.54003,-6.26885,-5.63319
96.83393583,-6.55992,-6.55992,-5.67865,-6.38067,-5.5368
96.83792654,-6.73527,-6.73527,-5.90137,-6.55948,-5.3696
96.84590798,-7.05208,-7.05208,-6.31066,-6.88383,-5.01587
96.85607647,-7.39132,-7.39132,-6.76526,-7.23387,-4.52959
96.8683351,-7.70595,-7.70595,-7.21713,-7.56331,-3.89382
96.88212495,-7.93886,-7.93886,-7.6028,-7.81504,-3.11949
96.90453778,-8.05268,-8.05268,-7.96008,-7.96344,-1.74702
96.92823102,-7.8325,-7.8325,-7.98726,-7.78351,-0.172749
96.9448376,-7.47965,-7.47965,-7.79966,-7.46008,0.986686
96.95165598,-7.28903,-7.28903,-7.67466,-7.28166,1.47197
96.95409355,-7.21459,-7.21459,-7.62333,-7.21159,1.64636
96.95641319,-7.14077,-7.14077,-7.57132,-7.14191,1.8123
96.95874621,-7.06363,-7.06363,-7.51593,-7.06892,1.9792
96.96341225,-6.90086,-6.90086,-7.39607,-6.9144,2.31199
96.97274434,-6.54237,-6.54237,-7.12092,-6.57206,2.96828
96.98246739,-6.12396,-6.12396,-6.78564,-6.16981,3.62908
96.99261794,-5.64074,-5.64074,-6.38497,-5.70253,4.2798
96.99949776,-5.28748,-5.28748,-6.08508,-5.35943,4.69103
97.00362799,-5.06578,-5.06578,-5.8944,-5.14362,4.92402
97.00576998,-4.94805,-4.94805,-5.79188,-5.02888,5.04028
97.00693493,-4.88299,-4.88299,-5.73612,-4.96543,5.10163
97.0080338,-4.82162,-4.82162,-5.68212,-4.90558,5.1595
97.00940304,-4.7438,-4.7438,-5.61483,-4.82963,5.22973
97.01086808,-4.66052,-4.66052,-5.54159,-4.74837,5.30334
97.01379816,-4.49077,-4.49077,-5.39234,-4.58261,5.44585
97.01965832,-4.14181,-4.14181,-5.08315,-4.2416,5.7128
97.02980502,-3.50959,-3.50959,-4.51569,-3.62304,6.12057
97.04071694,-2.79311,-2.79311,-3.86294,-2.92107,6.48475
97.05480114,-1.81892,-1.81892,-2.96164,-1.96521,6.84426
97.07135189,-0.614378,-0.614378,-1.8288,-0.781402,7.1114
97.09000709,0.80253,0.80253,-0.473474,0.6138,7.21694
97.10013039,1.5904,1.5904,0.291422,1.39186,7.18934
97.10491719,1.96599,1.96599,0.659268,1.76343,7.15588
97.10718708,2.1441,2.1441,0.834934,1.94028,7.13548
97.10926,2.30684,2.30684,0.995949,2.10179,7.11435
97.11106174,2.4483,2.4483,1.1363,2.24217,7.09406
97.11414306,2.68943,2.68943,1.3771,2.48199,7.05526
97.11705753,2.91651,2.91651,1.60564,2.70819,7.01381
97.119326,3.09213,3.09213,1.78404,2.88345,6.97839
97.1205154,3.18422,3.18422,1.87758,2.97534,6.95851
97.12115762,3.23356,3.23356,1.92809,3.02467,6.94778
97.1230274,3.37723,3.37723,2.07536,3.16828,6.91469
97.12537857,3.55647,3.55647,2.26055,3.34771,6.87048
97.1275429,3.72005,3.72005,2.4309,3.51166,6.82722
97.13187155,4.04229,4.04229,2.77051,3.83522,6.73345
97.14052884,4.66076,4.66076,3.44006,4.45823,6.51756
97.14715671,5.10511,5.10511,3.93886,4.90726,6.32727
97.15270032,5.45297,5.45297,4.34284,5.25937,6.1519
97.1551387,5.59852,5.59852,4.51599,5.40683,6.07015
97.15764133,5.74286,5.74286,4.69025,5.55314,5.98337
97.15930126,5.83576,5.83576,4.80373,5.64733,5.9242
97.16046245,5.89886,5.89886,4.88203,5.71191,5.88176
97.16170369,5.96632,5.96632,4.96467,5.77975,5.8364
97.16290881,6.03009,6.03009,5.04384,5.84445,5.79138
97.16531905,6.15426,6.15426,5.19878,5.97049,5.69942
97.16730953,6.25344,6.25344,5.3232,6.07124,5.62133
97.16781643,6.27798,6.27798,5.35425,6.09618,5.60145
97.16829782,6.30129,6.30129,5.38373,6.11988,5.58209
97.16904822,6.33762,6.33762,5.42888,6.15681,5.55191
97.16983479,6.37457,6.37457,5.4762,6.1944,5.52029
97.17118602,6.43805,6.43805,5.55585,6.25898,5.46498
97.17388032,6.55984,6.55984,5.71017,6.38304,5.35239
97.17792008,6.73259,6.73259,5.93073,6.55934,5.17792
97.1859996,7.04322,7.04322,6.33477,6.87767,4.80929
97.19558562,7.35237,7.35237,6.75256,7.19705,4.33942
97.20841999,7.66712,7.66712,7.21084,7.52729,3.65895
97.22229336,7.88204,7.88204,7.57907,7.76108,2.86302
97.24543648,7.96066,7.96066,7.90784,7.87514,1.41743
97.26985596,7.68227,7.68227,7.88196,7.63761,-0.234002
97.28292271,7.38729,7.38729,7.71604,7.3653,-1.15705
97.2892121,7.21036,7.21036,7.59948,7.19935,-1.60751
97.29144543,7.14219,7.14219,7.55245,7.13507,-1.76807
97.29352137,7.07638,7.07638,7.50615,7.07288,-1.9173
97.29767323,6.93788,6.93788,7.40621,6.94157,-2.21528
97.30597695,6.63411,6.63411,7.17763,6.65194,-2.8053
97.31741932,6.15944,6.15944,6.80215,6.19603,-3.59226
97.32728038,5.70068,5.70068,6.42452,5.75253,-4.23238
97.33511382,5.30508,5.30508,6.09035,5.36835,-4.70616
97.33947139,5.07352,5.07352,5.89177,5.14289,-4.95368
97.34170148,4.95192,4.95192,5.78672,5.02437,-5.07539
97.3430545,4.8768,4.8768,5.72148,4.95109,-5.14748
97.34435512,4.80459,4.80459,5.65877,4.88065,-5.2155
97.3459487,4.71476,4.71476,5.58042,4.79298,-5.29713
97.34828453,4.5813,4.5813,5.46357,4.66267,-5.41343
97.35295619,4.30815,4.30815,5.22284,4.3958,-5.63451
97.3622995,3.73821,3.73821,4.71449,3.83835,-6.03259
97.37267916,3.07058,3.07058,4.11007,3.1845,-6.40842
97.38647724,2.1329,2.1329,3.24766,2.26486,-6.80324
97.40110561,1.08467,1.08467,2.26794,1.23523,-7.09421
97.43036235,-1.12914,-1.12914,0.152262,-0.945178,-7.29711
97.44011903,-1.89195,-1.89195,-0.593216,-1.69981,-7.25459
97.44544545,-2.31037,-2.31037,-1.00697,-2.11512,-7.20869
97.44725845,-2.45279,-2.45279,-1.14876,-2.25649,-7.18946
97.44892715,-2.58388,-2.58388,-1.27962,-2.3866,-7.17017
97.45226453,-2.84498,-2.84498,-1.54216,-2.6465,-7.12706
97.45452909,-3.0213,-3.0213,-1.72101,-2.82225,-7.0944
97.45712914,-3.22265,-3.22265,-1.92636,-3.02322,-7.05352
97.45893726,-3.36187,-3.36187,-2.06946,-3.16233,-7.02298
97.46144136,-3.55333,-3.55333,-2.26765,-3.35388,-6.97786
97.46377294,-3.72997,-3.72997,-2.45206,-3.53081,-6.93291
97.46843608,-4.07745,-4.07745,-2.8196,-3.8795,-6.83463
97.47776238,-4.7413,-4.7413,-3.54273,-4.54765,-6.60535
97.48009395,-4.89854,-4.89854,-3.71969,-4.70636,-6.53994
97.4847571,-5.20373,-5.20373,-4.06846,-5.01457,-6.40288
97.48774409,-5.39127,-5.39127,-4.28726,-5.20408,-6.31014
97.4899696,-5.52655,-5.52655,-4.44758,-5.34079,-6.23843
97.49190813,-5.64104,-5.64104,-4.58506,-5.45654,-6.17412
97.49350904,-5.73322,-5.73322,-4.69667,-5.54975,-6.11952
97.49395539,-5.75841,-5.75841,-4.72778,-5.57522,-6.1043
97.49470737,-5.80084,-5.80084,-4.77936,-5.61813,-6.07805
97.49545434,-5.84213,-5.84213,-4.83059,-5.6599,-6.05198
97.49641069,-5.895,-5.895,-4.8951,-5.71338,-6.01787
97.49730928,-5.94375,-5.94375,-4.95571,-5.76271,-5.98583
97.49910646,-6.03937,-6.03937,-5.07453,-5.85948,-5.92028
97.50106119,-6.14055,-6.14055,-5.20094,-5.96194,-5.84683
97.50231554,-6.20365,-6.20365,-5.2801,-6.02587,-5.79969
97.50296562,-6.23635,-6.23635,-5.32112,-6.059,-5.77457
97.50392516,-6.28333,-6.28333,-5.38052,-6.10663,-5.7375
97.50466932,-6.31976,-6.31976,-5.4258,-6.14356,-5.70825
97.50544905,-6.35683,-6.35683,-5.47325,-6.18118,-5.6776
97.50678205,-6.42022,-6.42022,-5.55275,-6.24549,-5.62438
97.50944413,-6.54218,-6.54218,-5.70718,-6.36937,-5.51585
97.51402251,-6.74004,-6.74004,-5.95971,-6.57075,-5.32229
97.52317928,-7.09146,-7.09146,-6.41772,-6.92999,-4.90999
97.5329977,-7.40363,-7.40363,-6.84183,-7.25179,-4.43232
97.54659672,-7.72747,-7.72747,-7.31864,-7.591,-3.71447
97.56047553,-7.93041,-7.93041,-7.67567,-7.81187,-2.92048
97.58823315,-7.96536,-7.96536,-8.00994,-7.88788,-1.18031
97.61377398,-7.58364,-7.58364,-7.88838,-7.54768,0.558354
97.62503581,-7.29456,-7.29456,-7.70839,-7.27753,1.35453
97.63613679,-6.94169,-6.94169,-7.45895,-6.94324,2.14323
97.63915793,-6.83424,-6.83424,-7.37891,-6.84081,2.35759
97.64212681,-6.72407,-6.72407,-7.29533,-6.73554,2.56742
97.64806458,-6.49055,-6.49055,-7.11396,-6.51167,2.98256
97.65773791,-6.07393,-6.07393,-6.77915,-6.11024,3.63826
97.66863832,-5.55334,-5.55334,-6.34586,-5.60573,4.33141
97.67464106,-5.24444,-5.24444,-6.08275,-5.30516,4.68706
97.67878573,-5.02231,-5.02231,-5.89126,-5.0886,4.91956
97.68080072,-4.91132,-4.91132,-5.79481,-4.98025,5.02834
97.68195817,-4.84756,-4.84756,-5.73941,-4.91802,5.08901
97.68305956,-4.78561,-4.78561,-5.68525,-4.8575,5.14675
97.68466976,-4.69504,-4.69504,-5.60608,-4.76902,5.22882
97.686286,-4.60278,-4.60278,-5.52509,-4.67886,5.30926
97.68951849,-4.41532,-4.41532,-5.35978,-4.49557,5.46449
97.69598346,-4.02903,-4.02903,-5.01621,-4.11758,5.75319
97.70612492,-3.39436,-3.39436,-4.44422,-3.49588,6.15007
97.71748926,-2.64492,-2.64492,-3.7586,-2.76084,6.51628
97.73173381,-1.65542,-1.65542,-2.8392,-1.78905,6.86135
97.74981787,-0.333093,-0.333093,-1.58945,-0.488385,7.12149
97.76609951,0.906455,0.906455,-0.398521,0.733,7.18977
97.77500931,1.59895,1.59895,0.275558,1.41703,7.16199
97.77939619,1.94239,1.94239,0.612454,1.75674,7.13168
97.78153762,2.11003,2.11003,0.777986,1.92315,7.11294
97.78357521,2.26966,2.26966,0.936059,2.0815,7.09274
97.78512982,2.39146,2.39146,1.05699,2.20231,7.07579
97.78767574,2.59046,2.59046,1.25561,2.40006,7.04517
97.79138414,2.87907,2.87907,1.546,2.68734,6.99429
97.79359145,3.04997,3.04997,1.71952,2.8577,6.96049
97.79631315,3.25949,3.25949,1.93347,3.06684,6.91523
97.79803261,3.39106,3.39106,2.06888,3.19834,6.8846
97.80044925,3.57471,3.57471,2.25919,3.38208,6.83894
97.80261044,3.73749,3.73749,2.42925,3.54514,6.79552
97.80693281,4.05808,4.05808,2.76829,3.86683,6.70148
97.81557757,4.67313,4.67313,3.43668,4.48579,6.48518
97.82218358,5.11395,5.11395,3.93369,4.93063,6.2951
97.82683082,5.4059,5.4059,4.27343,5.22563,6.14881
97.82887336,5.52901,5.52901,4.41969,5.35011,6.08127
97.83050758,5.62507,5.62507,4.53515,5.44726,6.02525
97.83203949,5.7131,5.7131,4.64198,5.53631,5.97275
97.83357358,5.79932,5.79932,4.74752,5.62355,5.91792
97.83526893,5.89238,5.89238,4.86234,5.71774,5.85733
97.83686206,5.97774,5.97774,4.96842,5.80414,5.79867
97.83868576,6.073,6.073,5.08755,5.90062,5.73013
97.84137743,6.20892,6.20892,5.25857,6.03835,5.62629
97.84326792,6.30109,6.30109,5.37512,6.13182,5.55146
97.84508572,6.38719,6.38719,5.48432,6.2192,5.47806
97.84634026,6.44519,6.44519,5.55805,6.2781,5.42658
97.84864054,6.54855,6.54855,5.68989,6.38315,5.33047
97.8532411,6.74379,6.74379,5.94096,6.58196,5.13166
97.8624422,7.08918,7.08918,6.39521,6.93528,4.70871
97.8726642,7.40353,7.40353,6.828,7.25971,4.20116
97.88617543,7.70905,7.70905,7.28797,7.58051,3.47408
97.90038875,7.89796,7.89796,7.63724,7.7877,2.64658
97.92529443,7.9139,7.9139,7.92681,7.83987,1.06834
97.94829202,7.58959,7.58959,7.84316,7.552,-0.502452
97.95901622,7.33138,7.33138,7.6924,7.31134,-1.2623
97.96984784,7.00538,7.00538,7.47118,7.00303,-2.03558
97.97275224,6.90705,6.90705,7.40026,6.90941,-2.24292
97.97563599,6.805,6.805,7.32514,6.81202,-2.44836
97.98140349,6.58812,6.58812,7.16113,6.60434,-2.85572
97.99293849,6.10534,6.10534,6.78001,6.13929,-3.64491
98.00490414,5.53902,5.53902,6.31307,5.5901,-4.40709
98.01096133,5.22792,5.22792,6.04984,5.28716,-4.76489
98.01550783,4.98413,4.98413,5.84085,5.04929,-5.01811
98.01759792,4.86917,4.86917,5.74156,4.93701,-5.12973
98.01951608,4.76211,4.76211,5.6487,4.8324,-5.22937
98.02151276,4.64912,4.64912,5.55029,4.72194,-5.33024
98.02366489,4.5256,4.5256,5.44228,4.60114,-5.43574
98.02796914,4.2733,4.2733,5.22029,4.35426,-5.63702
98.03657764,3.74866,3.74866,4.75344,3.84044,-6.00229
98.04789989,3.02085,3.02085,4.09575,3.12679,-6.40976
98.06070506,2.15115,2.15115,3.29703,2.2729,-6.77363
98.07690823,0.990183,0.990183,2.2128,1.13145,-7.09023
98.10468814,-1.11233,-1.11233,0.204143,-0.940881,-7.27279
98.11437225,-1.86873,-1.86873,-0.534363,-1.68945,-7.23158
98.11955432,-2.27557,-2.27557,-0.93615,-2.09325,-7.18779
98.12132253,-2.4144,-2.4144,-1.07417,-2.23104,-7.16943
98.12295392,-2.54248,-2.54248,-1.20187,-2.35816,-7.15097
98.12621672,-2.79775,-2.79775,-1.45809,-2.6124,-7.10972
98.12873496,-2.99383,-2.99383,-1.65649,-2.80786,-7.07397
98.13173292,-3.22588,-3.22588,-1.89329,-3.03948,-7.02701
98.1324778,-3.28319,-3.28319,-1.95213,-3.09676,-7.01443
98.13338308,-3.35284,-3.35284,-2.02373,-3.16637,-6.99913
98.13551919,-3.51621,-3.51621,-2.19269,-3.32979,-6.96092
98.13721538,-3.64503,-3.64503,-2.32685,-3.45878,-6.92889
98.14032741,-3.87895,-3.87895,-2.57262,-3.6933,-6.86625
98.14655147,-4.33511,-4.33511,-3.06087,-4.1516,-6.72623
98.15899959,-5.18081,-5.18081,-4.00665,-5.00363,-6.38907
98.16360812,-5.46762,-5.46762,-4.34289,-5.29315,-6.2453
98.16629974,-5.62772,-5.62772,-4.53475,-5.45487,-6.1567
98.16886435,-5.7749,-5.7749,-4.71377,-5.60359,-6.06918
98.17126318,-5.90782,-5.90782,-4.87745,-5.73796,-5.9846
98.17350038,-6.0277,-6.0277,-5.02651,-5.85921,-5.9034
98.17625818,-6.17019,-6.17019,-5.20504,-6.00339,-5.80026
98.17831054,-6.27247,-6.27247,-5.33395,-6.10698,-5.72134
98.17972652,-6.34121,-6.34121,-5.42084,-6.17663,-5.66555
98.18062021,-6.38344,-6.38344,-5.47434,-6.21945,-5.63035
98.18183468,-6.44082,-6.44082,-5.54705,-6.27764,-5.58158
98.18426361,-6.55157,-6.55157,-5.68794,-6.39007,-5.4822
98.18884893,-6.74913,-6.74913,-5.94122,-6.59097,-5.28791
98.19801956,-7.0998,-7.0998,-6.40055,-6.94914,-4.87416
98.20823463,-7.42172,-7.42172,-6.84103,-7.28071,-4.37567
98.22162215,-7.73598,-7.73598,-7.30858,-7.60959,-3.66682
98.23554133,-7.93564,-7.93564,-7.66563,-7.82664,-2.86905
98.26337969,-7.96225,-7.96225,-7.99809,-7.89314,-1.12168
98.28884872,-7.57429,-7.57429,-7.87464,-7.54528,0.612415
98.29974473,-7.2929,-7.2929,-7.701,-7.28161,1.3821
98.30832159,-7.02533,-7.02533,-7.51553,-7.02797,1.99195
98.31077683,-6.94143,-6.94143,-7.45466,-6.94803,2.16653
98.31320967,-6.85518,-6.85518,-7.39101,-6.86569,2.33922
98.31807535,-6.67366,-6.67366,-7.25401,-6.69192,2.68241
98.32780671,-6.27581,-6.27581,-6.94229,-6.30914,3.35336
98.33603355,-5.90459,-5.90459,-6.64073,-5.95007,3.89719
98.34610717,-5.40886,-5.40886,-6.22616,-5.4683,4.52024
98.35169982,-5.11481,-5.11481,-5.97515,-5.18158,4.84127
98.35518037,-4.92528,-4.92528,-5.81165,-4.99649,5.0306
98.35690118,-4.82977,-4.82977,-5.72879,-4.90314,5.12103
98.35852322,-4.73867,-4.73867,-5.64949,-4.81407,5.20426
98.36095248,-4.60034,-4.60034,-5.52858,-4.67876,5.32529
98.36319084,-4.4709,-4.4709,-5.41494,-4.5521,5.43302
98.36766755,-4.20648,-4.20648,-5.18135,-4.29321,5.63792
98.37607616,-3.69085,-3.69085,-4.72083,-3.78793,5.98627
98.38885719,-2.86348,-2.86348,-3.97006,-2.97618,6.42797
98.40099964,-2.03353,-2.03353,-3.20468,-2.16086,6.75213
98.41895676,-0.740924,-0.740924,-1.99233,-0.889213,7.06582
98.44536725,1.25895,1.25895,-0.0730061,1.08384,7.18099
98.45439906,1.96097,1.96097,0.615249,1.77928,7.12772
98.45689452,2.15593,2.15593,0.807921,1.97285,7.1048
98.45891806,2.31402,2.31402,0.964827,2.12982,7.08366
98.46088396,2.46744,2.46744,1.11773,2.28232,7.06096
98.46481575,2.7732,2.7732,1.42471,2.58675,7.00926
98.46776649,3.00134,3.00134,1.65595,2.81431,6.96498
98.47080748,3.2349,3.2349,1.89492,3.04762,6.91448
98.47244841,3.36014,3.36014,2.02388,3.17289,6.88518
98.47459051,3.52261,3.52261,2.19235,3.33557,6.84482
98.47629227,3.65076,3.65076,2.3262,3.464,6.81104
98.47941416,3.88335,3.88335,2.57128,3.6974,6.74518
98.48565794,4.33655,4.33655,3.05796,4.15321,6.59859
98.4981455,5.1751,5.1751,3.99972,4.99914,6.24789
98.50276574,5.45866,5.45866,4.33395,5.28583,6.09908
98.50547848,5.6176,5.6176,4.52555,5.44664,6.00701
98.50806541,5.76369,5.76369,4.70438,5.59452,5.91606
98.51046175,5.89423,5.89423,4.86623,5.72671,5.82909
98.51275002,6.01466,6.01466,5.01703,5.84871,5.74365
98.51567921,6.16291,6.16291,5.20421,5.99901,5.6309
98.51768053,6.26044,6.26044,5.32812,6.09797,5.5517
98.5192307,6.33392,6.33392,5.42177,6.17257,5.48917
98.52013168,6.37532,6.37532,5.47527,6.21464,5.45208
98.52161766,6.4436,6.4436,5.56201,6.28403,5.39089
98.52449821,6.57044,6.57044,5.72503,6.41309,5.26909
98.53001528,6.79677,6.79677,6.01913,6.64393,5.02632
98.53986234,7.14739,7.14739,6.48777,7.00354,4.56326
98.55031009,7.44584,7.44584,6.90909,7.31282,4.03247
98.56405601,7.72526,7.72526,7.34807,7.60843,3.27722
98.5796798,7.89001,7.89001,7.69145,7.79396,2.34847
98.6109274,7.75606,7.75606,7.90118,7.70668,0.314805
98.62832696,7.42512,7.42512,7.75138,7.40353,-0.89723
98.63618697,7.21784,7.21784,7.62308,7.20899,-1.45758
98.63878497,7.14162,7.14162,7.57253,7.13699,-1.6441
98.64063361,7.08511,7.08511,7.53416,7.08348,-1.77682
98.64248072,7.02681,7.02681,7.49385,7.02816,-1.90944
98.64617494,6.90477,6.90477,7.40741,6.91206,-2.1744
98.65356339,6.63946,6.63946,7.21173,6.65846,-2.70014
98.66834028,6.02813,6.02813,6.73284,6.06945,-3.71211
98.67940557,5.50344,5.50344,6.30104,5.5602,-4.41498
98.68543395,5.19455,5.19455,6.0404,5.25924,-4.77168
98.68995218,4.95289,4.95289,5.83377,5.02331,-5.02393
98.69205175,4.8377,4.8377,5.73453,4.91075,-5.13635
98.69396126,4.7314,4.7314,5.64254,4.80682,-5.23581
98.69594287,4.61957,4.61957,5.54537,4.69743,-5.3362
98.69811711,4.4951,4.4951,5.43676,4.57564,-5.44308
98.70246561,4.24082,4.24082,5.21347,4.32669,-5.64691
98.71116261,3.71185,3.71185,4.74354,3.80835,-6.01645
98.72242573,2.98927,2.98927,4.09142,3.09945,-6.42226
98.73529942,2.11667,2.11667,3.29084,2.2423,-6.7885
98.7513491,0.969215,0.969215,2.21999,1.11359,-7.10289
98.77937009,-1.14654,-1.14654,0.198982,-0.972918,-7.28741
98.78890312,-1.88927,-1.88927,-0.526482,-1.70838,-7.24662
98.7939112,-2.28139,-2.28139,-0.913882,-2.09787,-7.20462
98.79563783,-2.41658,-2.41658,-1.04833,-2.23215,-7.18689
98.79722559,-2.5409,-2.5409,-1.1723,-2.35563,-7.16915
98.80040113,-2.78869,-2.78869,-1.42105,-2.60239,-7.12956
98.80302714,-2.99262,-2.99262,-1.62745,-2.80576,-7.09272
98.80604327,-3.22543,-3.22543,-1.86516,-3.03827,-7.04587
98.80675212,-3.27981,-3.27981,-1.92103,-3.09258,-7.03398
98.80767759,-3.35082,-3.35082,-1.99409,-3.16349,-7.01846
98.80864857,-3.42488,-3.42488,-2.07073,-3.23789,-7.00125
98.80971475,-3.50621,-3.50621,-2.1549,-3.31899,-6.98234
98.81115189,-3.61514,-3.61514,-2.26835,-3.4283,-6.95555
98.81365231,-3.80314,-3.80314,-2.46556,-3.61681,-6.9064
98.81865315,-4.17208,-4.17208,-2.85839,-3.98745,-6.79849
98.82865483,-4.87183,-4.87183,-3.629,-4.69244,-6.54527
98.83072847,-5.00868,-5.00868,-3.78514,-4.83067,-6.48553
98.83487575,-5.2747,-5.2747,-4.09319,-5.09947,-6.36114
98.83672265,-5.38932,-5.38932,-4.22817,-5.21532,-6.30296
98.83781757,-5.45575,-5.45575,-4.3073,-5.28247,-6.26847
98.83845172,-5.49423,-5.49423,-4.35313,-5.32136,-6.24774
98.84006692,-5.58999,-5.58999,-4.46846,-5.41817,-6.19495
98.84097619,-5.64293,-5.64293,-4.53274,-5.47171,-6.16419
98.84279473,-5.74678,-5.74678,-4.65981,-5.57674,-6.10267
98.84465718,-5.85036,-5.85036,-4.78778,-5.68153,-6.03772
98.846536,-5.95206,-5.95206,-4.91451,-5.78446,-5.97062
98.84878705,-6.07029,-6.07029,-5.06298,-5.90417,-5.88815
98.85109516,-6.18751,-6.18751,-5.21115,-6.02293,-5.80126
98.85288656,-6.27573,-6.27573,-5.32317,-6.11237,-5.73198
98.85349627,-6.30501,-6.30501,-5.36046,-6.14208,-5.7084
98.85437452,-6.34719,-6.34719,-5.41417,-6.18487,-5.67366
98.85518126,-6.38482,-6.38482,-5.46222,-6.22308,-5.64175
98.85666638,-6.4541,-6.4541,-5.55067,-6.29341,-5.58201
98.85925516,-6.57029,-6.57029,-5.69971,-6.41152,-5.47564
98.86443271,-6.78834,-6.78834,-5.98205,-6.63364,-5.25459
98.87478781,-7.16811,-7.16811,-6.48711,-7.02258,-4.78065
98.88473262,-7.46316,-7.46316,-6.90013,-7.32772,-4.28749
98.89956739,-7.7789,-7.7789,-7.38952,-7.66071,-3.48848
98.9134925,-7.94231,-7.94231,-7.71368,-7.84252,-2.67587
98.94134271,-7.89983,-7.89983,-7.98266,-7.84142,-0.90388
98.97028623,-7.36639,-7.36639,-7.75209,-7.35423,1.07797
98.98030961,-7.07006,-7.07006,-7.55483,-7.07421,1.78457
98.98422217,-6.9394,-6.9394,-7.46194,-6.94991,2.06134
98.98791098,-6.80884,-6.80884,-7.36646,-6.82531,2.32161
98.99528861,-6.52715,-6.52715,-7.15329,-6.55531,2.83643
99.00573217,-6.08343,-6.08343,-6.80261,-6.12751,3.54199
99.01629286,-5.58383,-5.58383,-6.39211,-5.64298,4.21291
99.02316092,-5.23267,-5.23267,-6.09611,-5.301,4.61914
99.02734202,-5.00915,-5.00915,-5.90507,-5.08287,4.85246
99.02949411,-4.89132,-4.89132,-5.80304,-4.96774,4.96794
99.03067391,-4.82567,-4.82567,-5.74711,-4.90357,5.02935
99.0317888,-4.76364,-4.76364,-5.6928,-4.84292,5.08738
99.03321018,-4.68311,-4.68311,-5.62355,-4.76415,5.15939
99.03472831,-4.59709,-4.59709,-5.54826,-4.68001,5.23466
99.03776457,-4.42163,-4.42163,-5.39471,-4.50829,5.3802
99.04383709,-4.06065,-4.06065,-5.07611,-4.15473,5.65206
99.05399297,-3.42871,-3.42871,-4.51067,-3.53514,6.052
99.06508525,-2.70133,-2.70133,-3.84952,-2.82112,6.4132
99.07919066,-1.72702,-1.72702,-2.94943,-1.86344,6.7618
99.09629475,-0.483792,-0.483792,-1.78073,-0.639638,7.02235
99.11369711,0.834754,0.834754,-0.519525,0.660549,7.10994
99.12334535,1.58267,1.58267,0.206328,1.39997,7.08302
99.12793466,1.94127,1.94127,0.557335,1.75503,7.05164
99.12953984,2.0667,2.0667,0.680896,1.87969,7.03761
99.13013807,2.11344,2.11344,0.727078,1.92615,7.03237
99.13104699,2.18453,2.18453,0.797246,1.99674,7.02336
99.13218543,2.27356,2.27356,0.885324,2.08515,7.01206
99.13376632,2.39719,2.39719,1.00789,2.20792,6.99481
99.13636583,2.59999,2.59999,1.21004,2.40969,6.96348
99.14041552,2.91443,2.91443,1.52623,2.72309,6.90741
99.14272162,3.09244,3.09244,1.70705,2.9008,6.87156
99.14555294,3.30963,3.30963,1.92906,3.11795,6.82368
99.14727198,3.44064,3.44064,2.06409,3.2491,6.79255
99.1497769,3.63014,3.63014,2.26086,3.43902,6.74443
99.1520855,3.80308,3.80308,2.44204,3.61257,6.69721
99.15670269,4.143,4.143,2.80305,3.95431,6.59461
99.16593708,4.7912,4.7912,3.51309,4.60806,6.35755
99.16824568,4.94443,4.94443,3.6868,4.76307,6.29041
99.17286288,5.24157,5.24157,4.02915,5.06387,6.15006
99.1752393,5.38875,5.38875,4.2021,5.21295,6.0743
99.17716684,5.50491,5.50491,4.3405,5.33064,6.0107
99.17783024,5.54393,5.54393,4.38754,5.37019,5.98881
99.17872023,5.59628,5.59628,4.45064,5.42324,5.95854
99.17967143,5.65122,5.65122,4.51742,5.47893,5.92619
99.18151976,5.7558,5.7558,4.64561,5.58496,5.86155
99.1820013,5.78239,5.78239,4.6785,5.61193,5.84471
99.18296436,5.83556,5.83556,4.7443,5.66586,5.81012
99.1838765,5.88466,5.88466,4.80555,5.71566,5.77736
99.18503678,5.94712,5.94712,4.88346,5.77902,5.73463
99.18612868,6.00453,6.00453,4.95556,5.83728,5.69441
99.18831248,6.11659,6.11659,5.09707,5.95104,5.61184
99.18998438,6.19931,6.19931,5.20287,6.03509,5.54688
99.19093661,6.24643,6.24643,5.26189,6.08296,5.50987
99.19145502,6.27127,6.27127,5.29403,6.10822,5.48927
99.1924447,6.3187,6.3187,5.35435,6.15644,5.44992
99.19413255,6.39759,6.39759,5.45528,6.2367,5.38168
99.19564599,6.46654,6.46654,5.54375,6.30691,5.31946
99.19845349,6.59004,6.59004,5.7029,6.43281,5.20151
99.20396064,6.81588,6.81588,5.99715,6.6636,4.96079
99.21382854,7.16704,7.16704,6.46792,7.02454,4.49976
99.22430511,7.46585,7.46585,6.89139,7.33502,3.97076
99.23794153,7.74273,7.74273,7.32855,7.62897,3.22614
99.25338213,7.90652,7.90652,7.67135,7.81438,2.31436
99.28426332,7.78062,7.78062,7.89079,7.73657,0.318563
99.30161713,7.45579,7.45579,7.75022,7.44047,-0.882114
99.30946679,7.25112,7.25112,7.62612,7.24896,-1.43818
99.31202267,7.17691,7.17691,7.57773,7.17904,-1.62058
99.31376977,7.1241,7.1241,7.54245,7.12916,-1.74526
99.31547602,7.07092,7.07092,7.50629,7.07884,-1.86702
99.31888853,6.95991,6.95991,7.42898,6.9735,-2.11044
99.32571354,6.71963,6.71963,7.25478,6.74443,-2.59422
99.33936357,6.16937,6.16937,6.83098,6.21567,-3.53194
99.34912754,5.72125,5.72125,6.4684,5.78195,-4.16417
99.35852433,5.24952,5.24952,6.07491,5.3232,-4.72763
99.3632238,4.99929,4.99929,5.86224,5.07916,-4.98943
99.36569486,4.86402,4.86402,5.74629,4.94707,-5.12109
99.36798463,4.73646,4.73646,5.63638,4.82244,-5.23917
99.37006659,4.61868,4.61868,5.5344,4.70731,-5.34322
99.37237985,4.48583,4.48583,5.41888,4.57739,-5.45519
99.37700639,4.21411,4.21411,5.18095,4.3115,-5.66798
99.38561825,3.68788,3.68788,4.71468,3.79608,-6.02603
99.39739234,2.92863,2.92863,4.03095,3.05146,-6.43836
99.41018506,2.05684,2.05684,3.23255,2.19529,-6.78812
99.42729711,0.826309,0.826309,2.08552,0.984932,-7.10014
99.45486217,-1.26415,-1.26415,0.0892399,-1.07758,-7.24164
99.46396847,-1.9748,-1.9748,-0.604996,-1.78181,-7.19238
99.46665971,-2.18598,-2.18598,-0.81305,-1.99161,-7.16884
99.46879522,-2.35355,-2.35355,-0.978932,-2.15808,-7.14731
99.4708674,-2.51598,-2.51598,-1.14044,-2.31961,-7.12403
99.47501177,-2.83956,-2.83956,-1.46481,-2.64205,-7.07052
99.47777682,-3.05417,-3.05417,-1.68207,-2.85629,-7.02971
99.48086005,-3.29187,-3.29187,-1.92497,-3.09395,-6.97943
99.48166248,-3.35333,-3.35333,-1.98818,-3.15548,-6.96533
99.48255377,-3.42159,-3.42159,-2.05848,-3.22383,-6.94967
99.48513629,-3.61795,-3.61795,-2.26217,-3.42064,-6.90143
99.48756255,-3.80057,-3.80057,-2.45338,-3.60394,-6.85297
99.49241505,-4.15921,-4.15921,-2.83434,-3.96459,-6.74705
99.50212006,-4.84105,-4.84105,-3.58261,-4.6524,-6.50015
99.5042799,-4.98436,-4.98436,-3.74549,-4.79739,-6.43776
99.50859958,-5.26274,-5.26274,-4.06672,-5.07919,-6.30719
99.50912693,-5.29565,-5.29565,-4.10534,-5.11253,-6.29124
99.51018163,-5.36148,-5.36148,-4.18258,-5.17921,-6.25772
99.51160128,-5.44852,-5.44852,-4.28551,-5.26737,-6.21261
99.51194179,-5.46899,-5.46899,-4.31019,-5.28811,-6.20148
99.51303245,-5.53456,-5.53456,-4.38827,-5.35454,-6.16586
99.51374699,-5.5766,-5.5766,-4.43942,-5.39713,-6.14201
99.51467482,-5.63118,-5.63118,-4.50514,-5.45244,-6.11105
99.51648045,-5.73481,-5.73481,-4.63158,-5.55749,-6.04938
99.51840388,-5.8423,-5.8423,-4.76403,-5.66646,-5.98206
99.52060463,-5.96168,-5.96168,-4.91252,-5.78755,-5.903
99.52268164,-6.07088,-6.07088,-5.04948,-5.89837,-5.82641
99.52485772,-6.18176,-6.18176,-5.18941,-6.01096,-5.7436
99.52600746,-6.23863,-6.23863,-5.26152,-6.06875,-5.69984
99.52664064,-6.26995,-6.26995,-5.30123,-6.10057,-5.67506
99.52767406,-6.31999,-6.31999,-5.36482,-6.15144,-5.63461
99.52951765,-6.4073,-6.4073,-5.47601,-6.24027,-5.56107
99.53110507,-6.48049,-6.48049,-5.56948,-6.31479,-5.4966
99.53427991,-6.62144,-6.62144,-5.75032,-6.45849,-5.3645
99.5401522,-6.86327,-6.86327,-6.06426,-6.7057,-5.10935
99.54989224,-7.21124,-7.21124,-6.52903,-7.06355,-4.65645
99.56057957,-7.5179,-7.5179,-6.96164,-7.38242,-4.11918
99.5741312,-7.79565,-7.79565,-7.39723,-7.67759,-3.38213
99.59079622,-7.97075,-7.97075,-7.7636,-7.87673,-2.39957
99.62109365,-7.8415,-7.8415,-7.9693,-7.79621,-0.443338
99.63919252,-7.50108,-7.50108,-7.81849,-7.48672,0.80702
99.64750957,-7.28124,-7.28124,-7.68264,-7.28129,1.39581
99.64970136,-7.2168,-7.2168,-7.63999,-7.22066,1.55219
99.65222594,-7.13933,-7.13933,-7.5874,-7.14756,1.7323
99.65469237,-7.06037,-7.06037,-7.53252,-7.07285,1.90836
99.65962522,-6.8929,-6.8929,-7.41254,-6.91383,2.25955
99.66949093,-6.52107,-6.52107,-7.13278,-6.55849,2.95206
99.67928597,-6.10512,-6.10512,-6.80423,-6.15822,3.61636
99.68944052,-5.62721,-5.62721,-6.41245,-5.69562,4.26623
99.69642874,-5.27195,-5.27195,-6.11371,-5.35025,4.68314
99.70060217,-5.04993,-5.04993,-5.92434,-5.1339,4.91796
99.70277663,-4.93141,-4.93141,-5.82192,-5.01827,5.03562
99.70395402,-4.86618,-4.86618,-5.76647,-4.9546,5.09741
99.70506332,-4.80473,-4.80473,-5.71278,-4.8946,5.15563
99.70642815,-4.72775,-4.72775,-5.64672,-4.81941,5.22538
99.70788956,-4.64533,-4.64533,-5.57473,-4.7389,5.29853
99.71081239,-4.47729,-4.47729,-5.42799,-4.57466,5.44017
99.71665804,-4.13181,-4.13181,-5.12379,-4.23672,5.70547
99.7268023,-3.50423,-3.50423,-4.56361,-3.62213,6.11153
99.73769975,-2.79346,-2.79346,-3.91906,-2.92513,6.47362
99.75178376,-1.82527,-1.82527,-3.02669,-1.97435,6.83123
99.76829325,-0.630499,-0.630499,-1.9063,-0.799191,7.09588
99.78722037,0.800018,0.800018,-0.540598,0.610534,7.19989
99.79740914,1.58955,1.58955,0.225067,1.39089,7.1696
99.80223994,1.96702,1.96702,0.594482,1.76463,7.13454
99.80393808,2.09971,2.09971,0.725218,1.89651,7.1188
99.8045349,2.14634,2.14634,0.7713,1.94286,7.11327
99.80541257,2.21496,2.21496,0.839068,2.01102,7.10407
99.80661549,2.309,2.309,0.932152,2.10444,7.09146
99.80846935,2.45394,2.45394,1.07594,2.24841,7.07002
99.8116678,2.70316,2.70316,1.32487,2.49652,7.02864
99.81475834,2.94281,2.94281,1.56629,2.73551,6.9834
99.81710349,3.12368,3.12368,1.75009,2.91588,6.94565
99.81881153,3.25467,3.25467,1.88396,3.04725,6.91605
99.81938989,3.29902,3.29902,1.92929,3.09143,6.90603
99.82119081,3.43632,3.43632,2.07067,3.229,6.87287
99.82366553,3.62357,3.62357,2.26495,3.41674,6.82455
99.82601683,3.79975,3.79975,2.44936,3.59361,6.77568
99.83071945,4.14591,4.14591,2.81677,3.94184,6.66946
99.84012468,4.80526,4.80526,3.53893,4.60742,6.42388
99.84242304,4.95748,4.95748,3.71152,4.76158,6.35592
99.84701976,5.25261,5.25261,4.05162,5.06073,6.21397
99.84930996,5.39417,5.39417,4.21794,5.20433,6.13989
99.85121206,5.50865,5.50865,4.35426,5.3205,6.07629
99.85188139,5.54796,5.54796,4.40162,5.3604,6.05391
99.85281621,5.60285,5.60285,4.46776,5.41612,6.02169
99.85380999,5.66012,5.66012,4.53734,5.47427,5.98743
99.85556932,5.7595,5.7595,4.65906,5.57519,5.9253
99.85744472,5.86266,5.86266,4.78663,5.67997,5.85754
99.8594243,5.9685,5.9685,4.91869,5.78752,5.78429
99.8615846,6.08049,6.08049,5.05954,5.90139,5.70237
99.86381788,6.19251,6.19251,5.20132,6.01534,5.61498
99.86494187,6.24718,6.24718,5.27086,6.07101,5.571
99.86556245,6.27737,6.27737,5.30926,6.10175,5.54601
99.86685912,6.33897,6.33897,5.38781,6.16451,5.49379
99.86881296,6.42945,6.42945,5.50348,6.25675,5.41348
99.87105154,6.52969,6.52969,5.63211,6.35906,5.31949
99.87514297,6.70354,6.70354,5.85686,6.53683,5.14236
99.88332584,7.01557,7.01557,6.26822,6.8573,4.76797
99.89387274,7.34873,7.34873,6.72666,7.20254,4.24781
99.9060998,7.63932,7.63932,7.16043,7.50878,3.59537
99.92001811,7.84749,7.84749,7.52968,7.73675,2.79397
99.94285536,7.91577,7.91577,7.85647,7.84113,1.36458
99.96704603,7.63539,7.63539,7.83818,7.60204,-0.271854
99.98084374,7.32008,7.32008,7.66551,7.31096,-1.24541
99.98777703,7.12067,7.12067,7.53561,7.12374,-1.74089
99.9902168,7.04414,7.04414,7.48316,7.05149,-1.9157
99.99247539,6.97042,6.97042,7.43155,6.98172,-2.07753
99.99699257,6.81494,6.81494,7.31972,6.83407,-2.40002
100,6.70554,6.70554,7.23895,6.72983,-2.61353
