"TIME","SIN1","SIN2","SIN3","SIN4","SIN5"
90,-7.73394,-7.73394,-7.14078,-7.5907,-3.21882
90.00156181,-7.74762,-7.74762,-7.17758,-7.60787,-3.12805
90.00468544,-7.77127,-7.77127,-7.24748,-7.63851,-2.94478
90.0109327,-7.80084,-7.80084,-7.36946,-7.68213,-2.57031
90.02107729,-7.79772,-7.79772,-7.51579,-7.7019,-1.94049
90.04136647,-7.60698,-7.60698,-7.61932,-7.55679,-0.611635
90.05746271,-7.28757,-7.28757,-7.52697,-7.27299,0.49648
90.06637375,-7.04914,-7.04914,-7.41123,-7.05393,1.12558
90.07125914,-6.9004,-6.9004,-7.32868,-6.91568,1.47365
90.07445315,-6.79641,-6.79641,-7.26753,-6.81848,1.70199
90.07697767,-6.71054,-6.71054,-7.21526,-6.73796,1.88247
90.08202672,-6.52934,-6.52934,-7.10048,-6.56735,2.24261
90.0921248,-6.13029,-6.13029,-6.83106,-6.18916,2.95285
90.11232098,-5.19654,-5.19654,-6.14202,-5.29629,4.27227
90.12527771,-4.50881,-4.50881,-5.60022,-4.63459,5.00879
90.13155534,-4.15218,-4.15218,-5.31099,-4.2906,5.32865
90.13726288,-3.81562,-3.81562,-5.03373,-3.96559,5.59654
90.14309468,-3.46036,-3.46036,-4.73702,-3.62216,5.84755
90.15051637,-2.99269,-2.99269,-4.34078,-3.16958,6.1345
90.16396695,-2.10514,-2.10514,-3.57352,-2.3093,6.56471
90.17703848,-1.19898,-1.19898,-2.77244,-1.42918,6.87438
90.1979569,0.321147,0.321147,-1.39445,0.0512707,7.15419
90.21040553,1.25704,1.25704,-0.525767,0.96621,7.19731
90.21596127,1.67987,1.67987,-0.12774,1.38093,7.18735
90.21779602,1.82004,1.82004,0.00499199,1.51871,7.17964
90.21875067,1.89298,1.89298,0.0742873,1.5904,7.17563
90.21960288,1.95808,1.95808,0.136272,1.65439,7.17092
90.22061577,2.03547,2.03547,0.210091,1.73062,7.16532
90.22173842,2.12123,2.12123,0.29209,1.81511,7.15778
90.22297307,2.21544,2.21544,0.382484,1.90803,7.14949
90.22486637,2.3599,2.3599,0.521519,2.05053,7.13453
90.22830565,2.62138,2.62138,0.77529,2.30913,7.10226
90.23415313,3.06201,3.06201,1.2098,2.74652,7.03251
90.2370507,3.27799,3.27799,1.42632,2.96171,6.99106
90.24072476,3.54887,3.54887,1.70173,3.23241,6.93201
90.2415837,3.61152,3.61152,1.76612,3.29518,6.91694
90.24257361,3.68372,3.68372,1.84042,3.36753,6.89957
90.24404148,3.78996,3.78996,1.9506,3.47415,6.87254
90.24637116,3.95691,3.95691,2.12547,3.64202,6.82732
90.25094758,4.27801,4.27801,2.46799,3.9661,6.73031
90.26010041,4.8855,4.8855,3.14366,4.5841,6.50457
90.26209033,5.00972,5.00972,3.2881,4.71154,6.44895
90.26607017,5.25092,5.25092,3.57397,4.95981,6.33312
90.2684647,5.39064,5.39064,3.74362,5.10423,6.26015
90.26996506,5.47586,5.47586,3.84872,5.19253,6.21294
90.27034163,5.49686,5.49686,3.8751,5.2143,6.20109
90.27101975,5.53467,5.53467,3.92213,5.25351,6.17922
90.27177561,5.57598,5.57598,3.97455,5.29639,6.15485
90.27269294,5.62612,5.62612,4.03728,5.34842,6.12439
90.27445588,5.72007,5.72007,4.15785,5.44599,6.06585
90.27759165,5.88126,5.88126,4.36754,5.61361,5.95751
90.28377643,6.17773,6.17773,4.76345,5.92275,5.73086
90.2881458,6.37044,6.37044,5.02724,6.12444,5.56053
90.29009009,6.4518,6.4518,5.14006,6.20982,5.48206
90.29160486,6.51335,6.51335,5.22592,6.2745,5.41936
90.29299773,6.56853,6.56853,5.30327,6.33258,5.3617
90.29446193,6.62509,6.62509,5.38293,6.39218,5.29974
90.29739034,6.73379,6.73379,5.53733,6.50699,5.17316
90.30324716,6.93362,6.93362,5.82717,6.71915,4.9096
90.31320886,7.22035,7.22035,6.26475,7.02716,4.43082
90.32399909,7.45632,7.45632,6.66281,7.28661,3.87135
90.33792914,7.64833,7.64833,7.06341,7.50948,3.09152
90.35446745,7.71563,7.71563,7.3771,7.61394,2.09097
90.38576962,7.39286,7.39286,7.50937,7.36111,0.0255489
90.40156105,7.01653,7.01653,7.3543,7.0193,-1.08118
90.40880323,6.79807,6.79807,7.23494,6.81642,-1.598
90.4114003,6.71291,6.71291,7.1849,6.73679,-1.78418
90.41382158,6.63037,6.63037,7.13489,6.65938,-1.95776
90.41866415,6.45646,6.45646,7.02535,6.49568,-2.30405
90.42834928,6.0746,6.0746,6.76922,6.13391,-2.98685
90.44771954,5.18428,5.18428,6.11698,5.28305,-4.25906
90.46019204,4.52752,4.52752,5.60328,4.65153,-4.97742
90.46572495,4.21636,4.21636,5.35287,4.35159,-5.2659
90.47106095,3.90553,3.90553,5.09895,4.05162,-5.52467
90.47747456,3.51882,3.51882,4.77836,3.67801,-5.81028
90.48341644,3.14842,3.14842,4.46695,3.3198,-6.05061
90.49355853,2.49143,2.49143,3.90535,2.68359,-6.40857
90.50427364,1.76641,1.76641,3.27362,1.98033,-6.7167
90.52252509,0.470352,0.470352,2.11773,0.720285,-7.08001
90.54179762,-0.962333,-0.962333,0.80476,-0.677501,-7.24837
90.54991647,-1.58032,-1.58032,0.226502,-1.28304,-7.25423
90.55420581,-1.90895,-1.90895,-0.0842669,-1.60581,-7.24203
90.55526896,-1.9904,-1.9904,-0.161823,-1.6861,-7.23716
90.55599664,-2.04616,-2.04616,-0.215018,-1.74106,-7.23383
90.55694727,-2.11905,-2.11905,-0.284639,-1.81286,-7.22836
90.55840334,-2.2307,-2.2307,-0.391546,-1.92292,-7.21997
90.56071906,-2.408,-2.408,-0.56221,-2.09796,-7.2036
90.56501306,-2.73539,-2.73539,-0.880581,-2.422,-7.16542
90.56921929,-3.05352,-3.05352,-1.19456,-2.73795,-7.11825
90.57223041,-3.27921,-3.27921,-1.42042,-2.96278,-7.07861
90.57574594,-3.53992,-3.53992,-1.68494,-3.22327,-7.02618
90.57761091,-3.67683,-3.67683,-1.82555,-3.3604,-6.99571
90.57897898,-3.77652,-3.77652,-1.92869,-3.46042,-6.97219
90.58111076,-3.9305,-3.9305,-2.08942,-3.61517,-6.93359
90.58516524,-4.21811,-4.21811,-2.39459,-3.90517,-6.85369
90.5932742,-4.76754,-4.76754,-2.99888,-4.46296,-6.66891
90.59943517,-5.15748,-5.15748,-3.44902,-4.86236,-6.50669
90.60265004,-5.35027,-5.35027,-3.67979,-5.06109,-6.41468
90.60432753,-5.44774,-5.44774,-3.79858,-5.16186,-6.36434
90.60519845,-5.49717,-5.49717,-3.86025,-5.21305,-6.33821
90.60602956,-5.54434,-5.54434,-3.91841,-5.2619,-6.31244
90.60684926,-5.58972,-5.58972,-3.97578,-5.30894,-6.28703
90.60782528,-5.64375,-5.64375,-4.04318,-5.36495,-6.25584
90.60928284,-5.72257,-5.72257,-4.14383,-5.44671,-6.20926
90.61219795,-5.8753,-5.8753,-4.34117,-5.60532,-6.1125
90.61750326,-6.13702,-6.13702,-4.68747,-5.87774,-5.92652
90.62157651,-6.3241,-6.3241,-4.94072,-6.07306,-5.77523
90.62383895,-6.42289,-6.42289,-5.07623,-6.17645,-5.68751
90.6249425,-6.46941,-6.46941,-5.14051,-6.22523,-5.64472
90.62587117,-6.50856,-6.50856,-5.1946,-6.26627,-5.60768
90.62677484,-6.54538,-6.54538,-5.24577,-6.30494,-5.57163
90.6278979,-6.59115,-6.59115,-5.30937,-6.35301,-5.52577
90.62939042,-6.65016,-6.65016,-5.39183,-6.41508,-5.46483
90.63237546,-6.7636,-6.7636,-5.55164,-6.53468,-5.33946
90.63834555,-6.97235,-6.97235,-5.85167,-6.75585,-5.0779
90.6482888,-7.26691,-7.26691,-6.29608,-7.07143,-4.61153
90.659196,-7.51466,-7.51466,-6.70697,-7.34268,-4.05826
90.67291526,-7.71627,-7.71627,-7.11329,-7.57443,-3.3055
90.68968912,-7.80037,-7.80037,-7.44659,-7.69595,-2.3087
90.72058393,-7.5135,-7.5135,-7.60828,-7.47777,-0.300718
90.73792163,-7.11366,-7.11366,-7.45098,-7.11564,0.901841
90.7457422,-6.87951,-6.87951,-7.32346,-6.89818,1.45635
90.74832752,-6.79495,-6.79495,-7.27373,-6.81908,1.64084
90.75016594,-6.73273,-6.73273,-7.23612,-6.76073,1.77204
90.75198711,-6.66941,-6.66941,-7.19706,-6.70123,1.902
90.75562945,-6.53785,-6.53785,-7.11361,-6.57725,2.16159
90.76291413,-6.25553,-6.25553,-6.92586,-6.30993,2.67657
90.77748348,-5.61818,-5.61818,-6.47028,-5.70196,3.66817
90.78890027,-5.0547,-5.0547,-6.04189,-5.16117,4.38802
90.79847874,-4.5414,-4.5414,-5.63655,-4.66683,4.93613
90.80243923,-4.31879,-4.31879,-5.45709,-4.45206,5.14563
90.80622652,-4.10053,-4.10053,-5.27925,-4.24133,5.33569
90.80916583,-3.92764,-3.92764,-5.13714,-4.0743,5.47617
90.81241727,-3.73294,-3.73294,-4.97589,-3.8861,5.62452
90.81892014,-3.33319,-3.33319,-4.64104,-3.4994,5.89971
90.82737101,-2.79426,-2.79426,-4.18244,-2.97746,6.21581
90.84197102,-1.81704,-1.81704,-3.33273,-2.02938,6.65495
90.85578857,-0.845264,-0.845264,-2.46795,-1.08456,6.94858
90.87885343,0.851899,0.851899,-0.916644,0.570874,7.18301
90.88794939,1.54035,1.54035,-0.272039,1.24561,7.18906
90.89288065,1.91628,1.91628,0.0841206,1.61498,7.17229
90.89418926,2.01604,2.01604,0.17937,1.7134,7.16523
90.89491778,2.07158,2.07158,0.23252,1.76819,7.1613
90.89580671,2.13935,2.13935,0.297482,1.83505,7.15536
90.897417,2.26211,2.26211,0.415454,1.95616,7.14461
90.90014736,2.46988,2.46988,0.616303,2.16151,7.12238
90.90555033,2.87839,2.87839,1.01644,2.56656,7.06627
90.90972262,3.19045,3.19045,1.32752,2.87721,7.01202
90.91306075,3.4374,3.4374,1.57751,3.12385,6.96183
90.91378018,3.49014,3.49014,1.63139,3.17665,6.95004
90.91479562,3.56458,3.56458,1.70761,3.25117,6.93339
90.91698132,3.72346,3.72346,1.87169,3.41054,6.89528
90.91854234,3.83591,3.83591,1.98886,3.52354,6.86652
90.92126309,4.02961,4.02961,2.19299,3.71863,6.81335
90.92670459,4.40677,4.40677,2.59957,4.10019,6.69556
90.93758758,5.10741,5.10741,3.396,4.81592,6.41547
90.94174521,5.35368,5.35368,3.69227,5.07003,6.29306
90.94414985,5.49017,5.49017,3.86099,5.21137,6.21844
90.94556053,5.56814,5.56814,3.95892,5.29224,6.17294
90.94690873,5.64119,5.64119,4.05169,5.36807,6.12945
90.94846449,5.7237,5.7237,4.15767,5.45379,6.07769
90.95119421,5.86397,5.86397,4.34057,5.59968,5.98418
90.95665365,6.12781,6.12781,4.69294,5.87477,5.78703
90.96080452,6.31387,6.31387,4.94747,6.06941,5.62825
90.9630409,6.409,6.409,5.07939,6.16918,5.53958
90.96530409,6.50168,6.50168,5.20893,6.26657,5.44763
90.96647276,6.54762,6.54762,5.27423,6.31496,5.39899
90.96772584,6.59689,6.59689,5.34303,6.36685,5.34684
90.97002015,6.68336,6.68336,5.46586,6.45813,5.24908
90.97460876,6.84549,6.84549,5.69966,6.62995,5.04711
90.98378599,7.12698,7.12698,6.12218,6.93104,4.61824
90.99401999,7.3744,7.3744,6.5252,7.20071,4.10279
91.00752733,7.59549,7.59549,6.95074,7.45168,3.36704
91.02164738,7.70097,7.70097,7.26911,7.58884,2.5369
91.04988748,7.54507,7.54507,7.53175,7.49638,0.725517
91.07570969,7.0005,7.0005,7.35438,7.00841,-1.05482
91.08503322,6.71338,6.71338,7.19523,6.74123,-1.71622
91.08862122,6.59056,6.59056,7.1209,6.62601,-1.97177
91.09200063,6.4689,6.4689,7.04445,6.51144,-2.21246
91.09875944,6.20879,6.20879,6.87333,6.26537,-2.6898
91.11227707,5.6249,5.6249,6.46109,5.70908,-3.61162
91.12310948,5.09889,5.09889,6.06609,5.20487,-4.30069
91.13218658,4.62071,4.62071,5.69287,4.74488,-4.82977
91.13604535,4.40749,4.40749,5.52289,4.53939,-5.03908
91.13846815,4.2707,4.2707,5.41282,4.40747,-5.16525
91.14077566,4.1384,4.1384,5.30564,4.27982,-5.28151
91.14300532,4.00874,4.00874,5.19995,4.15465,-5.39023
91.14746464,3.74419,3.74419,4.98243,3.89912,-5.59728
91.15638328,3.19528,3.19528,4.52385,3.36833,-5.97155
91.16692978,2.51458,2.51458,3.94328,2.70905,-6.34799
91.18045595,1.59699,1.59699,3.14305,1.81862,-6.72905
91.19581036,0.503741,0.503741,2.16718,0.755312,-7.02637
91.21182354,-0.68278,-0.68278,1.08377,-0.401833,-7.18683
91.22102701,-1.38092,-1.38092,0.43442,-1.08501,-7.21117
91.22546664,-1.72057,-1.72057,0.114958,-1.41829,-7.20546
91.22699501,-1.83784,-1.83784,0.00410863,-1.53359,-7.2005
91.22788268,-1.90595,-1.90595,-0.060464,-1.60055,-7.19762
91.22881888,-1.97778,-1.97778,-0.12871,-1.67117,-7.19343
91.22983364,-2.05564,-2.05564,-0.202843,-1.7479,-7.18889
91.23094928,-2.14125,-2.14125,-0.284535,-1.83225,-7.18254
91.23226132,-2.24179,-2.24179,-0.380853,-1.93145,-7.17506
91.23434561,-2.40151,-2.40151,-0.534385,-2.08903,-7.16058
91.23828735,-2.70233,-2.70233,-0.826363,-2.38673,-7.12664
91.24323333,-3.07663,-3.07663,-1.19534,-2.75846,-7.07209
91.24600003,-3.28402,-3.28402,-1.40283,-2.96512,-7.03581
91.24943147,-3.53868,-3.53868,-1.66097,-3.21958,-6.98514
91.25132592,-3.67786,-3.67786,-1.80379,-3.35901,-6.95449
91.25262487,-3.77261,-3.77261,-1.90172,-3.45407,-6.93175
91.25447905,-3.90681,-3.90681,-2.04151,-3.58894,-6.8993
91.2578626,-4.1481,-4.1481,-2.29637,-3.83209,-6.83435
91.2646297,-4.61378,-4.61378,-2.8028,-4.30402,-6.68699
91.2700645,-4.96852,-4.96852,-3.20406,-4.6662,-6.55206
91.27460789,-5.24969,-5.24969,-3.53397,-4.95517,-6.42815
91.27662591,-5.36969,-5.36969,-3.67856,-5.07907,-6.36934
91.27779904,-5.43768,-5.43768,-3.76174,-5.14945,-6.33515
91.27843941,-5.47479,-5.47479,-3.80715,-5.18786,-6.31577
91.27889455,-5.50054,-5.50054,-3.83942,-5.21456,-6.30199
91.27932718,-5.52502,-5.52502,-3.86973,-5.23994,-6.2889
91.28001143,-5.56374,-5.56374,-3.91768,-5.28008,-6.26771
91.28078103,-5.60626,-5.60626,-3.9716,-5.32419,-6.24388
91.28176888,-5.66084,-5.66084,-4.04019,-5.38082,-6.21227
91.28374457,-5.76709,-5.76709,-4.17596,-5.49115,-6.14905
91.28708246,-5.93983,-5.93983,-4.40067,-5.67076,-6.03741
91.29375823,-6.26071,-6.26071,-4.82938,-6.0054,-5.79916
91.29816158,-6.45483,-6.45483,-5.09512,-6.20865,-5.63128
91.30021879,-6.54083,-6.54083,-5.21432,-6.29893,-5.54997
91.3021374,-6.61838,-6.61838,-5.32254,-6.38049,-5.47251
91.30418821,-6.69847,-6.69847,-5.43506,-6.46488,-5.38801
91.30642248,-6.78245,-6.78245,-5.554,-6.55356,-5.29397
91.31089103,-6.94024,-6.94024,-5.78088,-6.72081,-5.09982
91.31965914,-7.21082,-7.21082,-6.18518,-7.01021,-4.69618
91.33071378,-7.47915,-7.47915,-6.62063,-7.30269,-4.14671
91.34375355,-7.69289,-7.69289,-7.03088,-7.54548,-3.44474
91.35988793,-7.80694,-7.80694,-7.38725,-7.69604,-2.50404
91.38900533,-7.61264,-7.61264,-7.62226,-7.56765,-0.644621
91.41152063,-7.12923,-7.12923,-7.45832,-7.13404,0.899567
91.42045343,-6.86029,-6.86029,-7.31225,-6.88442,1.52957
91.42358866,-6.75585,-6.75585,-7.25033,-6.78669,1.75211
91.42623673,-6.66372,-6.66372,-7.19383,-6.70018,1.94008
91.42895486,-6.56552,-6.56552,-7.13192,-6.60772,2.13281
91.43439111,-6.35834,-6.35834,-6.99639,-6.41192,2.51625
91.44526362,-5.9026,-5.9026,-6.67998,-5.97858,3.26622
91.46700863,-4.83948,-4.83948,-5.87762,-4.95946,4.61898
91.46852277,-4.75754,-4.75754,-5.81287,-4.88054,4.70481
91.47155104,-4.59156,-4.59156,-5.68097,-4.72062,4.87261
91.47393496,-4.4587,-4.4587,-5.5746,-4.59253,5.00045
91.47517392,-4.38863,-4.38863,-5.51814,-4.52495,5.06525
91.47611795,-4.33524,-4.33524,-5.47512,-4.47345,5.11349
91.47710816,-4.27836,-4.27836,-5.42898,-4.41857,5.16409
91.47881092,-4.18056,-4.18056,-5.34964,-4.3242,5.24878
91.48217224,-3.98392,-3.98392,-5.18882,-4.13433,5.40981
91.48836732,-3.61146,-3.61146,-4.88057,-3.77442,5.68597
91.49831046,-2.98818,-2.98818,-4.35526,-3.17133,6.07581
91.50939597,-2.25935,-2.25935,-3.72799,-2.46495,6.43558
91.52308109,-1.31632,-1.31632,-2.89867,-1.5492,6.77398
91.54054295,-0.0561596,-0.0561596,-1.76377,-0.322442,7.04043
91.55402497,0.951156,0.951156,-0.836662,0.660965,7.12209
91.56085783,1.47014,1.47014,-0.351819,1.16916,7.1229
91.56523373,1.80448,1.80448,-0.0366556,1.49716,7.10932
91.566669,1.91414,1.91414,0.0674603,1.60516,7.10217
91.56744155,1.97317,1.97317,0.123644,1.6633,7.09832
91.5684309,2.04882,2.04882,0.195732,1.73774,7.0922
91.56950412,2.13089,2.13089,0.2741,1.81861,7.08556
91.57075363,2.22644,2.22644,0.365554,1.91276,7.07603
91.57261722,2.36873,2.36873,0.502368,2.05319,7.06181
91.5759742,2.62427,2.62427,0.749978,2.30589,7.03019
91.58268815,3.13018,3.13018,1.24894,2.80824,6.94852
91.58555272,3.34339,3.34339,1.46311,3.02083,6.90626
91.58915721,3.60866,3.60866,1.73338,3.28612,6.84686
91.58997383,3.66809,3.66809,1.79461,3.34572,6.83222
91.59105585,3.74684,3.74684,1.87584,3.42468,6.81281
91.59284032,3.87554,3.87554,2.00981,3.55398,6.77909
91.59592627,4.09509,4.09509,2.24125,3.77512,6.71688
91.60209819,4.5205,4.5205,2.70159,4.20583,6.57788
91.61444201,5.2976,5.2976,3.5971,5.00165,6.24348
91.61880612,5.54664,5.54664,3.90298,5.25904,6.10759
91.62209558,5.72486,5.72486,4.12852,5.44382,5.99921
91.62467527,5.85883,5.85883,4.30177,5.583,5.91071
91.62734581,5.99221,5.99221,4.4773,5.72179,5.81591
91.63268688,6.24319,6.24319,4.81472,5.98365,5.61677
91.63671997,6.41905,6.41905,5.05607,6.16778,5.45813
91.63842625,6.48996,6.48996,5.1545,6.24221,5.38891
91.6400806,6.55675,6.55675,5.24774,6.31243,5.3201
91.6415529,6.61459,6.61459,5.32891,6.37332,5.25886
91.64311328,6.67425,6.67425,5.41308,6.43622,5.19243
91.64623404,6.78854,6.78854,5.57587,6.55703,5.05658
91.65247557,6.99716,6.99716,5.88009,6.77882,4.77323
91.66248278,7.27679,7.27679,6.31104,7.07988,4.28791
91.6735558,7.50846,7.50846,6.70912,7.33577,3.70899
91.68781923,7.68884,7.68884,7.10338,7.54794,2.90412
91.70542334,7.73326,7.73326,7.41039,7.63218,1.83006
91.73729322,7.34307,7.34307,7.48325,7.31362,-0.286382
91.75101805,6.99607,6.99607,7.3287,6.99687,-1.24854
91.75854281,6.76226,6.76226,7.19807,6.7794,-1.78294
91.76113466,6.67478,6.67478,7.1457,6.69749,-1.96746
91.76352024,6.59121,6.59121,7.09423,6.61904,-2.13729
91.76829139,6.41556,6.41556,6.98212,6.45355,-2.4754
91.7778337,6.03145,6.03145,6.72217,6.0895,-3.13992
91.79691832,5.14121,5.14121,6.06724,5.23882,-4.36906
91.80580422,4.67402,4.67402,5.70329,4.78995,-4.87912
91.81043343,4.41805,4.41805,5.49944,4.54354,-5.12556
91.81484643,4.16647,4.16647,5.29641,4.30111,-5.34682
91.81810306,3.97624,3.97624,5.14129,4.11766,-5.50143
91.8216819,3.76289,3.76289,4.96578,3.91177,-5.66294
91.82883959,3.32331,3.32331,4.59953,3.4872,-5.96042
91.83730706,2.78246,2.78246,4.14124,2.96411,-6.26964
91.85151542,1.82956,1.82956,3.31617,2.04079,-6.68759
91.87068272,0.468651,0.468651,2.10523,0.718543,-7.05636
91.89158762,-1.08866,-1.08866,0.678021,-0.800803,-7.21074
91.89950914,-1.69294,-1.69294,0.111552,-1.39324,-7.20288
91.90156375,-1.85067,-1.85067,-0.0374835,-1.54819,-7.19449
91.90236923,-1.91251,-1.91251,-0.0961271,-1.60894,-7.1912
91.90331394,-1.98504,-1.98504,-0.165048,-1.68038,-7.18606
91.90431527,-2.06191,-2.06191,-0.238257,-1.75611,-7.18061
91.90558431,-2.15933,-2.15933,-0.331266,-1.85208,-7.172
91.9072208,-2.28473,-2.28473,-0.451563,-1.97584,-7.16089
91.90999722,-2.49747,-2.49747,-0.656534,-2.18581,-7.13769
91.91555005,-2.91986,-2.91986,-1.0694,-2.60441,-7.0787
91.91946404,-3.21446,-3.21446,-1.36241,-2.89752,-7.02711
91.92286715,-3.46787,-3.46787,-1.61821,-3.15046,-6.97562
91.92463038,-3.59798,-3.59798,-1.75109,-3.28065,-6.94652
91.92717851,-3.78425,-3.78425,-1.94313,-3.46741,-6.90161
91.92939058,-3.94405,-3.94405,-2.10984,-3.62802,-6.85988
91.93380688,-4.25685,-4.25685,-2.442,-3.94351,-6.76907
91.94263948,-4.85088,-4.85088,-3.09832,-4.5472,-6.55814
91.94903195,-5.24926,-5.24926,-3.56244,-4.95599,-6.38162
91.95183503,-5.41466,-5.41466,-3.76222,-5.12673,-6.29799
91.9533662,-5.50246,-5.50246,-3.86984,-5.21757,-6.25033
91.95449142,-5.56534,-5.56534,-3.94894,-5.28271,-6.21531
91.95550932,-5.62223,-5.62223,-4.01941,-5.34164,-6.18245
91.95675517,-5.69018,-5.69018,-4.10567,-5.4121,-6.14224
91.95880737,-5.79948,-5.79948,-4.24559,-5.52552,-6.07397
91.96291179,-6.00853,-6.00853,-4.51844,-5.7428,-5.93171
91.97112061,-6.38991,-6.38991,-5.0304,-6.14072,-5.62492
91.97380475,-6.50416,-6.50416,-5.18735,-6.26042,-5.51827
91.97640447,-6.61001,-6.61001,-5.33412,-6.37157,-5.41205
91.97847282,-6.6909,-6.6909,-5.44718,-6.4567,-5.32553
91.98068997,-6.77436,-6.77436,-5.56478,-6.54471,-5.23084
91.98512427,-6.93126,-6.93126,-5.78916,-6.7108,-5.03552
91.99085365,-7.11436,-7.11436,-6.0584,-6.90589,-4.77176
92.00231242,-7.41498,-7.41498,-6.52982,-7.23093,-4.20772
92.01331772,-7.62239,-7.62239,-6.90062,-7.46228,-3.62294
92.03009637,-7.78871,-7.78871,-7.31541,-7.66578,-2.65872
92.05396118,-7.72532,-7.72532,-7.6012,-7.65581,-1.16058
92.08217071,-7.22451,-7.22451,-7.49893,-7.2171,0.751207
92.09248964,-6.93061,-6.93061,-7.34581,-6.94543,1.47737
92.09528502,-6.84108,-6.84108,-7.29388,-6.86186,1.67587
92.09687524,-6.78833,-6.78833,-7.2624,-6.81248,1.7888
92.09868636,-6.72668,-6.72668,-7.22487,-6.75466,1.91741
92.10230859,-6.59847,-6.59847,-7.14451,-6.63408,2.17427
92.10955306,-6.32292,-6.32292,-6.96304,-6.37361,2.68368
92.12404199,-5.69922,-5.69922,-6.52044,-5.77954,3.66404
92.13538934,-5.14683,-5.14683,-6.10276,-5.25004,4.37502
92.14491,-4.64281,-4.64281,-5.70657,-4.7652,4.91635
92.14884533,-4.4241,-4.4241,-5.53099,-4.55443,5.1232
92.15260845,-4.20957,-4.20957,-5.35688,-4.34752,5.31087
92.15554302,-4.03875,-4.03875,-5.217,-4.18265,5.45026
92.15879556,-3.84591,-3.84591,-5.05787,-3.99644,5.59772
92.16530064,-3.4497,-3.4497,-4.72713,-3.61353,5.87117
92.17381977,-2.9108,-2.9108,-4.26994,-3.09209,6.18734
92.18828723,-1.94907,-1.94907,-3.43601,-2.15982,6.61886
92.20218376,-0.977067,-0.977067,-2.57323,-1.21553,6.91125
92.22510076,0.703241,0.703241,-1.04131,0.422063,7.14056
92.23528265,1.47278,1.47278,-0.322422,1.17561,7.14335
92.24060392,1.87816,1.87816,0.0613835,1.57395,7.12104
92.24245042,2.01908,2.01908,0.195752,1.71277,7.10917
92.24313197,2.0711,2.0711,0.245492,1.76401,7.10478
92.24399892,2.13726,2.13726,0.308866,1.82919,7.09803
92.24544991,2.248,2.248,0.415179,1.93837,7.08673
92.24803296,2.44468,2.44468,0.605158,2.13271,7.0631
92.25295991,2.81777,2.81777,0.969825,2.50241,7.00789
92.25703014,3.12304,3.12304,1.27305,2.80604,6.95233
92.25980486,3.32918,3.32918,1.48073,3.01169,6.90936
92.26131346,3.44034,3.44034,1.59365,3.12285,6.88401
92.26194993,3.48725,3.48725,1.64142,3.16975,6.87332
92.2639734,3.63514,3.63514,1.79331,3.31792,6.83709
92.26679976,3.8394,3.8394,2.00546,3.52308,6.78291
92.26968374,4.04465,4.04465,2.22181,3.72984,6.72336
92.2754517,4.44348,4.44348,2.65246,4.13355,6.59153
92.28698761,5.17929,5.17929,3.49348,4.88624,6.27857
92.29079817,5.40216,5.40216,3.76347,5.11648,6.16098
92.29310701,5.53186,5.53186,3.92458,5.25089,6.08636
92.29531726,5.65211,5.65211,4.07669,5.37572,6.0126
92.29724159,5.7537,5.7537,4.20723,5.4813,5.94654
92.29926241,5.85731,5.85731,4.34225,5.5891,5.87535
92.30330407,6.05534,6.05534,4.60508,5.79551,5.72747
92.30963434,6.34161,6.34161,4.99438,6.09497,5.48146
92.31189679,6.43694,6.43694,5.12643,6.19504,5.38933
92.31338171,6.49755,6.49755,5.21095,6.25876,5.32723
92.31480604,6.55424,6.55424,5.29039,6.31845,5.26767
92.31636807,6.61478,6.61478,5.37567,6.38229,5.20089
92.31880444,6.70587,6.70587,5.50493,6.47854,5.09473
92.32367719,6.87586,6.87586,5.7502,6.65891,4.87526
92.3334227,7.16767,7.16767,6.19025,6.97176,4.40886
92.34346709,7.40201,7.40201,6.57591,7.22816,3.89181
92.35777385,7.62149,7.62149,7.0101,7.47965,3.09707
92.37232319,7.70995,7.70995,7.31596,7.60115,2.22566
92.40142188,7.50003,7.50003,7.53254,7.45727,0.331674
92.41854104,7.14627,7.14627,7.42154,7.14169,-0.856774
92.42627084,6.93283,6.93283,7.31515,6.94521,-1.40609
92.42864225,6.86082,6.86082,7.27562,6.87835,-1.57583
92.43011339,6.8141,6.8141,7.24892,6.83482,-1.68113
92.43152664,6.76922,6.76922,7.22327,6.793,-1.78239
92.43435313,6.6753,6.6753,7.16752,6.70517,-1.98489
92.44000612,6.47542,6.47542,7.04302,6.51735,-2.38838
92.4513121,6.02926,6.02926,6.74353,6.09494,-3.17999
92.47392405,4.96669,4.96669,5.95567,5.07911,-4.61278
92.47550722,4.88335,4.88335,5.89055,4.999,-4.70443
92.47867355,4.71429,4.71429,5.75762,4.83643,-4.88358
92.48049174,4.61528,4.61528,5.67907,4.74115,-4.98351
92.48148132,4.56139,4.56139,5.63632,4.68929,-5.03667
92.48218717,4.5224,4.5224,5.60519,4.65175,-5.07458
92.48285681,4.48541,4.48541,5.57566,4.61613,-5.10971
92.48385211,4.4298,4.4298,5.53103,4.56256,-5.16192
92.48489298,4.37163,4.37163,5.48436,4.50654,-5.21546
92.486952,4.25501,4.25501,5.39022,4.39416,-5.31902
92.49083131,4.0311,4.0311,5.208,4.17828,-5.50589
92.49858992,3.5676,3.5676,4.82513,3.73092,-5.84875
92.51089342,2.79291,2.79291,4.17052,2.98189,-6.31189
92.52209895,2.04876,2.04876,3.52706,2.26098,-6.65039
92.53737252,0.983657,0.983657,2.58518,1.22689,-6.98745
92.56137176,-0.779195,-0.779195,0.980032,-0.490801,-7.23635
92.57131312,-1.53316,-1.53316,0.275619,-1.2293,-7.24081
92.57653573,-1.9326,-1.9326,-0.102441,-1.6217,-7.22045
92.57791701,-2.03824,-2.03824,-0.203287,-1.72593,-7.21218
92.57867744,-2.0964,-2.0964,-0.258946,-1.78331,-7.20763
92.5795101,-2.16014,-2.16014,-0.319997,-1.84615,-7.20157
92.58117542,-2.28763,-2.28763,-0.442413,-1.97188,-7.18944
92.5843762,-2.53204,-2.53204,-0.67881,-2.21355,-7.16111
92.59077775,-3.01682,-3.01682,-1.15538,-2.69468,-7.08774
92.59400278,-3.25833,-3.25833,-1.39712,-2.93537,-7.0424
92.59723257,-3.49772,-3.49772,-1.64007,-3.1744,-6.99145
92.59807055,-3.55929,-3.55929,-1.70311,-3.23642,-6.97714
92.59891182,-3.6211,-3.6211,-1.76652,-3.29816,-6.96278
92.59987356,-3.6911,-3.6911,-1.83902,-3.36875,-6.94531
92.60140894,-3.80287,-3.80287,-1.95476,-3.48076,-6.91742
92.60388538,-3.98085,-3.98085,-2.14144,-3.65992,-6.86924
92.60883825,-4.32873,-4.32873,-2.5137,-4.01154,-6.76349
92.618744,-4.98263,-4.98263,-3.24656,-4.67831,-6.51534
92.62034042,-5.08165,-5.08165,-3.36268,-4.78017,-6.47018
92.62353326,-5.27496,-5.27496,-3.59295,-4.97957,-6.37695
92.62552447,-5.39184,-5.39184,-3.73498,-5.10056,-6.31631
92.62618108,-5.42949,-5.42949,-3.78135,-5.13961,-6.29631
92.62696676,-5.47454,-5.47454,-3.83683,-5.18633,-6.27159
92.62732429,-5.49469,-5.49469,-3.86208,-5.20726,-6.26034
92.62788363,-5.52622,-5.52622,-3.90122,-5.23999,-6.24275
92.62866486,-5.56948,-5.56948,-3.95588,-5.28493,-6.21757
92.62947933,-5.61457,-5.61457,-4.01222,-5.33177,-6.19132
92.63087065,-5.68996,-5.68996,-4.10845,-5.41014,-6.14552
92.6336533,-5.83627,-5.83627,-4.29745,-5.56238,-6.05127
92.63837477,-6.07127,-6.07127,-4.608,-5.80743,-5.88336
92.6421794,-6.24881,-6.24881,-4.84789,-5.99307,-5.74089
92.64535412,-6.38905,-6.38905,-5.04019,-6.14009,-5.61718
92.64760725,-6.48427,-6.48427,-5.17205,-6.24013,-5.52676
92.6497854,-6.57298,-6.57298,-5.29569,-6.33352,-5.43731
92.65111191,-6.6254,-6.6254,-5.36916,-6.3888,-5.38187
92.65376494,-6.72664,-6.72664,-5.51205,-6.49577,-5.26881
92.65907099,-6.91477,-6.91477,-5.78223,-6.69544,-5.0342
92.66968309,-7.23436,-7.23436,-6.26335,-7.03845,-4.53249
92.67974194,-7.46835,-7.46835,-6.64904,-7.29502,-4.01903
92.69479304,-7.69552,-7.69552,-7.1025,-7.5566,-3.18801
92.70922054,-7.77792,-7.77792,-7.40088,-7.67242,-2.32791
92.73807554,-7.56558,-7.56558,-7.61211,-7.52677,-0.460423
92.75603808,-7.19126,-7.19126,-7.49249,-7.1931,0.780062
92.76431797,-6.9587,-6.9587,-7.37435,-6.97893,1.36604
92.76748726,-6.85991,-6.85991,-7.31879,-6.8871,1.59212
92.76858476,-6.82387,-6.82387,-7.29759,-6.85345,1.67042
92.77077975,-6.75178,-6.75178,-7.2552,-6.78616,1.82697
92.77516973,-6.59916,-6.59916,-7.16129,-6.64304,2.14007
92.7839497,-6.26585,-6.26585,-6.94296,-6.32845,2.75969
92.80150964,-5.49391,-5.49391,-6.39016,-5.59313,3.93542
92.81405011,-4.86201,-4.86201,-5.90518,-4.98701,4.69185
92.82062906,-4.50514,-4.50514,-5.62199,-4.64362,5.05211
92.82405633,-4.31263,-4.31263,-5.4669,-4.45815,5.22842
92.82727613,-4.12786,-4.12786,-5.31665,-4.28,5.38651
92.83046375,-3.94131,-3.94131,-5.16368,-4.10003,5.5358
92.83604499,-3.60639,-3.60639,-4.88603,-3.77666,5.78037
92.84720747,-2.90706,-2.90706,-4.29529,-3.10045,6.20776
92.85759158,-2.224,-2.224,-3.70586,-2.4388,6.53359
92.87300547,-1.16028,-1.16028,-2.76732,-1.40622,6.89341
92.89564677,0.485867,0.485867,-1.27285,0.197018,7.16168
92.90739513,1.36942,1.36942,-0.450173,1.06154,7.18143
92.9129046,1.78813,1.78813,-0.0546733,1.47273,7.1631
92.91483827,1.9355,1.9355,0.0854751,1.61781,7.15218
92.91548576,1.98485,1.98485,0.132549,1.66639,7.14852
92.91652989,2.06443,2.06443,0.2086,1.74473,7.14124
92.91761424,2.14707,2.14707,0.287755,1.82621,7.13368
92.91902805,2.25462,2.25462,0.39122,1.93245,7.12241
92.9212801,2.42595,2.42595,0.556607,2.10167,7.10218
92.9256584,2.75729,2.75729,0.88,2.42999,7.05486
92.92990282,3.07569,3.07569,1.19555,2.74665,6.999
92.93294011,3.30131,3.30131,1.42239,2.97178,6.95307
92.93648809,3.56192,3.56192,1.68821,3.23264,6.89317
92.93738149,3.62684,3.62684,1.75514,3.2978,6.87681
92.9383524,3.69739,3.69739,1.82798,3.36861,6.85902
92.93974015,3.79745,3.79745,1.9321,3.46921,6.83242
92.94191147,3.95255,3.95255,2.095,3.62545,6.78879
92.94606613,4.24365,4.24365,2.40599,3.91973,6.69855
92.95437546,4.79796,4.79796,3.02111,4.48435,6.49197
92.96067598,5.18865,5.18865,3.47756,4.88626,6.31265
92.96350104,5.35457,5.35457,3.67862,5.0581,6.22599
92.96593345,5.49246,5.49246,3.84953,5.20139,6.14832
92.96760689,5.58458,5.58458,3.96573,5.29726,6.09326
92.96857384,5.63623,5.63623,4.03196,5.35164,6.06054
92.97002189,5.71358,5.71358,4.13115,5.43168,6.01153
92.972918,5.86232,5.86232,4.32559,5.58688,5.90998
92.97818861,6.11695,6.11695,4.66669,5.85321,5.71552
92.98224193,6.29899,6.29899,4.91648,6.04427,5.55764
92.98456587,6.39805,6.39805,5.05433,6.14851,5.46389
92.98657718,6.48071,6.48071,5.17028,6.23566,5.38089
92.98855915,6.5594,6.5594,5.28138,6.31879,5.29744
92.98989632,6.61095,6.61095,5.35456,6.37335,5.24021
92.99257065,6.71037,6.71037,5.4968,6.47879,5.12354
92.99791932,6.89455,6.89455,5.76532,6.67509,4.88159
93.00861665,7.20502,7.20502,6.24177,7.0101,4.3647
93.0186333,7.42658,7.42658,6.61725,7.255,3.84297
93.03376676,7.63696,7.63696,7.05926,7.50119,2.99183
93.04810481,7.7013,7.7013,7.34188,7.59984,2.12269
93.07678089,7.45665,7.45665,7.52467,7.42338,0.240514
93.09290293,7.10997,7.10997,7.41031,7.11421,-0.884205
93.10026188,6.90363,6.90363,7.30759,6.9247,-1.40879
93.10259475,6.83208,6.83208,7.26853,6.85844,-1.57621
93.10411418,6.78335,6.78335,7.24082,6.81314,-1.68526
93.10558062,6.73633,6.73633,7.21408,6.76941,-1.79059
93.10851351,6.63782,6.63782,7.15581,6.67748,-2.00124
93.11437928,6.4279,6.4279,7.0253,6.48056,-2.42082
93.12611083,5.95844,5.95844,6.7101,6.03663,-3.24258
93.14957392,4.83824,4.83824,5.8776,4.96654,-4.71608
93.15736864,4.41521,4.41521,5.54367,4.56002,-5.14115
93.16347262,4.06757,4.06757,5.26335,4.22532,-5.44687
93.16755688,3.82734,3.82734,5.06693,3.99377,-5.63747
93.17192042,3.56428,3.56428,4.84954,3.74,-5.82871
93.1806475,3.01964,3.01964,4.39255,3.21394,-6.17374
93.19339868,2.18335,2.18335,3.67517,2.4046,-6.5907
93.20724473,1.22723,1.22723,2.83529,1.47716,-6.92913
93.22696964,-0.203889,-0.203889,1.54505,0.0848089,-7.2113
93.23976628,-1.16614,-1.16614,0.656794,-0.854821,-7.27138
93.24552973,-1.60579,-1.60579,0.245034,-1.28556,-7.26734
93.24703144,-1.72095,-1.72095,0.136632,-1.39853,-7.26276
93.24793133,-1.78996,-1.78996,0.0714707,-1.46622,-7.26001
93.24880217,-1.85673,-1.85673,0.00827669,-1.5319,-7.25632
93.24973388,-1.92818,-1.92818,-0.0594766,-1.60217,-7.25237
93.25079303,-2.0094,-2.0094,-0.136671,-1.68205,-7.24672
93.2518004,-2.08665,-2.08665,-0.210261,-1.75816,-7.24136
93.25293512,-2.17366,-2.17366,-0.293345,-1.8439,-7.23387
93.25429538,-2.27781,-2.27781,-0.393203,-1.94668,-7.22489
93.25652368,-2.44843,-2.44843,-0.557372,-2.11504,-7.20726
93.26085904,-2.77874,-2.77874,-0.878691,-2.44209,-7.16514
93.26506661,-3.09664,-3.09664,-1.19267,-2.758,-7.11448
93.26808062,-3.32223,-3.32223,-1.41866,-2.9829,-7.07232
93.27159952,-3.58274,-3.58274,-1.68335,-3.24345,-7.01698
93.27346132,-3.71913,-3.71913,-1.82367,-3.38022,-6.98504
93.27483356,-3.81891,-3.81891,-1.9271,-3.48045,-6.96034
93.27697465,-3.97318,-3.97318,-2.08847,-3.63571,-6.91985
93.28105477,-4.26175,-4.26175,-2.39546,-3.92715,-6.83615
93.289215,-4.81227,-4.81227,-3.00323,-4.48727,-6.64358
93.29540515,-5.2016,-5.2016,-3.45511,-4.88723,-6.47556
93.29825439,-5.37162,-5.37162,-3.65963,-5.06306,-6.39196
93.30065799,-5.51017,-5.51017,-3.83006,-5.20684,-6.31841
93.30195454,-5.583,-5.583,-3.92107,-5.28253,-6.27729
93.30298852,-5.63968,-5.63968,-3.99288,-5.3415,-6.2445
93.30402949,-5.69675,-5.69675,-4.06517,-5.40086,-6.21017
93.30611142,-5.8075,-5.8075,-4.20768,-5.51619,-6.1415
93.31027528,-6.01919,-6.01919,-4.48561,-5.73699,-5.99727
93.31860301,-6.40478,-6.40478,-5.00718,-6.14082,-5.68577
93.32134831,-6.52103,-6.52103,-5.16832,-6.26311,-5.57646
93.32363614,-6.61388,-6.61388,-5.29823,-6.36102,-5.48291
93.32553938,-6.68837,-6.68837,-5.40322,-6.43972,-5.40341
93.3274892,-6.76211,-6.76211,-5.50792,-6.5178,-5.3204
93.33138884,-6.90184,-6.90184,-5.70885,-6.66625,-5.14977
93.33918812,-7.15057,-7.15057,-6.07825,-6.9326,-4.79058
93.34944691,-7.41602,-7.41602,-6.50078,-7.22161,-4.28348
93.3618759,-7.64501,-7.64501,-6.91931,-7.47969,-3.62003
93.3765704,-7.78747,-7.78747,-7.28525,-7.65709,-2.77284
93.40085517,-7.73021,-7.73021,-7.59303,-7.65799,-1.24826
93.42607512,-7.30619,-7.30619,-7.53628,-7.29339,0.461458
93.43758298,-6.9946,-6.9946,-7.38686,-7.00831,1.27263
93.44475837,-6.76464,-6.76464,-7.25586,-6.7946,1.78326
93.44716189,-6.68163,-6.68163,-7.20559,-6.71698,1.95459
93.44935267,-6.60343,-6.60343,-7.15705,-6.64367,2.11076
93.45373422,-6.43998,-6.43998,-7.0523,-6.48993,2.4218
93.46249733,-6.08576,-6.08576,-6.81296,-6.15488,3.03461
93.48002355,-5.27525,-5.27525,-6.22094,-5.38196,4.18288
93.49218119,-4.63814,-4.63814,-5.72589,-4.77063,4.88853
93.49751965,-4.33998,-4.33998,-5.48752,-4.48378,5.16997
93.50264074,-4.0441,-4.0441,-5.24743,-4.19876,5.42169
93.50635709,-3.82358,-3.82358,-5.06641,-3.98616,5.593
93.51053823,-3.56992,-3.56992,-4.85615,-3.7414,5.77446
93.51890052,-3.04599,-3.04599,-4.41567,-3.2353,6.10263
93.52868574,-2.40681,-2.40681,-3.86826,-2.61691,6.42945
93.53978177,-1.65134,-1.65134,-3.20889,-1.88471,6.72715
93.55849422,-0.316406,-0.316406,-2.01573,-0.587592,7.05826
93.57826124,1.15479,1.15479,-0.66274,0.848194,7.18139
93.58562688,1.71422,1.71422,-0.137007,1.39685,7.16874
93.58788939,1.88692,1.88692,0.0266174,1.56662,7.15808
93.58861861,1.94258,1.94258,0.0795523,1.62133,7.15465
93.58949395,2.00939,2.00939,0.143209,1.68717,7.14931
93.59052927,2.08842,2.08842,0.218654,1.76503,7.14299
93.59180905,2.1861,2.1861,0.312135,1.86128,7.13343
93.59347265,2.31275,2.31275,0.434009,1.9864,7.12102
93.59629362,2.52751,2.52751,0.641538,2.19856,7.09544
93.60193557,2.9535,2.9535,1.05947,2.6212,7.03118
93.60596149,3.25395,3.25395,1.35967,2.92055,6.97475
93.60939753,3.50738,3.50738,1.61686,3.17395,6.91969
93.61114991,3.63538,3.63538,1.74832,3.30226,6.88919
93.61369225,3.81925,3.81925,1.93905,3.487,6.84207
93.61588696,3.97602,3.97602,2.10369,3.64491,6.79867
93.62025068,4.28143,4.28143,2.43025,3.9537,6.70501
93.62897811,4.86071,4.86071,3.07534,4.54413,6.48889
93.63523507,5.24516,5.24516,3.52724,4.94006,6.31082
93.63798114,5.40488,5.40488,3.72199,5.1056,6.22666
93.63949393,5.48983,5.48983,3.82788,5.19442,6.17844
93.64040479,5.54097,5.54097,3.89164,5.24673,6.1494
93.64129215,5.58918,5.58918,3.9529,5.29768,6.12016
93.64254916,5.65748,5.65748,4.03968,5.36832,6.07873
93.64407466,5.73815,5.73815,4.14367,5.45238,6.02717
93.64712565,5.89412,5.89412,4.34798,5.61509,5.92083
93.65322764,6.18533,6.18533,4.73961,5.91977,5.69562
93.6575418,6.37493,6.37493,5.00113,6.11891,5.52649
93.65950863,6.45696,6.45696,5.1158,6.2053,5.44621
93.66070032,6.50486,6.50486,5.18382,6.25585,5.39756
93.66183561,6.5505,6.5505,5.24756,6.30402,5.34983
93.66330055,6.60746,6.60746,5.32831,6.36424,5.28825
93.66519736,6.67901,6.67901,5.43038,6.44004,5.20673
93.66899099,6.81472,6.81472,5.62634,6.58427,5.03928
93.67657826,7.05682,7.05682,5.98707,6.84358,4.68732
93.68747093,7.33689,7.33689,6.43536,7.14874,4.14419
93.69918666,7.55055,7.55055,6.82892,7.38984,3.51356
93.71359438,7.69142,7.69142,7.19027,7.56495,2.67822
93.73644501,7.64934,7.64934,7.49397,7.57748,1.23932
93.76022256,7.27777,7.27777,7.47192,7.26193,-0.374533
93.77187272,6.97881,6.97881,7.33901,6.98983,-1.19756
93.77821092,6.7852,6.7852,7.23397,6.8106,-1.65064
93.78039322,6.7136,6.7136,7.19255,6.74391,-1.80715
93.78240866,6.64529,6.64529,7.15195,6.68012,-1.9517
93.78643954,6.50254,6.50254,7.06414,6.54635,-2.24024
93.7945013,6.19322,6.19322,6.86261,6.25475,-2.81159
93.81062482,5.48475,5.48475,6.36052,5.58101,-3.90107
93.82297102,4.86612,4.86612,5.89093,4.9886,-4.6588
93.82937625,4.52051,4.52051,5.61939,4.65654,-5.01761
93.8328089,4.32867,4.32867,5.46629,4.47197,-5.19879
93.83590981,4.15157,4.15157,5.32359,4.30145,-5.35534
93.83957385,3.93783,3.93783,5.14975,4.0955,-5.53157
93.84326991,3.71745,3.71745,4.96879,3.883,-5.69994
93.85066203,3.26307,3.26307,4.59063,3.4444,-6.00935
93.86022933,2.64975,2.64975,4.07066,2.85149,-6.35738
93.87462723,1.679,1.679,3.22857,1.91105,-6.77292
93.88974741,0.606515,0.606515,2.27519,0.869422,-7.07247
93.90713325,-0.679309,-0.679309,1.1044,-0.383156,-7.24801
93.91673552,-1.4076,-1.4076,0.427747,-1.0954,-7.26897
93.92139776,-1.76427,-1.76427,0.0923551,-1.44529,-7.25994
93.92302054,-1.88875,-1.88875,-0.025359,-1.56768,-7.25353
93.92378806,-1.94763,-1.94763,-0.0811975,-1.62556,-7.2505
93.92484758,-2.0289,-2.0289,-0.158442,-1.70547,-7.24498
93.92584726,-2.10559,-2.10559,-0.231489,-1.78101,-7.23978
93.92706263,-2.19882,-2.19882,-0.320508,-1.87285,-7.23178
93.92869822,-2.32398,-2.32398,-0.440658,-1.99643,-7.22102
93.93153429,-2.541,-2.541,-0.649906,-2.21073,-7.1979
93.93720643,-2.97164,-2.97164,-1.07145,-2.63776,-7.13844
93.94113223,-3.26638,-3.26638,-1.36524,-2.93127,-7.08708
93.94455174,-3.52024,-3.52024,-1.62218,-3.18492,-7.0356
93.9463155,-3.64994,-3.64994,-1.75504,-3.31484,-7.00662
93.94895478,-3.8421,-3.8421,-1.95385,-3.50778,-6.9602
93.95131221,-4.01154,-4.01154,-2.13143,-3.67835,-6.91567
93.95602706,-4.34302,-4.34302,-2.48569,-4.01339,-6.81803
93.96545677,-4.96823,-4.96823,-3.1842,-4.65078,-6.5893
93.96726233,-5.08076,-5.08076,-3.31576,-4.76653,-6.53964
93.97087345,-5.29974,-5.29974,-3.57641,-4.9925,-6.43657
93.97309474,-5.42983,-5.42983,-3.73477,-5.12728,-6.37009
93.97368952,-5.46381,-5.46381,-3.77673,-5.16255,-6.35229
93.97449668,-5.50992,-5.50992,-3.83367,-5.21042,-6.32738
93.9749177,-5.53353,-5.53353,-3.86337,-5.23495,-6.31438
93.97565934,-5.57513,-5.57513,-3.91518,-5.27818,-6.29102
93.97640127,-5.61584,-5.61584,-3.96701,-5.32051,-6.26765
93.97753681,-5.67815,-5.67815,-4.04566,-5.3853,-6.23058
93.97980789,-5.7991,-5.7991,-4.2011,-5.51118,-6.15646
93.98348984,-5.98688,-5.98688,-4.4472,-5.70692,-6.03031
93.99085372,-6.33279,-6.33279,-4.91331,-6.06878,-5.75989
93.99378533,-6.45969,-6.45969,-5.0883,-6.20204,-5.6456
93.99549671,-6.53098,-6.53098,-5.18746,-6.27705,-5.57717
93.99709034,-6.59553,-6.59553,-5.27775,-6.34508,-5.51233
93.99879483,-6.66263,-6.66263,-5.37212,-6.41592,-5.4418
94.00063029,-6.73267,-6.73267,-5.47124,-6.48999,-5.3645
94.0043012,-6.86587,-6.86587,-5.66194,-6.63129,-5.20576
94.01164303,-7.105,-7.105,-6.01441,-6.88678,-4.87227
94.02355204,-7.4165,-7.4165,-6.50771,-7.2253,-4.28826
94.03470057,-7.62361,-7.62361,-6.88418,-7.45818,-3.69629
94.0506417,-7.78089,-7.78089,-7.28305,-7.65291,-2.78164
94.07432733,-7.72427,-7.72427,-7.58131,-7.65235,-1.29801
94.10038903,-7.2841,-7.2841,-7.51932,-7.27283,0.465991
94.11199784,-6.96605,-6.96605,-7.36415,-6.98116,1.28389
94.11956263,-6.72036,-6.72036,-7.22224,-6.75237,1.82184
94.12206946,-6.63242,-6.63242,-7.16824,-6.66996,2.00034
94.12434875,-6.54972,-6.54972,-7.1162,-6.59228,2.16264
94.12890734,-6.37675,-6.37675,-7.00389,-6.42926,2.48565
94.13802451,-6.00151,-6.00151,-6.74718,-6.07365,3.12073
94.15625885,-5.14195,-5.14195,-6.11235,-5.25258,4.30122
94.16802721,-4.51488,-4.51488,-5.62096,-4.65013,4.97019
94.17324111,-4.21988,-4.21988,-5.38359,-4.36602,5.23914
94.17827243,-3.92587,-3.92587,-5.14367,-4.08255,5.48113
94.18374637,-3.59613,-3.59613,-4.87104,-3.76432,5.72473
94.18928797,-3.25238,-3.25238,-4.58317,-3.43223,5.95088
94.20037119,-2.53735,-2.53735,-3.97386,-2.74047,6.34347
94.21092806,-1.82512,-1.82512,-3.35459,-2.05019,6.64508
94.230085,-0.468603,-0.468603,-2.1463,-0.732187,7.01728
94.25323677,1.24822,1.24822,-0.566627,0.945026,7.17512
94.26114191,1.84736,1.84736,-0.000822509,1.5339,7.15713
94.26410897,2.07308,2.07308,0.214604,1.75646,7.14109
94.26522286,2.15782,2.15782,0.29587,1.84002,7.13344
94.26627281,2.2377,2.2377,0.372648,1.91888,7.12623
94.26837271,2.39722,2.39722,0.526673,2.07662,7.10931
94.27257251,2.71488,2.71488,0.83644,2.3915,7.06816
94.27704538,3.05023,3.05023,1.16855,2.72515,7.01371
94.28021117,3.28516,3.28516,1.40476,2.95971,6.96861
94.28388019,3.55426,3.55426,1.67944,3.22925,6.90962
94.28479553,3.62065,3.62065,1.74796,3.29594,6.89356
94.28574181,3.68929,3.68929,1.81891,3.36488,6.87696
94.28711127,3.78786,3.78786,1.92158,3.46406,6.85176
94.28924249,3.93983,3.93983,2.08137,3.61726,6.8106
94.29328975,4.22304,4.22304,2.38417,3.90375,6.72596
94.30138427,4.76313,4.76313,2.98348,4.45414,6.53179
94.30752866,5.14521,5.14521,3.42926,4.84725,6.36267
94.31069952,5.33177,5.33177,3.65522,5.04053,6.26819
94.31237792,5.42739,5.42739,3.77319,5.1399,6.21587
94.31325034,5.47592,5.47592,3.83451,5.19042,6.18868
94.3140796,5.52205,5.52205,3.89208,5.23844,6.16197
94.31505461,5.57487,5.57487,3.95976,5.29348,6.13057
94.31599947,5.62606,5.62606,4.02477,5.34682,6.09913
94.31788919,5.7256,5.7256,4.1535,5.45066,6.03623
94.32114479,5.89069,5.89069,4.37085,5.6231,5.9233
94.32765598,6.19739,6.19739,4.78586,5.94447,5.68319
94.33204409,6.38685,6.38685,5.0489,6.14384,5.51083
94.33397899,6.46605,6.46605,5.16033,6.22742,5.43218
94.33584847,6.54009,6.54009,5.26521,6.3057,5.35467
94.3375182,6.60417,6.60417,5.35657,6.37358,5.28421
94.33931299,6.67091,6.67091,5.45236,6.44441,5.20717
94.34290257,6.7978,6.7978,5.63667,6.5795,5.04914
94.34948692,7.00785,7.00785,5.95055,6.80472,4.74596
94.35967531,7.27562,7.27562,6.37702,7.09625,4.24443
94.37102886,7.49319,7.49319,6.77022,7.34065,3.64206
94.38532477,7.64829,7.64829,7.14556,7.52996,2.82426
94.40710023,7.63875,7.63875,7.46776,7.57271,1.47007
94.42996607,7.32483,7.32483,7.4929,7.31286,-0.0650677
94.44577883,6.9349,6.9349,7.3294,6.95931,-1.1748
94.45252707,6.72708,6.72708,7.21581,6.76669,-1.65597
94.4550095,6.64456,6.64456,7.16756,6.68972,-1.83359
94.45732737,6.56467,6.56467,7.11943,6.61496,-1.99943
94.46196309,6.39684,6.39684,7.01448,6.45733,-2.33016
94.47123454,6.03012,6.03012,6.77063,6.11068,-2.98244
94.48977744,5.18087,5.18087,6.1543,5.30066,-4.20281
94.50212176,4.53541,4.53541,5.65365,4.68093,-4.92018
94.50759362,4.22988,4.22988,5.40957,4.38678,-5.2088
94.51284289,3.92632,3.92632,5.16327,4.09415,-5.46675
94.51703166,3.67707,3.67707,4.95849,3.85364,-5.65912
94.52175731,3.38875,3.38875,4.71901,3.57519,-5.86199
94.53120862,2.791,2.791,4.21451,2.99713,-6.22417
94.54171179,2.09631,2.09631,3.61632,2.32415,-6.56021
94.55388207,1.2558,1.2558,2.87786,1.50831,-6.86409
94.57544607,-0.307627,-0.307627,1.46766,-0.01381,-7.18328
94.58768185,-1.22775,-1.22775,0.616772,-0.913244,-7.24219
94.593294,-1.6554,-1.6554,0.215612,-1.33269,-7.24011
94.59507529,-1.79175,-1.79175,0.0869611,-1.46666,-7.23506
94.59625793,-1.88227,-1.88227,0.00122549,-1.5556,-7.2317
94.59713823,-1.94965,-1.94965,-0.0627495,-1.62198,-7.228
94.59813126,-2.02566,-2.02566,-0.135071,-1.69686,-7.22383
94.59917791,-2.10578,-2.10578,-0.211472,-1.77579,-7.21822
94.60036336,-2.19652,-2.19652,-0.298212,-1.86527,-7.21187
94.60191475,-2.31502,-2.31502,-0.412054,-1.98237,-7.20193
94.6045478,-2.51614,-2.51614,-0.606067,-2.18113,-7.182
94.6098139,-2.9156,-2.9156,-0.996795,-2.57743,-7.13072
94.61393428,-3.22488,-3.22488,-1.30468,-2.88554,-7.08009
94.61740667,-3.48265,-3.48265,-1.56533,-3.14325,-7.03034
94.6191295,-3.60936,-3.60936,-1.69502,-3.27026,-7.00327
94.62127948,-3.76617,-3.76617,-1.85686,-3.42774,-6.96729
94.62277643,-3.87438,-3.87438,-1.96959,-3.53664,-6.94081
94.625356,-4.0588,-4.0588,-2.16385,-3.72264,-6.89244
94.63051512,-4.41849,-4.41849,-2.55105,-4.08706,-6.78547
94.64083337,-5.09041,-5.09041,-3.31187,-4.77452,-6.53162
94.64487662,-5.33413,-5.33413,-3.60321,-5.02648,-6.41787
94.64728783,-5.47366,-5.47366,-3.77453,-5.17133,-6.34627
94.64957243,-5.60168,-5.60168,-3.93488,-5.30451,-6.27588
94.65076101,-5.66665,-5.66665,-4.01707,-5.37216,-6.23794
94.65204739,-5.73571,-5.73571,-4.10602,-5.44413,-6.19687
94.65458347,-5.86814,-5.86814,-4.27825,-5.58228,-6.11296
94.65965563,-6.11864,-6.11864,-4.61164,-5.84417,-5.93641
94.66359134,-6.30012,-6.30012,-4.85898,-6.0345,-5.7915
94.66688641,-6.44358,-6.44358,-5.05754,-6.18539,-5.66497
94.66825808,-6.50049,-6.50049,-5.13778,-6.2454,-5.61056
94.66942425,-6.54887,-6.54887,-5.20484,-6.29642,-5.56431
94.67172511,-6.64048,-6.64048,-5.334,-6.39326,-5.47069
94.67407327,-6.73023,-6.73023,-5.46156,-6.48836,-5.37287
94.67841647,-6.88635,-6.88635,-5.68666,-6.65443,-5.18599
94.68710289,-7.16049,-7.16049,-6.09659,-6.94867,-4.78989
94.69746991,-7.42192,-7.42192,-6.51837,-7.23448,-4.28007
94.71034739,-7.6486,-7.6486,-6.94341,-7.49194,-3.59469
94.72451944,-7.775,-7.775,-7.28748,-7.65267,-2.77985
94.74919353,-7.69989,-7.69989,-7.58657,-7.6375,-1.23525
94.77486609,-7.24644,-7.24644,-7.50945,-7.24509,0.50219
94.78622487,-6.92897,-6.92897,-7.35286,-6.95391,1.30152
94.7976306,-6.54275,-6.54275,-7.12359,-6.59349,2.10869
94.80069363,-6.42779,-6.42779,-7.04993,-6.48534,2.32546
94.80373228,-6.30923,-6.30923,-6.97195,-6.37349,2.53956
94.80980957,-6.05908,-6.05908,-6.80172,-6.13664,2.96315
94.82196417,-5.50922,-5.50922,-6.40627,-5.61291,3.77827
94.8317033,-5.02326,-5.02326,-6.03849,-5.14757,4.38711
94.83986323,-4.58679,-4.58679,-5.697,-4.72826,4.8563
94.84335332,-4.39223,-4.39223,-5.54191,-4.54103,5.0439
94.84549967,-4.27032,-4.27032,-5.44392,-4.42363,5.15501
94.84754065,-4.15285,-4.15285,-5.34893,-4.31045,5.25756
94.84961978,-4.03167,-4.03167,-5.25039,-4.19364,5.3589
94.85350523,-3.80121,-3.80121,-5.06152,-3.97137,5.54007
94.86127614,-3.32542,-3.32542,-4.66605,-3.512,5.87154
94.87225515,-2.62188,-2.62188,-4.06917,-2.83159,6.27246
94.88434118,-1.80917,-1.80917,-3.36432,-2.04403,6.62533
94.89944405,-0.745509,-0.745509,-2.42065,-1.0109,6.93938
94.9222095,0.932428,0.932428,-0.889154,0.625019,7.15454
94.93092231,1.592,1.592,-0.272241,1.27142,7.15615
94.93563846,1.95128,1.95128,0.0678265,1.62454,7.13873
94.93682007,2.04129,2.04129,0.153661,1.71334,7.13211
94.93757233,2.0986,2.0986,0.208426,1.76988,7.1279
94.9384734,2.16724,2.16724,0.274139,1.83761,7.12172
94.9401445,2.29455,2.29455,0.396326,1.9632,7.11025
94.94295625,2.50825,2.50825,0.602791,2.17453,7.08673
94.94857976,2.9326,2.9326,1.01863,2.59565,7.02665
94.95284776,3.25087,3.25087,1.33643,2.9129,6.96955
94.95613954,3.4935,3.4935,1.58262,3.15562,6.9188
94.95687314,3.54706,3.54706,1.63749,3.20935,6.90651
94.95786768,3.61968,3.61968,1.71204,3.28218,6.88984
94.96011035,3.78197,3.78197,1.88014,3.44528,6.84991
94.96181024,3.90376,3.90376,2.00756,3.56794,6.81789
94.96485153,4.11868,4.11868,2.23534,3.785,6.75684
94.97093412,4.53496,4.53496,2.68845,4.20772,6.62055
94.98119721,5.18448,5.18448,3.43623,4.87448,6.34886
94.98472614,5.3908,5.3908,3.68701,5.08837,6.24351
94.98685154,5.5105,5.5105,3.83602,5.21286,6.17717
94.9882071,5.58499,5.58499,3.92975,5.29044,6.13332
94.98952753,5.65615,5.65615,4.02105,5.36462,6.0906
94.99095224,5.73139,5.73139,4.11822,5.44312,6.04315
94.99380165,5.8772,5.8772,4.30941,5.59541,5.94545
94.99950048,6.15068,6.15068,4.6773,5.88183,5.73904
95.00380614,6.34165,6.34165,4.94086,6.08259,5.57355
95.00611201,6.43847,6.43847,5.07644,6.18467,5.48159
95.00731531,6.48704,6.48704,5.14557,6.23599,5.43241
95.00843777,6.53235,6.53235,5.20902,6.28386,5.38653
95.00967605,6.58021,6.58021,5.27785,6.33457,5.33463
95.0110215,6.63223,6.63223,5.35126,6.38967,5.27824
95.01371241,6.73137,6.73137,5.49391,6.49501,5.16251
95.01909422,6.91483,6.91483,5.76309,6.69094,4.92227
95.02985785,7.22318,7.22318,6.24023,7.02453,4.40817
95.03988441,7.44099,7.44099,6.61382,7.26622,3.89107
95.05510613,7.64619,7.64619,7.05465,7.50822,3.042
95.06957515,7.7042,7.7042,7.33545,7.60156,2.17059
95.09851319,7.44091,7.44091,7.50835,7.40839,0.279746
95.11496411,7.07582,7.07582,7.38281,7.08222,-0.86473
95.12249093,6.8588,6.8588,7.27281,6.88266,-1.40022
95.1248065,6.78588,6.78588,7.23245,6.81507,-1.56612
95.12625319,6.73837,6.73837,7.20514,6.77087,-1.66977
95.1276445,6.69268,6.69268,7.17889,6.72836,-1.76955
95.13042712,6.59731,6.59731,7.12208,6.63931,-1.96911
95.13599237,6.39502,6.39502,6.99594,6.44953,-2.36684
95.14712286,5.94594,5.94594,6.695,6.02502,-3.14789
95.16938385,4.88449,4.88449,5.91101,5.0116,-4.56782
95.17798577,4.41904,4.41904,5.54566,4.5645,-5.04778
95.18300023,4.1344,4.1344,5.3174,4.29054,-5.30613
95.18695218,3.90354,3.90354,5.12992,4.06811,-5.49775
95.19111887,3.6542,3.6542,4.92527,3.82767,-5.68822
95.19818403,3.21826,3.21826,4.56257,3.40685,-5.9847
95.20991359,2.4609,2.4609,3.91945,2.67446,-6.40587
95.22229777,1.62028,1.62028,3.18912,1.85983,-6.75682
95.23933211,0.406506,0.406506,2.1087,0.680539,-7.0864
95.25581525,-0.817892,-0.817892,0.991459,-0.512917,-7.24048
95.2640951,-1.44685,-1.44685,0.406692,-1.12828,-7.25777
95.26862734,-1.79362,-1.79362,0.0806971,-1.46854,-7.25048
95.27016949,-1.91188,-1.91188,-0.0311142,-1.58486,-7.24499
95.27092414,-1.96975,-1.96975,-0.0859835,-1.64177,-7.24231
95.27194027,-2.04767,-2.04767,-0.160014,-1.71841,-7.23744
95.27298687,-2.12793,-2.12793,-0.236437,-1.79748,-7.23243
95.27422614,-2.22297,-2.22297,-0.327152,-1.89109,-7.22473
95.27600728,-2.35915,-2.35915,-0.457938,-2.02565,-7.21367
95.27917394,-2.60126,-2.60126,-0.691572,-2.26487,-7.18857
95.28550727,-3.08078,-3.08078,-1.16252,-2.7409,-7.12192
95.28865895,-3.31666,-3.31666,-1.39845,-2.97606,-7.08064
95.29263311,-3.61057,-3.61057,-1.69699,-3.27008,-7.02101
95.29444476,-3.74304,-3.74304,-1.83337,-3.40298,-6.99104
95.29596489,-3.85331,-3.85331,-1.9478,-3.51381,-6.96456
95.29840702,-4.0286,-4.0286,-2.13163,-3.69037,-6.91951
95.30329041,-4.37111,-4.37111,-2.4982,-4.03682,-6.8202
95.3130572,-5.01491,-5.01491,-3.22022,-4.69398,-6.58564
95.31455305,-5.10765,-5.10765,-3.32904,-4.7895,-6.54495
95.31754476,-5.28898,-5.28898,-3.54498,-4.97677,-6.46099
95.31935717,-5.39573,-5.39573,-3.67451,-5.08739,-6.40796
95.32005238,-5.43575,-5.43575,-3.72373,-5.12895,-6.38762
95.32091089,-5.48516,-5.48516,-3.78451,-5.18027,-6.36168
95.32128106,-5.50602,-5.50602,-3.81071,-5.20195,-6.3505
95.32163881,-5.52617,-5.52617,-3.83577,-5.22291,-6.33969
95.3223543,-5.56648,-5.56648,-3.88588,-5.26482,-6.31755
95.32309245,-5.60715,-5.60715,-3.93758,-5.30714,-6.29472
95.32401742,-5.65811,-5.65811,-4.00181,-5.36017,-6.26519
95.32586736,-5.75747,-5.75747,-4.12906,-5.46366,-6.20613
95.32896484,-5.91799,-5.91799,-4.33819,-5.63105,-6.10305
95.33515981,-6.2178,-6.2178,-4.73915,-5.94457,-5.8839
95.33951411,-6.41199,-6.41199,-5.00544,-6.14841,-5.71968
95.3414963,-6.49594,-6.49594,-5.12206,-6.23677,-5.64166
95.34271096,-6.54554,-6.54554,-5.19203,-6.28908,-5.59385
95.34386929,-6.59284,-6.59284,-5.25767,-6.33896,-5.54683
95.34531518,-6.64998,-6.64998,-5.33813,-6.39933,-5.48813
95.34731761,-6.72674,-6.72674,-5.44688,-6.48059,-5.4049
95.35132246,-6.87209,-6.87209,-5.65538,-6.63496,-5.23351
95.35933218,-7.13033,-7.13033,-6.03798,-6.91144,-4.87159
95.36992636,-7.4062,-7.4062,-6.47653,-7.21184,-4.3556
95.38218422,-7.63339,-7.63339,-6.89113,-7.46792,-3.70918
95.39641713,-7.77577,-7.77577,-7.25066,-7.64436,-2.8982
95.41966565,-7.73827,-7.73827,-7.56426,-7.66286,-1.45576
95.44414864,-7.35577,-7.35577,-7.54108,-7.33848,0.187561
95.45781354,-6.99658,-6.99658,-7.37582,-7.01092,1.14529
95.46418826,-6.79474,-6.79474,-7.26247,-6.82358,1.59828
95.46647052,-6.71731,-6.71731,-7.21639,-6.7513,1.76101
95.46859578,-6.64284,-6.64284,-7.17093,-6.6816,1.91256
95.47284629,-6.48722,-6.48722,-7.07277,-6.53544,2.21502
95.48134733,-6.15008,-6.15008,-6.84821,-6.21694,2.81336
95.49834939,-5.37869,-5.37869,-6.29157,-5.482,3.94826
95.51100751,-4.72568,-4.72568,-5.78867,-4.85568,4.70835
95.51749078,-4.36665,-4.36665,-5.50311,-4.51027,5.06125
95.52099503,-4.166,-4.166,-5.34116,-4.31698,5.24036
95.52431246,-3.97199,-3.97199,-5.18311,-4.12995,5.40196
95.5274288,-3.78627,-3.78627,-5.03056,-3.95079,5.54671
95.53350153,-3.41515,-3.41515,-4.72233,-3.5925,5.8097
95.54220149,-2.86352,-2.86352,-4.25663,-3.05924,6.14399
95.55653712,-1.90863,-1.90863,-3.43216,-2.1343,6.58947
95.56970905,-0.987005,-0.987005,-2.61759,-1.23956,6.88593
95.59136284,0.598128,0.598128,-1.1796,0.304157,7.1457
95.60306126,1.48059,1.48059,-0.358302,1.16806,7.1707
95.60857899,1.90051,1.90051,0.0385206,1.58078,7.15491
95.61054751,2.0506,2.0506,0.181426,1.72869,7.14464
95.61127937,2.1064,2.1064,0.234722,1.78368,7.14082
95.61208087,2.16752,2.16752,0.293185,1.8439,7.13548
95.61368387,2.28945,2.28945,0.410392,1.96441,7.12481
95.61670439,2.51919,2.51919,0.632207,2.19148,7.10012
95.62274543,2.97466,2.97466,1.07913,2.64365,7.03567
95.62635323,3.24355,3.24355,1.34783,2.91174,6.98768
95.62955957,3.47998,3.47998,1.58757,3.14823,6.93913
95.63032999,3.53627,3.53627,1.64517,3.20468,6.92644
95.63131485,3.60823,3.60823,1.71897,3.27683,6.91022
95.63358149,3.77233,3.77233,1.88882,3.44173,6.87047
95.63535065,3.89912,3.89912,2.02138,3.56941,6.83757
95.63855451,4.12544,4.12544,2.26121,3.79796,6.77385
95.64496223,4.56287,4.56287,2.73795,4.24223,6.63061
95.65087158,4.94495,4.94495,3.17159,4.63341,6.4802
95.65570745,5.23982,5.23982,3.52008,4.93765,6.3443
95.65778831,5.36136,5.36136,3.6679,5.06371,6.28232
95.65992045,5.48233,5.48233,3.81778,5.18951,6.21665
95.66124946,5.55588,5.55588,3.91029,5.26612,6.17433
95.66218665,5.60647,5.60647,3.97482,5.31886,6.14449
95.66329329,5.66622,5.66622,4.05102,5.38114,6.10781
95.66550657,5.78203,5.78203,4.20112,5.50199,6.03444
95.66986046,5.999,5.999,4.48852,5.72884,5.88245
95.67856823,6.39157,6.39157,5.02511,6.14114,5.55319
95.68139199,6.50722,6.50722,5.18741,6.2632,5.43928
95.68412771,6.61393,6.61393,5.33885,6.37616,5.32568
95.68638061,6.69794,6.69794,5.45925,6.46531,5.22976
95.68884412,6.78581,6.78581,5.58652,6.55884,5.12248
95.69377114,6.94918,6.94918,5.82774,6.73358,4.90059
95.70118271,7.16413,7.16413,6.15837,6.96579,4.54898
95.71284835,7.42839,7.42839,6.60325,7.25761,3.95465
95.72526309,7.61163,7.61163,6.97789,7.47061,3.27112
95.74295113,7.70274,7.70274,7.34015,7.60454,2.21687
95.76968344,7.47958,7.47958,7.5184,7.44565,0.478633
95.78716611,7.10986,7.10986,7.40266,7.11698,-0.732754
95.79535664,6.87823,6.87823,7.28704,6.90417,-1.315
95.79870224,6.77321,6.77321,7.2288,6.80675,-1.5548
95.79999715,6.73058,6.73058,7.20413,6.76705,-1.64762
95.80118311,6.69154,6.69154,7.18155,6.73068,-1.73278
95.80355502,6.61052,6.61052,7.13321,6.65499,-1.90311
95.80829885,6.44005,6.44005,7.02742,6.49507,-2.24302
95.81778649,6.06647,6.06647,6.78023,6.14224,-2.91452
95.83676179,5.19773,5.19773,6.15105,5.31398,-4.17382
95.84963298,4.52233,4.52233,5.62725,4.66561,-4.92798
95.85530896,4.20356,4.20356,5.37238,4.35872,-5.22913
95.86075385,3.88656,3.88656,5.11488,4.05313,-5.49769
95.86480276,3.64404,3.64404,4.91542,3.81911,-5.68428
95.86948395,3.35679,3.35679,4.67666,3.54168,-5.88626
95.87884632,2.76167,2.76167,4.17422,2.9662,-6.24732
95.88938872,2.06131,2.06131,3.57109,2.28776,-6.58719
95.90158379,1.21571,1.21571,2.82817,1.46703,-6.89418
95.9228506,-0.330902,-0.330902,1.43369,-0.0385771,-7.21448
95.93487288,-1.23687,-1.23687,0.596584,-0.924047,-7.27691
95.94038977,-1.65798,-1.65798,0.201983,-1.33699,-7.27734
95.94215475,-1.7933,-1.7933,0.0744554,-1.46992,-7.27316
95.94334932,-1.88488,-1.88488,-0.0121798,-1.55989,-7.27034
95.94422117,-1.95172,-1.95172,-0.0755661,-1.62572,-7.26708
95.9452139,-2.02783,-2.02783,-0.147894,-1.70067,-7.26337
95.94626295,-2.10825,-2.10825,-0.224498,-1.77988,-7.25824
95.94745322,-2.19951,-2.19951,-0.311623,-1.86984,-7.25241
95.94903038,-2.32016,-2.32016,-0.4274,-1.98905,-7.24301
95.95172273,-2.52611,-2.52611,-0.625872,-2.19253,-7.22376
95.95710745,-2.93507,-2.93507,-1.02561,-2.59819,-7.17328
95.96123277,-3.24501,-3.24501,-1.33401,-2.9069,-7.12391
95.96448592,-3.48677,-3.48677,-1.57827,-3.14854,-7.07849
95.96622339,-3.61474,-3.61474,-1.70907,-3.27676,-7.05191
95.96844199,-3.77675,-3.77675,-1.87609,-3.43942,-7.01564
95.97009518,-3.89634,-3.89634,-2.00056,-3.55973,-6.98694
95.97302925,-4.10589,-4.10589,-2.22148,-3.77108,-6.93248
95.97889739,-4.51272,-4.51272,-2.6612,-4.18353,-6.81027
95.99063366,-5.26105,-5.26105,-3.51973,-4.95078,-6.51433
95.99443518,-5.48291,-5.48291,-3.78993,-5.18043,-6.40396
95.99677009,-5.61379,-5.61379,-3.95336,-5.3163,-6.33272
95.99900351,-5.73504,-5.73504,-4.1075,-5.44237,-6.26217
96.00163856,-5.87317,-5.87317,-4.28623,-5.58619,-6.17594
96.00444487,-6.01452,-6.01452,-4.47241,-5.7336,-6.0806
96.01005748,-6.27996,-6.27996,-4.8298,-6.01121,-5.87929
96.0136546,-6.43821,-6.43821,-5.04725,-6.1773,-5.74293
96.01530331,-6.50769,-6.50769,-5.14368,-6.25038,-5.67806
96.01665333,-6.56256,-6.56256,-5.22107,-6.30822,-5.62495
96.01794217,-6.61495,-6.61495,-5.2936,-6.36344,-5.57269
96.01927715,-6.66739,-6.66739,-5.36736,-6.41881,-5.51856
96.0219471,-6.76859,-6.76859,-5.51079,-6.52592,-5.40734
96.02728701,-6.95647,-6.95647,-5.78187,-6.72568,-5.17616
96.03796683,-7.27479,-7.27479,-6.26409,-7.06811,-4.68028
96.04800079,-7.50487,-7.50487,-6.64691,-7.32127,-4.17577
96.06315797,-7.72815,-7.72815,-7.10037,-7.58003,-3.34896
96.07760366,-7.80478,-7.80478,-7.39564,-7.69096,-2.4956
96.10649504,-7.58008,-7.58008,-7.60016,-7.53465,-0.636731
96.12628919,-7.15001,-7.15001,-7.45384,-7.15036,0.728196
96.1352931,-6.8833,-6.8833,-7.31258,-6.90401,1.36636
96.1387152,-6.77065,-6.77065,-7.24693,-6.799,1.61087
96.14005239,-6.72456,-6.72456,-7.21906,-6.75588,1.70641
96.14129683,-6.68166,-6.68166,-7.19313,-6.71575,1.79541
96.1437857,-6.59273,-6.59273,-7.13786,-6.63231,1.97343
96.14876343,-6.4058,-6.4058,-7.01749,-6.45627,2.32824
96.15871891,-5.99695,-5.99695,-6.73847,-6.06882,3.02683
96.17862986,-5.04981,-5.04981,-6.03627,-5.1635,4.32096
96.18975948,-4.4499,-4.4499,-5.56409,-4.58668,4.95655
96.19503542,-4.14885,-4.14885,-5.32117,-4.29656,5.23123
96.20008986,-3.85108,-3.85108,-5.07753,-4.00927,5.47658
96.20449744,-3.58429,-3.58429,-4.85667,-3.75165,5.67618
96.20940515,-3.27981,-3.27981,-4.60189,-3.45738,5.88296
96.21922056,-2.64907,-2.64907,-4.06584,-2.84705,6.24918
96.22986436,-1.93508,-1.93508,-3.44717,-2.155,6.57679
96.24623096,-0.785267,-0.785267,-2.42826,-1.03809,6.94318
96.26917585,0.905883,0.905883,-0.885287,0.610782,7.18501
96.27810516,1.58229,1.58229,-0.252864,1.27362,7.19485
96.28289085,1.9472,1.9472,0.0924372,1.63221,7.18107
96.28412451,2.04127,2.04127,0.182119,1.72499,7.17511
96.28489834,2.10027,2.10027,0.2385,1.78319,7.17136
96.28577405,2.16705,2.16705,0.302416,1.84905,7.16598
96.28752549,2.30059,2.30059,0.430582,1.98078,7.15522
96.29059945,2.53438,2.53438,0.656544,2.21197,7.13142
96.29674737,2.99808,2.99808,1.11183,2.6722,7.06816
96.30017948,3.25398,3.25398,1.36766,2.92724,7.02384
96.30362404,3.50799,3.50799,1.6253,3.18122,6.97293
96.30540446,3.63799,3.63799,1.75875,3.31153,6.94412
96.30806577,3.83033,3.83033,1.95822,3.50477,6.89792
96.31045762,4.00089,4.00089,2.13749,3.6766,6.85322
96.3152413,4.3343,4.3343,2.49491,4.01384,6.75489
96.32480866,4.96175,4.96175,3.19885,4.65407,6.52342
96.32661525,5.07286,5.07286,3.32946,4.76848,6.47373
96.33022842,5.28897,5.28897,3.58812,4.99171,6.37054
96.33248647,5.41927,5.41927,3.7477,5.12683,6.30291
96.33301784,5.44917,5.44917,3.7849,5.1579,6.28699
96.33382475,5.49457,5.49457,3.84138,5.20508,6.26203
96.33440319,5.52647,5.52647,3.88153,5.23825,6.24414
96.3352239,5.57174,5.57174,3.93851,5.28533,6.21815
96.33609824,5.61862,5.61862,3.99844,5.33468,6.19047
96.33766583,5.70268,5.70268,4.10588,5.42163,6.13963
96.34080102,5.86403,5.86403,4.31632,5.58982,6.03453
96.34641941,6.13483,6.13483,4.67882,5.87285,5.83496
96.35072354,6.32675,6.32675,4.94224,6.07415,5.6725
96.35301899,6.42369,6.42369,5.0772,6.1761,5.58251
96.35421831,6.47239,6.47239,5.1461,6.22743,5.5343
96.35533789,6.51785,6.51785,5.20939,6.27534,5.48928
96.35657649,6.56604,6.56604,5.27824,6.32625,5.43819
96.35792194,6.61838,6.61838,5.35166,6.38156,5.38269
96.36061282,6.71818,6.71818,5.49432,6.4873,5.2687
96.36599459,6.90296,6.90296,5.76352,6.68403,5.03182
96.37675813,7.21391,7.21391,6.24069,7.01921,4.524
96.38678577,7.43414,7.43414,6.61436,7.26237,4.01214
96.40200769,7.64292,7.64292,7.05524,7.50651,3.17007
96.41647733,7.70423,7.70423,7.33608,7.60181,2.3041
96.4454166,7.44714,7.44714,7.50901,7.41226,0.420612
96.46289633,7.05809,7.05809,7.37067,7.063,-0.79456
96.47097224,6.82134,6.82134,7.24682,6.84426,-1.37001
96.47319614,6.74997,6.74997,7.20617,6.7778,-1.52972
96.47438969,6.71025,6.71025,7.18284,6.7407,-1.61543
96.47553511,6.67213,6.67213,7.16045,6.70509,-1.6978
96.47782595,6.59318,6.59318,7.11277,6.63115,-1.86255
96.48240762,6.42745,6.42745,7.00891,6.47534,-2.19149
96.49157096,6.06558,6.06558,6.76805,6.13299,-2.84223
96.50989765,5.2283,5.2283,6.16063,5.33383,-4.07046
96.52273178,4.55776,4.55776,5.64059,4.68957,-4.8375
96.52842602,4.23922,4.23922,5.3859,4.38264,-5.14689
96.53285876,3.98284,3.98284,5.17792,4.13532,-5.37268
96.53618404,3.78588,3.78588,5.0165,3.94517,-5.53312
96.53964815,3.57666,3.57666,4.84356,3.74305,-5.69216
96.54657639,3.14644,3.14644,4.48363,3.32707,-5.98611
96.55911029,2.33157,2.33157,3.78785,2.53787,-6.4391
96.57068741,1.5411,1.5411,3.0978,1.7708,-6.76964
96.58861896,0.257673,0.257673,1.95067,0.522355,-7.11965
96.60422982,-0.905783,-0.905783,0.885164,-0.612928,-7.26769
96.61180998,-1.48229,-1.48229,0.347911,-1.17744,-7.28785
96.61650877,-1.84213,-1.84213,0.00915192,-1.53055,-7.28365
96.61806456,-1.96128,-1.96128,-0.103916,-1.64797,-7.27916
96.61874795,-2.01362,-2.01362,-0.153715,-1.69955,-7.27719
96.61970435,-2.08693,-2.08693,-0.223536,-1.77173,-7.27324
96.62090946,-2.17931,-2.17931,-0.31172,-1.8628,-7.26826
96.62256034,-2.30586,-2.30586,-0.432882,-1.98755,-7.25967
96.62527399,-2.51336,-2.51336,-0.632897,-2.19261,-7.24223
96.6307013,-2.92572,-2.92572,-1.03576,-2.60139,-7.19515
96.6347804,-3.23235,-3.23235,-1.34067,-2.90658,-7.14914
96.63800935,-3.4725,-3.4725,-1.58306,-3.14638,-7.10631
96.63975252,-3.60101,-3.60101,-1.71426,-3.27501,-7.08086
96.6419904,-3.76458,-3.76458,-1.8827,-3.43905,-7.04581
96.64369378,-3.88791,-3.88791,-2.01091,-3.56297,-7.01736
96.64674473,-4.1059,-4.1059,-2.24057,-3.78258,-6.9626
96.65284664,-4.52856,-4.52856,-2.69744,-4.21057,-6.83866
96.66505046,-5.30231,-5.30231,-3.5874,-5.00288,-6.53486
96.66935946,-5.55058,-5.55058,-3.89146,-5.25941,-6.41008
96.67260482,-5.72838,-5.72838,-4.11567,-5.44369,-6.31022
96.67515635,-5.86255,-5.86255,-4.2885,-5.58301,-6.22822
96.67779576,-5.99619,-5.99619,-4.46361,-5.72199,-6.14022
96.68307457,-6.24813,-6.24813,-4.80072,-5.98468,-5.95473
96.68706392,-6.42526,-6.42526,-5.04257,-6.17,-5.8063
96.68878879,-6.49836,-6.49836,-5.14347,-6.24664,-5.73943
96.69017589,-6.555,-6.555,-5.22293,-6.30616,-5.68566
96.69147789,-6.60817,-6.60817,-5.29614,-6.36202,-5.63357
96.69283374,-6.66164,-6.66164,-5.37096,-6.41831,-5.57932
96.69554543,-6.7648,-6.7648,-5.51639,-6.52713,-5.46775
96.70096883,-6.95613,-6.95613,-5.791,-6.72985,-5.23551
96.71181563,-7.27949,-7.27949,-6.27848,-7.07639,-4.73622
96.72183829,-7.50885,-7.50885,-6.65829,-7.32759,-4.23568
96.73718227,-7.7333,-7.7333,-7.11265,-7.58616,-3.40294
96.75168825,-7.80766,-7.80766,-7.40368,-7.69329,-2.54895
96.78070021,-7.57555,-7.57555,-7.597,-7.52667,-0.686148
96.80093737,-7.12869,-7.12869,-7.43633,-7.12449,0.708523
96.81016893,-6.8505,-6.8505,-7.28493,-6.86623,1.36301
96.81404579,-6.72027,-6.72027,-7.20713,-6.74427,1.64013
96.81554051,-6.66749,-6.66749,-7.17438,-6.69465,1.74697
96.81689873,-6.61952,-6.61952,-7.14462,-6.64957,1.84413
96.81961518,-6.51985,-6.51985,-7.08105,-6.5556,2.03846
96.82504808,-6.30983,-6.30983,-6.94233,-6.3569,2.42534
96.83591388,-5.84874,-5.84874,-6.61987,-5.91804,3.18394
96.85764547,-4.77621,-4.77621,-5.80684,-4.8891,4.5618
96.86607585,-4.30906,-4.30906,-5.43359,-4.43871,5.02941
96.87101367,-4.02303,-4.02303,-5.20071,-4.16251,5.28231
96.87502892,-3.78408,-3.78408,-5.00391,-3.93157,5.47565
96.87918278,-3.53117,-3.53117,-4.79358,-3.68698,5.66394
96.88603104,-3.10224,-3.10224,-4.43247,-3.27179,5.94898
96.89703736,-2.38412,-2.38412,-3.81696,-2.57575,6.3431
96.90901874,-1.56616,-1.56616,-3.10138,-1.78158,6.68483
96.92556356,-0.384776,-0.384776,-2.04454,-0.632098,7.01104
96.94203539,0.838053,0.838053,-0.92466,0.561074,7.17198
96.95017929,1.45544,1.45544,-0.34896,1.16556,7.19219
96.95469348,1.8001,1.8001,-0.0243204,1.50371,7.18674
96.95622685,1.91718,1.91718,0.0867865,1.61904,7.18189
96.95694912,1.97232,1.97232,0.139259,1.67337,7.17961
96.95793435,2.04762,2.04762,0.210968,1.74747,7.17527
96.95904197,2.13227,2.13227,0.29176,1.83088,7.17039
96.96038796,2.23514,2.23514,0.390183,1.93225,7.16316
96.96248056,2.39479,2.39479,0.543707,2.08984,7.14989
96.96642358,2.69445,2.69445,0.834529,2.38631,7.11823
96.9713589,3.06626,3.06626,1.201,2.75546,7.06649
96.97412419,3.27257,3.27257,1.40735,2.96095,7.03166
96.97755389,3.52584,3.52584,1.664,3.21392,6.9827
96.97945669,3.66491,3.66491,1.80666,3.35318,6.9528
96.98075824,3.75935,3.75935,1.90424,3.44788,6.9306
96.98261241,3.89282,3.89282,2.04325,3.58194,6.89898
96.98599327,4.13257,4.13257,2.2964,3.82341,6.8355
96.992755,4.5951,4.5951,2.79921,4.29184,6.69081
96.99825672,4.95177,4.95177,3.20259,4.65571,6.55595
97.00284923,5.23369,5.23369,3.5335,4.94523,6.43183
97.00491323,5.35529,5.35529,3.68016,5.0707,6.37206
97.00609612,5.42316,5.42316,3.7633,5.1409,6.33781
97.00673949,5.46008,5.46008,3.80852,5.17908,6.31844
97.00719913,5.4858,5.4858,3.84083,5.20587,6.3046
97.00763796,5.51036,5.51036,3.87136,5.23145,6.29138
97.00838692,5.55228,5.55228,3.92348,5.27436,6.26828
97.00914881,5.59386,5.59386,3.97599,5.31802,6.24478
97.01017934,5.6501,5.6501,4.04702,5.37601,6.21187
97.01224041,5.75944,5.75944,4.18715,5.48948,6.14606
97.01564261,5.9328,5.9328,4.41347,5.66964,6.03226
97.02244702,6.25383,6.25383,4.84418,6.00429,5.78886
97.02573859,6.39708,6.39708,5.04098,6.15416,5.66367
97.02744282,6.46822,6.46822,5.13968,6.22874,5.59647
97.02878535,6.52223,6.52223,5.21583,6.28547,5.54354
97.03004591,6.57294,6.57294,5.28603,6.33873,5.49229
97.03139478,6.62535,6.62535,5.35976,6.39389,5.43746
97.03409253,6.72641,6.72641,5.503,6.50046,5.32476
97.03948802,6.91361,6.91361,5.77327,6.69875,5.09035
97.05027901,7.22898,7.22898,6.2522,7.03667,4.58699
97.06031058,7.45242,7.45242,6.62634,7.28147,4.07987
97.07554159,7.66572,7.66572,7.06781,7.52782,3.2441
97.08993761,7.73084,7.73084,7.34772,7.62464,2.38834
97.11872965,7.48412,7.48412,7.52232,7.44117,0.5242
97.13709002,7.07705,7.07705,7.3747,7.07356,-0.74859
97.14559749,6.82529,6.82529,7.24001,6.83971,-1.3542
97.14852341,6.72972,6.72972,7.18419,6.75024,-1.56422
97.14973138,6.6886,6.6886,7.15937,6.71163,-1.65092
97.15087081,6.64982,6.64982,7.13596,6.67521,-1.73284
97.15314966,6.56959,6.56959,7.08626,6.59967,-1.89668
97.15770737,6.40139,6.40139,6.97853,6.44079,-2.22368
97.16682279,6.03508,6.03508,6.73046,6.09283,-2.87031
97.18505362,5.19077,5.19077,6.11077,5.28444,-4.08968
97.19794388,4.50993,4.50993,5.57839,4.62871,-4.85718
97.20361401,4.1896,4.1896,5.32051,4.31942,-5.16378
97.20836015,3.91232,3.91232,5.09406,4.0514,-5.40381
97.21183278,3.70437,3.70437,4.92247,3.85026,-5.56958
97.2155965,3.47437,3.47437,4.73104,3.62766,-5.73992
97.22312395,3.00076,3.00076,4.33188,3.16889,-6.05232
97.2309194,2.49227,2.49227,3.89664,2.67579,-6.33716
97.24651031,1.42699,1.42699,2.96548,1.64095,-6.79241
97.26353745,0.201658,0.201658,1.86676,0.447749,-7.11937
97.2785588,-0.921326,-0.921326,0.836692,-0.648815,-7.26368
97.285844,-1.47659,-1.47659,0.31893,-1.19272,-7.28581
97.29037345,-1.82414,-1.82414,-0.00824736,-1.5338,-7.28405
97.29186865,-1.93887,-1.93887,-0.11708,-1.64686,-7.28058
97.29256865,-1.99258,-1.99258,-0.168165,-1.69979,-7.27896
97.29352054,-2.0657,-2.0657,-0.23776,-1.77176,-7.27558
97.29472113,-2.15792,-2.15792,-0.325741,-1.86266,-7.27131
97.29632587,-2.28119,-2.28119,-0.44368,-1.98415,-7.2639
97.2989456,-2.48197,-2.48197,-0.63701,-2.18248,-7.24871
97.30418505,-2.88121,-2.88121,-1.02631,-2.57796,-7.20691
97.30824757,-3.18771,-3.18771,-1.33025,-2.88269,-7.1641
97.3115502,-3.43432,-3.43432,-1.57841,-3.12864,-7.12268
97.31327644,-3.56213,-3.56213,-1.70847,-3.25637,-7.09869
97.31546663,-3.72296,-3.72296,-1.87348,-3.41742,-7.06595
97.31704017,-3.8375,-3.8375,-1.99207,-3.53231,-7.04085
97.31979036,-4.03541,-4.03541,-2.19935,-3.73125,-6.99386
97.32529075,-4.42093,-4.42093,-2.61221,-4.12044,-6.88808
97.33629153,-5.13755,-5.13755,-3.42111,-4.85053,-6.63058
97.34047588,-5.38852,-5.38852,-3.72074,-5.1086,-6.51681
97.3428705,-5.52624,-5.52624,-3.88959,-5.2507,-6.44786
97.34468606,-5.62769,-5.62769,-4.01609,-5.35552,-6.39373
97.34634018,-5.71786,-5.71786,-4.13004,-5.44879,-6.34306
97.34803057,-5.80781,-5.80781,-4.24511,-5.54191,-6.28994
97.35141135,-5.98121,-5.98121,-4.47057,-5.72166,-6.17971
97.35817292,-6.30288,-6.30288,-4.89948,-6.05611,-5.94365
97.36100177,-6.4277,-6.4277,-5.06945,-6.18631,-5.8388
97.36254141,-6.49324,-6.49324,-5.15943,-6.2548,-5.77975
97.36402328,-6.55477,-6.55477,-5.24428,-6.31917,-5.72291
97.36546658,-6.61323,-6.61323,-5.32526,-6.38041,-5.66573
97.36684157,-6.66759,-6.66759,-5.40089,-6.43742,-5.61125
97.36959155,-6.77242,-6.77242,-5.54783,-6.54759,-5.49905
97.37509151,-6.96666,-6.96666,-5.82506,-6.75259,-5.26526
97.38609144,-7.29416,-7.29416,-6.31616,-7.10202,-4.76172
97.3960424,-7.52121,-7.52121,-6.69012,-7.34933,-4.26698
97.41172223,-7.74817,-7.74817,-7.14819,-7.60893,-3.41857
97.4266018,-7.81888,-7.81888,-7.4375,-7.71115,-2.54328
97.45636093,-7.56056,-7.56056,-7.60788,-7.51584,-0.630448
97.4758731,-7.11677,-7.11677,-7.43501,-7.11247,0.715693
97.48496179,-6.8392,-6.8392,-7.28005,-6.85332,1.36014
97.48861618,-6.71534,-6.71534,-7.20474,-6.73677,1.62137
97.49003365,-6.66498,-6.66498,-7.17305,-6.68924,1.7227
97.49133444,-6.61877,-6.61877,-7.14398,-6.64561,1.81578
97.49393601,-6.52293,-6.52293,-7.08214,-6.55491,2.00193
97.49913915,-6.32145,-6.32145,-6.94784,-6.36362,2.37278
97.50954544,-5.88079,-5.88079,-6.63794,-5.94298,3.10159
97.53035801,-4.86074,-4.86074,-5.86347,-4.96222,4.43937
97.53890516,-4.3911,-4.3911,-5.48814,-4.50859,4.92582
97.54360007,-4.12132,-4.12132,-5.26845,-4.24761,5.17362
97.54806913,-3.8572,-3.8572,-5.05083,-3.99191,5.39534
97.55144486,-3.65317,-3.65317,-4.88113,-3.79426,5.55355
97.55527606,-3.41707,-3.41707,-4.68316,-3.56543,5.72357
97.56293846,-2.93123,-2.93123,-4.27082,-3.09419,6.03416
97.57241614,-2.30693,-2.30693,-3.73217,-2.48796,6.36561
97.58606852,-1.36744,-1.36744,-2.90542,-1.57428,6.74341
97.60532494,0.0232895,0.0232895,-1.65103,-0.218628,7.08167
97.6201299,1.13238,1.13238,-0.626521,0.865921,7.19044
97.62647973,1.61565,1.61565,-0.172936,1.34004,7.19744
97.62803571,1.73468,1.73468,-0.0605802,1.45698,7.19515
97.62892903,1.80301,1.80301,0.00412136,1.52411,7.19384
97.62979049,1.86891,1.86891,0.0666404,1.58901,7.19149
97.63085837,1.95061,1.95061,0.144304,1.66947,7.18857
97.63185993,2.02722,2.02722,0.217305,1.74493,7.18468
97.63297936,2.11286,2.11286,0.299077,1.82927,7.18033
97.63423264,2.20861,2.20861,0.390843,1.92377,7.17356
97.63622546,2.36087,2.36087,0.537216,2.07404,7.16279
97.63990305,2.64079,2.64079,0.808694,2.35098,7.13578
97.6452168,3.04182,3.04182,1.20363,2.74907,7.08349
97.64805068,3.25357,3.25357,1.41536,2.95995,7.04925
97.65159284,3.51551,3.51551,1.68085,3.22152,7.00031
97.65252782,3.58394,3.58394,1.75093,3.29002,6.98602
97.65347005,3.65291,3.65291,1.82166,3.35905,6.97162
97.65479245,3.749,3.749,1.92092,3.45538,6.95028
97.65679981,3.89365,3.89365,2.0716,3.60062,6.91612
97.66053342,4.15829,4.15829,2.35137,3.86708,6.84692
97.66800065,4.66636,4.66636,2.90608,4.38164,6.68692
97.67374804,5.03459,5.03459,3.32582,4.7574,6.54448
97.67518488,5.12262,5.12262,3.42933,4.84772,6.50576
97.67805857,5.29478,5.29478,3.63467,5.02476,6.42526
97.67906699,5.35351,5.35351,3.70587,5.08531,6.39701
97.67984273,5.39868,5.39868,3.76065,5.13189,6.37425
97.68035113,5.42766,5.42766,3.79654,5.16183,6.35933
97.681094,5.47001,5.47001,3.84851,5.20557,6.33754
97.68145347,5.49016,5.49016,3.87365,5.2264,6.32666
97.68217241,5.53046,5.53046,3.92355,5.26806,6.3049
97.68291217,5.5711,5.5711,3.97489,5.3101,6.28251
97.68384254,5.62222,5.62222,4.03896,5.36297,6.25334
97.68570327,5.72183,5.72183,4.16583,5.4661,6.19499
97.68881548,5.88246,5.88246,4.37395,5.6326,6.09307
97.69503991,6.18205,6.18205,4.77232,5.94396,5.87589
97.6994122,6.37564,6.37564,5.03612,6.14589,5.71288
97.70135356,6.45721,6.45721,5.1487,6.23118,5.63778
97.7029119,6.52077,6.52077,5.23694,6.29773,5.5758
97.70438445,6.57928,6.57928,5.31856,6.35907,5.51723
97.70586815,6.6367,6.6367,5.39908,6.41936,5.45678
97.70883555,6.74701,6.74701,5.55506,6.53543,5.33308
97.71477036,6.94958,6.94958,5.8476,6.74961,5.07478
97.72472104,7.23585,7.23585,6.28259,7.05567,4.61038
97.73554376,7.47226,7.47226,6.67955,7.31401,4.06319
97.74960407,7.66488,7.66488,7.08021,7.53568,3.29221
97.76640381,7.72972,7.72972,7.39243,7.63571,2.29178
97.7978788,7.39468,7.39468,7.5097,7.36618,0.236042
97.81493325,6.97652,6.97652,7.32738,6.98262,-0.954349
97.82258179,6.73732,6.73732,7.19126,6.75863,-1.49998
97.82523946,6.64694,6.64694,7.13625,6.67348,-1.69073
97.82776115,6.55784,6.55784,7.08048,6.58931,-1.87173
97.83025894,6.46645,6.46645,7.02186,6.50278,-2.051
97.83525451,6.27451,6.27451,6.89469,6.32047,-2.40823
97.84524566,5.85537,5.85537,6.60179,5.92027,-3.11083
97.86522795,4.88676,4.88676,5.87103,4.98884,-4.40787
97.87385241,4.41781,4.41781,5.49834,4.53582,-4.90668
97.87850296,4.15293,4.15293,5.28367,4.27954,-5.1566
97.88293495,3.89312,3.89312,5.07056,4.02796,-5.38094
97.88619984,3.69731,3.69731,4.9084,3.83823,-5.53743
97.88977488,3.47875,3.47875,4.72595,3.62636,-5.70038
97.89692497,3.02933,3.02933,4.34637,3.19038,-6.00068
97.90527119,2.48525,2.48525,3.87966,2.66202,-6.30928
97.91967696,1.50235,1.50235,3.01934,1.70607,-6.73889
97.93654415,0.292079,0.292079,1.93396,0.52644,-7.08003
97.95456286,-1.05422,-1.05422,0.696245,-0.789856,-7.25655
97.9618174,-1.60768,-1.60768,0.177607,-1.33304,-7.27367
97.96499309,-1.85143,-1.85143,-0.0527041,-1.57273,-7.27155
97.96579422,-1.91292,-1.91292,-0.111102,-1.63319,-7.2699
97.96666148,-1.97949,-1.97949,-0.174443,-1.69886,-7.26811
97.96761171,-2.05243,-2.05243,-0.243984,-1.77082,-7.26509
97.96891698,-2.15261,-2.15261,-0.339736,-1.86966,-7.26095
97.97058385,-2.28055,-2.28055,-0.462389,-1.99588,-7.25381
97.97340236,-2.49642,-2.49642,-0.670682,-2.2093,-7.2382
97.97903938,-2.92531,-2.92531,-1.09026,-2.63466,-7.19376
97.9828631,-3.21322,-3.21322,-1.3768,-2.92124,-7.15366
97.98632068,-3.47079,-3.47079,-1.63692,-3.17839,-7.11056
97.98810577,-3.60255,-3.60255,-1.77154,-3.31024,-7.08578
97.99085633,-3.80357,-3.80357,-1.97898,-3.51179,-7.04426
97.99341447,-3.98803,-3.98803,-2.1719,-3.69721,-7.00206
97.99853076,-4.34831,-4.34831,-2.55647,-4.06074,-6.9074
98.00876333,-5.02374,-5.02374,-3.31241,-4.74785,-6.67809
98.01309356,-5.28882,-5.28882,-3.62486,-5.01987,-6.56525
98.01545036,-5.42729,-5.42729,-3.79248,-5.16251,-6.49995
98.01775916,-5.55872,-5.55872,-3.95469,-5.29819,-6.43337
98.01997886,-5.68107,-5.68107,-4.10846,-5.42465,-6.36695
98.02223644,-5.80156,-5.80156,-4.26237,-5.54932,-6.297
98.02667127,-6.02703,-6.02703,-4.55639,-5.78302,-6.1527
98.03209455,-6.28318,-6.28318,-4.89874,-6.0493,-5.96403
98.0348002,-6.40306,-6.40306,-5.06179,-6.17428,-5.86496
98.03619512,-6.46233,-6.46233,-5.14371,-6.23619,-5.81229
98.03724789,-6.50706,-6.50706,-5.20411,-6.28291,-5.77253
98.03821633,-6.54666,-6.54666,-5.25968,-6.32435,-5.73499
98.0394025,-6.59516,-6.59516,-5.32622,-6.3751,-5.68901
98.04133391,-6.67141,-6.67141,-5.43224,-6.45504,-5.61245
98.04509614,-6.81262,-6.81262,-5.63065,-6.60348,-5.45879
98.0526206,-7.06628,-7.06628,-5.99683,-6.87176,-5.13403
98.06378478,-7.37287,-7.37287,-6.46829,-7.20045,-4.61139
98.07526907,-7.60245,-7.60245,-6.86663,-7.45324,-4.02602
98.08954631,-7.76889,-7.76889,-7.24253,-7.64908,-3.23672
98.11193201,-7.77362,-7.77362,-7.57294,-7.7004,-1.88133
98.13512979,-7.4644,-7.4644,-7.59308,-7.43903,-0.353448
98.15206321,-7.04761,-7.04761,-7.40863,-7.05629,0.822372
98.15938714,-6.81935,-6.81935,-7.27826,-6.84244,1.34237
98.1625892,-6.7107,-6.7107,-7.21186,-6.74,1.57135
98.16365976,-6.67264,-6.67264,-7.1878,-6.70401,1.6479
98.16580087,-6.59652,-6.59652,-7.13968,-6.63202,1.80103
98.17008309,-6.43642,-6.43642,-7.03494,-6.48011,2.10728
98.17864754,-6.09017,-6.09017,-6.79704,-6.14995,2.71397
98.19577644,-5.30002,-5.30002,-6.21326,-5.39121,3.86968
98.20814875,-4.65349,-4.65349,-5.7065,-4.767,4.62697
98.21478852,-4.28182,-4.28182,-5.40645,-4.40728,4.9976
98.21800767,-4.09569,-4.09569,-5.25416,-4.22696,5.16689
98.22108565,-3.91429,-3.91429,-5.10454,-4.05112,5.32187
98.22386567,-3.74765,-3.74765,-4.96613,-3.88953,5.45601
98.2269241,-3.56135,-3.56135,-4.81034,-3.70879,5.59728
98.23304094,-3.17982,-3.17982,-4.4881,-3.33845,5.86066
98.24317906,-2.52304,-2.52304,-3.92431,-2.70026,6.24293
98.25542638,-1.69294,-1.69294,-3.19748,-1.89254,6.6172
98.26995848,-0.663358,-0.663358,-2.27691,-0.888964,6.9402
98.2887961,0.726955,0.726955,-1.00427,0.469598,7.16851
98.29885394,1.48792,1.48792,-0.292773,1.21614,7.204
98.30383589,1.86792,1.86792,0.0668943,1.58985,7.19967
98.30559147,2.00182,2.00182,0.194686,1.72206,7.19436
98.30628791,2.05494,2.05494,0.245524,1.77451,7.19226
98.30715209,2.12091,2.12091,0.308708,1.83959,7.18845
98.30866248,2.23621,2.23621,0.4194,1.95341,7.18181
98.31134659,2.44069,2.44069,0.616889,2.15567,7.16616
98.31656871,2.83617,2.83617,1.00366,2.54795,7.12416
98.3206876,3.14499,3.14499,1.31074,2.85536,7.08039
98.32314407,3.32717,3.32717,1.49467,3.03729,7.04984
98.32426409,3.41024,3.41024,1.57853,3.12024,7.03461
98.32495091,3.46071,3.46071,1.63009,3.17076,7.02527
98.32597811,3.5362,3.5362,1.70719,3.24631,7.01024
98.3269778,3.60906,3.60906,1.78224,3.31937,6.99561
98.32813615,3.69349,3.69349,1.86919,3.40402,6.9772
98.32964561,3.80256,3.80256,1.9825,3.51357,6.95321
98.33225005,3.9887,3.9887,2.17801,3.7009,6.90817
98.33745892,4.35185,4.35185,2.5675,4.0678,6.80742
98.34787668,5.03055,5.03055,3.33203,4.75937,6.56435
98.3522055,5.29127,5.29127,3.6418,5.02746,6.44709
98.35239708,5.30244,5.30244,3.65551,5.03899,6.4419
98.35330162,5.3552,5.3552,3.71948,5.09344,6.41599
98.35371113,5.37865,5.37865,3.74844,5.11768,6.40427
98.35410468,5.40119,5.40119,3.77607,5.14098,6.393
98.35473836,5.43748,5.43748,3.82056,5.1785,6.37439
98.3550537,5.45518,5.45518,3.8427,5.19681,6.36513
98.35540375,5.47482,5.47482,3.86704,5.21714,6.35485
98.35610384,5.51411,5.51411,3.91572,5.25779,6.33367
98.3568886,5.55718,5.55718,3.97029,5.3024,6.30994
98.35777276,5.60571,5.60571,4.03087,5.35266,6.28319
98.359483,5.69727,5.69727,4.14804,5.44757,6.2298
98.36278746,5.86779,5.86779,4.36938,5.62453,6.12273
98.36871811,6.15339,6.15339,4.74996,5.92171,5.91793
98.3732011,6.3523,6.3523,5.02159,6.12943,5.75255
98.37516703,6.43499,6.43499,5.13601,6.216,5.67663
98.37645183,6.48701,6.48701,5.20917,6.27056,5.62701
98.37769245,6.53723,6.53723,5.27857,6.32324,5.57751
98.37909024,6.59191,6.59191,5.3553,6.3807,5.52173
98.38150066,6.68305,6.68305,5.48406,6.47663,5.42295
98.3863215,6.85338,6.85338,5.72856,6.65664,5.21806
98.39596317,7.14687,7.14687,6.16794,6.96969,4.78019
98.40607991,7.38796,7.38796,6.56053,7.23165,4.28239
98.42013659,7.6113,7.6113,6.99354,7.48448,3.53064
98.43430665,7.7078,7.7078,7.30055,7.61108,2.70863
98.46264677,7.53227,7.53227,7.53861,7.49558,0.90773
98.48840501,6.97275,6.97275,7.33943,6.9889,-0.863844
98.49813095,6.66668,6.66668,7.16452,6.70219,-1.55563
98.50151094,6.54857,6.54857,7.09127,6.59071,-1.79783
98.50418653,6.45096,6.45096,7.02886,6.49831,-1.98956
98.50698356,6.34513,6.34513,6.95952,6.39789,-2.18976
98.51257761,6.12217,6.12217,6.80853,6.18564,-2.5879
98.52376572,5.633,5.633,6.45895,5.71746,-3.36528
98.54614193,4.49696,4.49696,5.5827,4.62267,-4.75585
98.5534997,4.07974,4.07974,5.24497,4.21892,-5.15358
98.55974674,3.7099,3.7099,4.94015,3.86055,-5.46377
98.56390502,3.45621,3.45621,4.72844,3.61451,-5.65573
98.56837918,3.1769,3.1769,4.4931,3.34347,-5.84934
98.5773275,2.59997,2.59997,4.00022,2.78309,-6.19737
98.58758088,1.91128,1.91128,3.40129,2.11329,-6.53353
98.59935395,1.08826,1.08826,2.67235,1.31164,-6.83888
98.6196317,-0.393424,-0.393424,1.32864,-0.13498,-7.16803
98.63099614,-1.25163,-1.25163,0.532626,-0.975696,-7.24557
98.63623886,-1.65229,-1.65229,0.156162,-1.3693,-7.25584
98.63792711,-1.78186,-1.78186,0.0337829,-1.49677,-7.25522
98.63901407,-1.86527,-1.86527,-0.0452816,-1.57883,-7.25482
98.63989309,-1.93273,-1.93273,-0.109368,-1.64537,-7.25333
98.64088164,-2.00859,-2.00859,-0.181591,-1.7202,-7.25166
98.64196357,-2.09163,-2.09163,-0.260815,-1.8021,-7.24855
98.64317325,-2.18446,-2.18446,-0.349608,-1.89367,-7.24507
98.64490145,-2.31678,-2.31678,-0.476844,-2.02455,-7.23815
98.64794171,-2.54955,-2.54955,-0.701698,-2.25479,-7.2219
98.65402221,-3.01109,-3.01109,-1.1548,-2.71317,-7.17402
98.65719081,-3.24908,-3.24908,-1.39246,-2.9504,-7.14102
98.66116509,-3.54425,-3.54425,-1.6916,-3.24552,-7.09191
98.66298572,-3.67802,-3.67802,-1.82895,-3.37961,-7.06656
98.66439911,-3.78112,-3.78112,-1.93557,-3.48311,-7.04566
98.66662255,-3.94182,-3.94182,-2.1033,-3.64473,-7.01065
98.67090117,-4.24519,-4.24519,-2.42542,-3.95083,-6.93596
98.67945842,-4.82273,-4.82273,-3.06245,-4.53757,-6.75835
98.6859422,-5.22907,-5.22907,-3.53446,-4.95409,-6.5992
98.68878423,-5.39769,-5.39769,-3.7376,-5.12795,-6.52286
98.69035438,-5.48819,-5.48819,-3.84835,-5.22148,-6.47863
98.6912862,-5.54064,-5.54064,-3.91407,-5.27575,-6.45238
98.6921883,-5.59142,-5.59142,-3.97682,-5.32829,-6.42596
98.69347023,-5.66198,-5.66198,-4.06599,-5.40136,-6.3884
98.69501913,-5.74551,-5.74551,-4.17236,-5.48793,-6.34165
98.69811693,-5.90705,-5.90705,-4.38133,-5.65554,-6.24477
98.70431253,-6.20882,-6.20882,-4.78171,-5.96949,-6.03773
98.70864024,-6.40316,-6.40316,-5.04575,-6.17239,-5.88279
98.71056899,-6.48548,-6.48548,-5.15897,-6.25855,-5.81105
98.71210109,-6.54902,-6.54902,-5.24685,-6.32515,-5.75242
98.71352937,-6.60679,-6.60679,-5.32711,-6.38577,-5.69775
98.71499703,-6.66469,-6.66469,-5.40793,-6.44661,-5.64018
98.71793234,-6.77606,-6.77606,-5.56464,-6.56389,-5.52229
98.72380297,-6.98125,-6.98125,-5.85916,-6.781,-5.27574
98.73376397,-7.27647,-7.27647,-6.30381,-7.09674,-4.82593
98.7445506,-7.52195,-7.52195,-6.70993,-7.36483,-4.29653
98.75857336,-7.72776,-7.72776,-7.12412,-7.60055,-3.54779
98.7752088,-7.80989,-7.80989,-7.45243,-7.71861,-2.58026
98.80673843,-7.51037,-7.51037,-7.6088,-7.48658,-0.560306
98.82603072,-7.04866,-7.04866,-7.41501,-7.06489,0.769436
98.83493115,-6.76772,-6.76772,-7.25403,-6.80193,1.39945
98.83717721,-6.69022,-6.69022,-7.2064,-6.72891,1.55977
98.8396328,-6.60256,-6.60256,-7.15118,-6.64612,1.73505
98.84203563,-6.51389,-6.51389,-7.09403,-6.56219,1.90665
98.84684128,-6.32822,-6.32822,-6.97065,-6.38588,2.24898
98.85645257,-5.9246,-5.9246,-6.68855,-6.00065,2.92447
98.87567516,-4.99779,-4.99779,-5.9911,-5.10965,4.18673
98.8885301,-4.29533,-4.29533,-5.43104,-4.43078,4.9282
98.89421511,-3.96476,-3.96476,-5.16049,-4.11063,5.22427
98.89966976,-3.63696,-3.63696,-4.88847,-3.79284,5.48783
98.90404545,-3.36685,-3.36685,-4.6618,-3.5308,5.68452
98.90897295,-3.05547,-3.05547,-4.3979,-3.22852,5.89055
98.91882796,-2.41156,-2.41156,-3.84419,-2.60281,6.255
98.92976247,-1.6671,-1.6671,-3.19215,-1.87838,6.58695
98.94236139,-0.775214,-0.775214,-2.39635,-1.00913,6.87709
98.96499317,0.895101,0.895101,-0.867769,0.623551,7.15737
98.97361575,1.54872,1.54872,-0.255535,1.26528,7.18399
98.97834715,1.9098,1.9098,0.0864699,1.6206,7.18013
98.97952519,1.9997,1.9997,0.172249,1.70941,7.1769
98.9802484,2.0549,2.0549,0.225022,1.76393,7.17492
98.98116258,2.12466,2.12466,0.291845,1.83285,7.17128
98.98271675,2.24327,2.24327,0.40573,1.95002,7.16509
98.98527697,2.43835,2.43835,0.594067,2.14303,7.15125
98.99021202,2.81233,2.81233,0.959409,2.51409,7.11421
98.99431268,3.12012,3.12012,1.26498,2.82059,7.07316
98.99711721,3.32863,3.32863,1.47481,3.02882,7.03976
98.99939865,3.49683,3.49683,1.64596,3.19716,7.00942
99.00043493,3.57258,3.57258,1.7237,3.27313,6.99444
99.00141785,3.64443,3.64443,1.79752,3.34519,6.98022
99.00431079,3.8535,3.8535,2.0148,3.55536,6.93458
99.00731882,4.06742,4.06742,2.24052,3.77103,6.88241
99.01333489,4.48237,4.48237,2.68958,4.19141,6.76389
99.02536702,5.24336,5.24336,3.56435,4.97044,6.47182
99.02926098,5.46799,5.46799,3.83872,5.20242,6.36183
99.03173563,5.6048,5.6048,4.01016,5.34408,6.28807
99.03410679,5.73142,5.73142,4.17184,5.47541,6.21465
99.03633737,5.84658,5.84658,4.32135,5.59501,6.14314
99.04039624,6.04651,6.04651,4.58602,5.80305,6.00708
99.04590694,6.29867,6.29867,4.92783,6.06628,5.81033
99.04838554,6.40495,6.40495,5.07444,6.17758,5.71738
99.04979716,6.46289,6.46289,5.15584,6.23903,5.66282
99.05108854,6.5159,6.5159,5.22892,6.29345,5.6129
99.05237007,6.56611,6.56611,5.30013,6.34746,5.56188
99.05374325,6.6199,6.6199,5.37499,6.40345,5.5072
99.05648959,6.72238,6.72238,5.52038,6.51156,5.39468
99.06198228,6.91187,6.91187,5.79439,6.71239,5.1602
99.07296766,7.22971,7.22971,6.27872,7.05325,4.65509
99.08295976,7.4489,7.4489,6.64804,7.29372,4.1559
99.09849576,7.66011,7.66011,7.09194,7.53853,3.31123
99.11318071,7.71806,7.71806,7.36875,7.62858,2.44364
99.14255062,7.44337,7.44337,7.52244,7.41753,0.548292
99.16113434,7.01397,7.01397,7.35404,7.0272,-0.738257
99.16980104,6.74896,6.74896,7.20735,6.77996,-1.35472
99.17288145,6.64514,6.64514,7.145,6.68238,-1.57569
99.17411091,6.60197,6.60197,7.11825,6.64168,-1.66389
99.17526284,6.56152,6.56152,7.0932,6.60355,-1.74665
99.17756669,6.47792,6.47792,7.04017,6.52455,-1.91218
99.18217439,6.30293,6.30293,6.92565,6.35867,-2.24251
99.19138979,5.92274,5.92274,6.66359,5.99639,-2.89536
99.20982059,5.04996,5.04996,6.01462,5.15851,-4.12386
99.22278955,4.35216,4.35216,5.46352,4.48488,-4.89047
99.22846396,4.0263,4.0263,5.19891,4.16958,-5.19452
99.23391072,3.70258,3.70258,4.9322,3.85602,-5.466
99.23773637,3.4691,3.4691,4.73768,3.62969,-5.64453
99.24199221,3.20373,3.20373,4.51457,3.37229,-5.83149
99.25050389,2.65633,2.65633,4.0482,2.84087,-6.16971
99.26058758,1.98133,1.98133,3.46295,2.18472,-6.51045
99.27199468,1.18682,1.18682,2.7615,1.41124,-6.81933
99.29128857,-0.217223,-0.217223,1.49305,0.0412527,-7.16147
99.30363214,-1.14687,-1.14687,0.634167,-0.868631,-7.26369
99.30932423,-1.58158,-1.58158,0.227006,-1.29532,-7.28061
99.31096683,-1.70766,-1.70766,0.108296,-1.41922,-7.28158
99.31180103,-1.77169,-1.77169,0.0478152,-1.48215,-7.28207
99.31261146,-1.8339,-1.8339,-0.0110579,-1.54344,-7.28156
99.31354451,-1.90551,-1.90551,-0.078976,-1.61401,-7.28098
99.31459877,-1.98647,-1.98647,-0.155889,-1.69374,-7.27918
99.31561444,-2.06446,-2.06446,-0.230157,-1.77069,-7.27744
99.3167538,-2.15195,-2.15195,-0.313661,-1.85701,-7.274
99.31815424,-2.25949,-2.25949,-0.416571,-1.9631,-7.26976
99.32047385,-2.43725,-2.43725,-0.587653,-2.13883,-7.25958
99.32508136,-2.78874,-2.78874,-0.92959,-2.4872,-7.23041
99.3291376,-3.09558,-3.09558,-1.23266,-2.79235,-7.195
99.33200166,-3.3103,-3.3103,-1.44761,-3.0065,-7.16455
99.33527165,-3.553,-3.553,-1.69381,-3.2492,-7.12433
99.3361931,-3.62071,-3.62071,-1.76319,-3.31707,-7.1117
99.3371902,-3.69399,-3.69399,-1.83838,-3.39051,-7.09804
99.3386431,-3.79993,-3.79993,-1.94794,-3.49688,-7.07682
99.3409249,-3.96475,-3.96475,-2.12,-3.66265,-7.04123
99.34543457,-4.28393,-4.28393,-2.45927,-3.98479,-6.96283
99.3544539,-4.88903,-4.88903,-3.12919,-4.6,-6.77461
99.35645941,-5.01581,-5.01581,-3.27581,-4.72992,-6.7261
99.36047042,-5.26207,-5.26207,-3.56605,-4.98308,-6.62428
99.36198784,-5.35233,-5.35233,-3.67438,-5.07567,-6.58361
99.36291731,-5.40635,-5.40635,-3.74073,-5.13239,-6.55869
99.36397477,-5.46782,-5.46782,-3.81539,-5.19537,-6.52927
99.36437957,-5.49076,-5.49076,-3.84397,-5.21948,-6.518
99.36476948,-5.51286,-5.51286,-3.8715,-5.24229,-6.50715
99.36554929,-5.55706,-5.55706,-3.92601,-5.28792,-6.48482
99.36627976,-5.59747,-5.59747,-3.97707,-5.32979,-6.4639
99.36731914,-5.65498,-5.65498,-4.04913,-5.38937,-6.43299
99.36939788,-5.76686,-5.76686,-4.19168,-5.50537,-6.37116
99.3727302,-5.93931,-5.93931,-4.41542,-5.68444,-6.26697
99.37939483,-6.2597,-6.2597,-4.84206,-6.01809,-6.04323
99.38291011,-6.41579,-6.41579,-5.05473,-6.18122,-5.91709
99.3846497,-6.4898,-6.4898,-5.15657,-6.25872,-5.85205
99.38613658,-6.55138,-6.55138,-5.24174,-6.32329,-5.79646
99.38756912,-6.60926,-6.60926,-5.32216,-6.38407,-5.741
99.38896894,-6.66446,-6.66446,-5.39919,-6.4421,-5.68681
99.39176858,-6.77083,-6.77083,-5.54878,-6.55416,-5.57504
99.39736785,-6.96759,-6.96759,-5.83071,-6.7624,-5.34166
99.40732058,-7.26537,-7.26537,-6.27773,-7.08085,-4.8957
99.41785723,-7.50897,-7.50897,-6.67815,-7.34673,-4.38239
99.4320226,-7.72241,-7.72241,-7.10197,-7.59065,-3.63085
99.44805463,-7.80989,-7.80989,-7.42673,-7.71308,-2.7039
99.48008215,-7.5225,-7.5225,-7.60297,-7.49494,-0.660358
99.50081094,-7.02624,-7.02624,-7.39459,-7.04207,0.767678
99.51011364,-6.72804,-6.72804,-7.22155,-6.7628,1.42698
99.51271956,-6.63636,-6.63636,-7.16442,-6.67636,1.61323
99.51548121,-6.53546,-6.53546,-7.09987,-6.58096,1.81061
99.51825895,-6.43021,-6.43021,-7.03087,-6.48121,2.00914
99.52381443,-6.2087,-6.2087,-6.88086,-6.27056,2.40454
99.53492538,-5.72338,-5.72338,-6.53432,-5.80652,3.17967
99.55714728,-4.59855,-4.59855,-5.66812,-4.72316,4.58325
99.56569146,-4.11437,-4.11437,-5.27629,-4.25475,5.05343
99.57069679,-3.81831,-3.81831,-5.03239,-3.96792,5.30732
99.57454287,-3.58495,-3.58495,-4.83809,-3.74167,5.4908
99.57857382,-3.33518,-3.33518,-4.62829,-3.49936,5.67218
99.58663571,-2.82073,-2.82073,-4.19066,-2.99989,6.00227
99.59951985,-1.96114,-1.96114,-3.44494,-2.16413,6.44252
99.61167646,-1.11263,-1.11263,-2.69341,-1.33778,6.76198
99.63004637,0.224604,0.224604,-1.4822,-0.0325951,7.07304
99.64202759,1.12483,1.12483,-0.649461,0.848533,7.16674
99.6476679,1.55419,1.55419,-0.247044,1.26992,7.18146
99.64969291,1.70907,1.70907,-0.101073,1.42212,7.18172
99.65048907,1.76997,1.76997,-0.0434789,1.48197,7.18183
99.65126891,1.82961,1.82961,0.013037,1.54074,7.18091
99.65218346,1.89956,1.89956,0.0794412,1.60966,7.17984
99.65326015,1.98194,1.98194,0.157787,1.69081,7.17741
99.6542567,2.05818,2.05818,0.23046,1.76601,7.17517
99.65537695,2.14388,2.14388,0.312332,1.85056,7.1712
99.65668064,2.24362,2.24362,0.407841,1.94895,7.16659
99.65879266,2.40489,2.40489,0.563073,2.10834,7.15641
99.66280016,2.70968,2.70968,0.859194,2.41028,7.13018
99.66717179,3.03951,3.03951,1.18428,2.73807,7.09137
99.67026683,3.27081,3.27081,1.41552,2.96866,7.05751
99.67385477,3.53603,3.53603,1.68448,3.23382,7.0117
99.67478869,3.60435,3.60435,1.75449,3.30229,6.99839
99.67572704,3.67299,3.67299,1.82494,3.37108,6.98502
99.67705416,3.76936,3.76936,1.92457,3.46782,6.96497
99.67909971,3.91663,3.91663,2.07813,3.61589,6.93222
99.68292858,4.18762,4.18762,2.36504,3.88915,6.86496
99.69058632,4.70694,4.70694,2.9336,4.4161,6.70759
99.69250075,4.83061,4.83061,3.07404,4.54243,6.66259
99.69632962,5.0718,5.0718,3.35258,4.78953,6.56816
99.69924017,5.24844,5.24844,3.5616,4.97125,6.49188
99.70164654,5.38964,5.38964,3.73233,5.11704,6.42577
99.70315567,5.47582,5.47582,3.8382,5.20621,6.38274
99.70352786,5.49669,5.49669,3.86431,5.22783,6.37213
99.70415151,5.53166,5.53166,3.90762,5.26405,6.35372
99.70492806,5.57436,5.57436,3.96156,5.30832,6.3308
99.70580948,5.62283,5.62283,4.02199,5.35857,6.30478
99.70741076,5.70881,5.70881,4.13178,5.44776,6.25602
99.71054145,5.87117,5.87117,4.3419,5.61638,6.15719
99.71623061,6.14742,6.14742,4.70869,5.90403,5.96592
99.72057643,6.34251,6.34251,4.97413,6.10787,5.80984
99.72286354,6.43975,6.43975,5.10825,6.20973,5.72429
99.72408113,6.48951,6.48951,5.178,6.26197,5.67749
99.72523775,6.53679,6.53679,5.24316,6.31158,5.63303
99.72677301,6.59744,6.59744,5.32802,6.37536,5.57216
99.72838322,6.6593,6.6593,5.41504,6.44051,5.50833
99.73160366,6.77768,6.77768,5.58316,6.56549,5.37628
99.73804452,6.99321,6.99321,5.89666,6.79432,5.09925
99.74803109,7.27207,7.27207,6.32546,7.0941,4.63704
99.75925619,7.50628,7.50628,6.72714,7.35224,4.07277
99.77342233,7.6844,7.6844,7.11611,7.56104,3.29866
99.79142235,7.727,7.727,7.42509,7.64299,2.22687
99.82311279,7.33241,7.33241,7.48695,7.31669,0.153392
99.84008878,6.8871,6.8871,7.27637,6.90678,-1.03169
99.84764224,6.63887,6.63887,7.12981,6.67393,-1.56984
99.85035473,6.54243,6.54243,7.06942,6.58295,-1.76411
99.85289524,6.44875,6.44875,7.00924,6.49435,-1.94606
99.85750118,6.27084,6.27084,6.8914,6.32556,-2.27521
99.86671306,5.885,5.885,6.62291,5.95765,-2.9252
99.88513681,5.00172,5.00172,5.96191,5.10934,-4.14564
99.89781349,4.31346,4.31346,5.41622,4.44479,-4.88939
99.90339255,3.99089,3.99089,5.15358,4.13263,-5.18635
99.90874403,3.67099,3.67099,4.88945,3.82275,-5.45153
99.91261571,3.43344,3.43344,4.69118,3.59247,-5.63118
99.91699551,3.15883,3.15883,4.45987,3.3261,-5.82221
99.92575511,2.59213,2.59213,3.97608,2.77589,-6.1666
99.93590477,1.90868,1.90868,3.38234,2.11146,-6.50447
99.94749092,1.0972,1.0972,2.66459,1.32139,-6.81175
99.96727387,-0.349832,-0.349832,1.35474,-0.0907815,-7.1482
99.97875656,-1.21776,-1.21776,0.551546,-0.940534,-7.23652
99.98406351,-1.62386,-1.62386,0.170852,-1.33924,-7.25118
99.98565523,-1.74621,-1.74621,0.0555833,-1.45952,-7.25192
99.98665579,-1.82312,-1.82312,-0.0171111,-1.53512,-7.25239
99.98762656,-1.89774,-1.89774,-0.0878055,-1.60866,-7.25157
99.98861402,-1.97364,-1.97364,-0.159874,-1.68346,-7.25074
99.98963046,-2.05177,-2.05177,-0.234222,-1.76045,-7.2487
99.99075737,-2.13839,-2.13839,-0.31684,-1.84592,-7.24644
99.9921012,-2.24168,-2.24168,-0.415613,-1.94784,-7.24241
99.9942746,-2.40847,-2.40847,-0.575919,-2.11268,-7.23375
99.99846951,-2.72915,-2.72915,-0.887116,-2.43015,-7.20955
100,-2.84564,-2.84564,-1.00121,-2.54598,-7.19828
