"TIME","SIN1","SIN2","SIN3","SIN4","SIN5"
90,-1.92272,-1.92272,-0.580657,-1.67198,-7.09776
90.00079011,-1.98468,-1.98468,-0.64217,-1.7336,-7.08819
90.00169309,-2.0555,-2.0555,-0.712643,-1.80403,-7.0766
90.00277875,-2.14065,-2.14065,-0.797373,-1.8888,-7.06266
90.00376325,-2.21786,-2.21786,-0.874474,-1.96568,-7.04894
90.00485689,-2.30353,-2.30353,-0.960122,-2.05107,-7.03371
90.00622785,-2.41094,-2.41094,-1.06778,-2.15813,-7.01335
90.00853917,-2.59164,-2.59164,-1.24978,-2.33861,-6.97679
90.0131618,-2.95119,-2.95119,-1.61533,-2.69856,-6.89527
90.01539475,-3.12375,-3.12375,-1.7927,-2.87174,-6.85192
90.01813014,-3.33384,-3.33384,-2.00997,-3.08297,-6.79531
90.01994066,-3.47197,-3.47197,-2.15402,-3.22209,-6.75575
90.02294027,-3.69884,-3.69884,-2.39266,-3.45098,-6.68657
90.02629862,-3.94931,-3.94931,-2.65931,-3.70429,-6.60379
90.03301533,-4.43591,-4.43591,-3.18825,-4.19812,-6.42173
90.04644875,-5.32623,-5.32623,-4.20549,-5.10648,-5.99411
90.0484279,-5.44733,-5.44733,-4.35019,-5.23059,-5.92363
90.04894403,-5.47823,-5.47823,-4.38751,-5.26226,-5.90525
90.04995645,-5.53883,-5.53883,-4.4607,-5.3244,-5.86829
90.05075631,-5.58564,-5.58564,-4.51782,-5.3724,-5.83909
90.05164356,-5.63756,-5.63756,-4.58117,-5.42564,-5.80599
90.05261578,-5.69301,-5.69301,-4.64955,-5.48252,-5.76972
90.0535364,-5.74552,-5.74552,-4.7143,-5.53638,-5.73455
90.05487484,-5.82009,-5.82009,-4.80706,-5.61289,-5.68341
90.05627155,-5.89639,-5.89639,-4.90256,-5.6912,-5.62895
90.05906498,-6.04442,-6.04442,-5.08929,-5.84324,-5.51753
90.06119572,-6.1533,-6.1533,-5.22768,-5.95518,-5.4298
90.06239272,-6.21266,-6.21266,-5.30349,-6.01627,-5.38052
90.06303004,-6.24427,-6.24427,-5.34385,-6.0488,-5.3536
90.06421045,-6.30149,-6.30149,-5.41711,-6.10773,-5.30373
90.06607501,-6.38977,-6.38977,-5.53038,-6.19875,-5.22356
90.06802041,-6.47918,-6.47918,-5.64546,-6.29104,-5.13842
90.07191121,-6.64982,-6.64982,-5.86646,-6.46758,-4.96364
90.07969282,-6.9589,-6.9589,-6.27358,-6.78901,-4.59665
90.09134996,-7.34302,-7.34302,-6.80066,-7.19311,-4.00577
90.10274558,-7.62852,-7.62852,-7.22313,-7.49982,-3.38373
90.11707324,-7.86368,-7.86368,-7.6276,-7.76381,-2.54551
90.13993104,-7.96257,-7.96257,-7.98869,-7.91264,-1.09985
90.16352425,-7.72461,-7.72461,-8.00755,-7.72937,0.500545
90.17425783,-7.50603,-7.50603,-7.90034,-7.53627,1.25535
90.18239187,-7.29643,-7.29643,-7.77249,-7.34601,1.83227
90.18498411,-7.22182,-7.22182,-7.72342,-7.27755,2.01636
90.18733365,-7.15103,-7.15103,-7.67556,-7.21231,2.18321
90.19203271,-7.00061,-7.00061,-7.57031,-7.07294,2.51516
90.20143084,-6.66552,-6.66552,-7.32275,-6.75958,3.16703
90.21643486,-6.04091,-6.04091,-6.82956,-6.16811,4.14571
90.22618225,-5.57891,-5.57891,-6.4472,-5.72634,4.72343
90.23127282,-5.32077,-5.32077,-6.2288,-5.47829,5.00238
90.23397476,-5.17923,-5.17923,-6.10781,-5.34196,5.1433
90.23643864,-5.0475,-5.0475,-5.99451,-5.21491,5.26723
90.23929617,-4.89164,-4.89164,-5.85961,-5.06439,5.40548
90.24231319,-4.72357,-4.72357,-5.71321,-4.90188,5.54516
90.24834724,-4.37697,-4.37697,-5.40849,-4.56619,5.80584
90.25738477,-3.83317,-3.83317,-4.92369,-4.03825,6.15134
90.27002067,-3.02724,-3.02724,-4.19259,-3.25356,6.54698
90.28413712,-2.07088,-2.07088,-3.30899,-2.31956,6.87143
90.30423689,-0.62542,-0.62542,-1.9468,-0.903157,7.12541
90.32536342,0.973365,0.973365,-0.408118,0.669539,7.13775
90.33526691,1.74247,1.74247,0.344995,1.4298,7.05595
90.3405072,2.15211,2.15211,0.750321,1.83607,6.9906
90.34299984,2.34696,2.34696,0.944585,2.03002,6.95423
90.34522098,2.52059,2.52059,1.11836,2.20284,6.919
90.34795822,2.73395,2.73395,1.33323,2.41571,6.87199
90.35138415,2.99966,2.99966,1.60311,2.68143,6.80761
90.35348917,3.162,3.162,1.76951,2.84414,6.76502
90.35605252,3.35852,3.35852,1.97215,3.04148,6.71007
90.35776467,3.48896,3.48896,2.10771,3.17268,6.67148
90.36010461,3.66594,3.66594,2.29297,3.351,6.61635
90.36216687,3.82051,3.82051,2.45612,3.50703,6.56547
90.3662914,4.12495,4.12495,2.78143,3.81515,6.45738
90.37454046,4.70953,4.70953,3.42338,4.40969,6.21645
90.3808837,5.13195,5.13195,3.90466,4.84171,6.00926
90.38619306,5.46354,5.46354,4.29565,5.18217,5.82156
90.38857367,5.60515,5.60515,4.46679,5.32787,5.73325
90.39072221,5.72901,5.72901,4.61861,5.45538,5.65139
90.39253308,5.83047,5.83047,4.74442,5.55989,5.58082
90.39439968,5.93227,5.93227,4.87185,5.66481,5.50659
90.39613838,6.0246,6.0246,4.98836,5.76002,5.4361
90.39993804,6.21814,6.21814,5.23483,5.95985,5.27759
90.40134464,6.28678,6.28678,5.32312,6.03082,5.21717
90.40167843,6.30306,6.30306,5.34368,6.04766,5.20283
90.40202892,6.31972,6.31972,5.36526,6.0649,5.18777
90.40272991,6.35303,6.35303,5.40844,6.09938,5.15704
90.40340221,6.38497,6.38497,5.44898,6.13245,5.12757
90.40431773,6.42696,6.42696,5.50419,6.17598,5.08743
90.40614876,6.51093,6.51093,5.61196,6.26305,5.00562
90.40909493,6.63992,6.63992,5.77958,6.39711,4.8712
90.41498726,6.87915,6.87915,6.09434,6.6468,4.59224
90.42473254,7.22087,7.22087,6.55786,7.00686,4.1026
90.43543957,7.52004,7.52004,6.98822,7.32772,3.52643
90.44909318,7.78783,7.78783,7.42075,7.62537,2.73876
90.46559092,7.94528,7.94528,7.77352,7.82175,1.71731
90.49611649,7.78125,7.78125,7.95514,7.73505,-0.325645
90.51035762,7.51,7.51,7.83657,7.50132,-1.32747
90.51872716,7.29524,7.29524,7.70852,7.30876,-1.92282
90.52155662,7.21359,7.21359,7.65563,7.23461,-2.12423
90.52414951,7.13487,7.13487,7.60301,7.16275,-2.30879
90.52933529,6.96655,6.96655,7.4861,7.00808,-2.67522
90.53970686,6.58793,6.58793,7.2069,6.65628,-3.39064
90.55040345,6.14123,6.14123,6.85775,6.23634,-4.08997
90.55920267,5.73292,5.73292,6.52571,5.84916,-4.62407
90.56449899,5.47006,5.47006,6.30698,5.59857,-4.92342
90.56696594,5.34337,5.34337,6.20036,5.47746,-5.05647
90.568879,5.2433,5.2433,6.11566,5.38167,-5.15664
90.57061872,5.15095,5.15095,6.03712,5.29317,-5.24542
90.57238998,5.05563,5.05563,5.95569,5.20173,-5.33354
90.57593249,4.86114,4.86114,5.78851,5.01492,-5.50311
90.58301752,4.45728,4.45728,5.4373,4.62613,-5.81659
90.59415357,3.78489,3.78489,4.84216,3.97671,-6.24301
90.60554025,3.0535,3.0535,4.18265,3.2679,-6.59783
90.62036671,2.04251,2.04251,3.25412,2.28484,-6.94012
90.64536447,0.218737,0.218737,1.5397,0.503834,-7.22033
90.66822723,-1.53811,-1.53811,-0.15781,-1.2246,-7.1624
90.67653507,-2.18902,-2.18902,-0.800448,-1.86939,-7.0688
90.67968958,-2.43669,-2.43669,-1.04749,-2.11568,-7.02335
90.68198139,-2.61663,-2.61663,-1.22785,-2.29461,-6.98697
90.68420017,-2.7903,-2.7903,-1.40302,-2.46785,-6.94911
90.68709574,-3.01594,-3.01594,-1.63229,-2.69332,-6.89584
90.68903216,-3.16579,-3.16579,-1.7861,-2.84336,-6.8578
90.69052128,-3.28103,-3.28103,-1.90437,-2.95875,-6.82699
90.69113826,-3.3284,-3.3284,-1.95338,-3.00655,-6.81423
90.6928871,-3.46266,-3.46266,-2.0925,-3.14129,-6.77633
90.69511283,-3.63219,-3.63219,-2.26956,-3.31186,-6.72586
90.69706274,-3.77949,-3.77949,-2.42468,-3.46032,-6.67961
90.70086599,-4.06288,-4.06288,-2.72644,-3.74665,-6.58396
90.70847249,-4.60985,-4.60985,-3.32348,-4.30184,-6.37161
90.71453663,-5.02276,-5.02276,-3.78952,-4.7232,-6.18264
90.71605267,-5.12177,-5.12177,-3.90404,-4.82459,-6.13215
90.71908474,-5.31558,-5.31558,-4.13073,-5.02331,-6.02868
90.72090248,-5.42859,-5.42859,-4.26441,-5.13934,-5.96447
90.72186676,-5.48713,-5.48713,-4.33533,-5.1995,-5.9304
90.72279731,-5.54361,-5.54361,-4.40283,-5.25755,-5.89656
90.72319258,-5.56712,-5.56712,-4.43151,-5.28172,-5.88219
90.72384188,-5.60574,-5.60574,-4.47814,-5.32143,-5.85857
90.72452633,-5.64566,-5.64566,-4.5273,-5.36249,-5.83313
90.72552651,-5.704,-5.704,-4.59806,-5.42248,-5.79595
90.72683846,-5.77889,-5.77889,-4.69088,-5.49952,-5.74599
90.72800812,-5.84395,-5.84395,-4.77191,-5.56646,-5.70145
90.72914977,-5.90745,-5.90745,-4.851,-5.63179,-5.65652
90.73143308,-6.0303,-6.0303,-5.00554,-5.75828,-5.56667
90.73501618,-6.21496,-6.21496,-5.23997,-5.94864,-5.42034
90.73665974,-6.29637,-6.29637,-5.34406,-6.03268,-5.3513
90.73698711,-6.31219,-6.31219,-5.36443,-6.04903,-5.33755
90.73764187,-6.34383,-6.34383,-5.40517,-6.08172,-5.30949
90.73832991,-6.37708,-6.37708,-5.44724,-6.11608,-5.28001
90.73917118,-6.41644,-6.41644,-5.49868,-6.15681,-5.24396
90.74083306,-6.4942,-6.4942,-5.59805,-6.23727,-5.17146
90.74368934,-6.62229,-6.62229,-5.76355,-6.37009,-5.04427
90.74925417,-6.85509,-6.85509,-6.06759,-6.61241,-4.78733
90.75900118,-7.21036,-7.21036,-6.54438,-6.98541,-4.30946
90.76944593,-7.518,-7.518,-6.97954,-7.31359,-3.76027
90.78306992,-7.8077,-7.8077,-7.43301,-7.63239,-2.99113
90.79874206,-7.98803,-7.98803,-7.79836,-7.84904,-2.04071
90.83008636,-7.88183,-7.88183,-8.04641,-7.82167,0.0218604
90.84543819,-7.6113,-7.6113,-7.93986,-7.5917,1.0916
90.85260566,-7.4376,-7.4376,-7.84021,-7.43717,1.59937
90.85516563,-7.36842,-7.36842,-7.79707,-7.37485,1.78145
90.85754993,-7.30071,-7.30071,-7.75338,-7.31353,1.95104
90.86231853,-7.15603,-7.15603,-7.6561,-7.18158,2.28926
90.87185572,-6.83077,-6.83077,-7.42283,-6.88149,2.95608
90.89093011,-6.04562,-6.04562,-6.80953,-6.14458,4.19997
90.90144736,-5.53984,-5.53984,-6.39123,-5.66381,4.81118
90.90677224,-5.26496,-5.26496,-6.1586,-5.40108,5.09512
90.91029422,-5.07652,-5.07652,-5.99731,-5.22049,5.27236
90.91324066,-4.91496,-4.91496,-5.85798,-5.0654,5.41393
90.91628727,-4.74428,-4.74428,-5.7098,-4.90131,5.55391
90.9223805,-4.39224,-4.39224,-5.4013,-4.56226,5.8149
90.93300857,-3.74625,-3.74625,-4.82638,-3.93827,6.21182
90.94423651,-3.02302,-3.02302,-4.17141,-3.23742,6.55295
90.95947458,-1.9826,-1.9826,-3.21203,-2.22581,6.89088
90.98411615,-0.186587,-0.186587,-1.51779,-0.472065,7.14263
91.00748452,1.60072,1.60072,0.216356,1.2876,7.05811
91.01587335,2.25331,2.25331,0.864167,1.93493,6.95294
91.01908898,2.50362,2.50362,1.11542,2.18427,6.90238
91.02141095,2.68437,2.68437,1.2977,2.36432,6.86241
91.02365759,2.85854,2.85854,1.47456,2.53807,6.82103
91.02608602,3.04593,3.04593,1.6662,2.72588,6.77334
91.02910031,3.277,3.277,1.90462,2.95769,6.7099
91.02978354,3.32903,3.32903,1.95867,3.00993,6.69471
91.03071971,3.40033,3.40033,2.0328,3.08152,6.67389
91.03163654,3.46972,3.46972,2.10541,3.15162,6.65267
91.03267091,3.54802,3.54802,2.18733,3.23019,6.62873
91.03394867,3.64414,3.64414,2.28852,3.32725,6.59812
91.03610629,3.80526,3.80526,2.45923,3.48992,6.54457
91.04042152,4.12223,4.12223,2.79953,3.81086,6.43055
91.04905198,4.72884,4.72884,3.47015,4.42835,6.17551
91.05563461,5.16133,5.16133,3.96758,4.87125,5.95738
91.05662354,5.22359,5.22359,4.04061,4.93523,5.92227
91.0586014,5.34624,5.34624,4.18668,5.06138,5.85207
91.06020456,5.44352,5.44352,4.30336,5.16154,5.79343
91.06065188,5.47011,5.47011,4.33592,5.18894,5.77707
91.06096618,5.48879,5.48879,4.35851,5.20819,5.76558
91.061609,5.527,5.527,4.40471,5.24757,5.74156
91.06216627,5.55949,5.55949,4.44476,5.28106,5.72074
91.0628851,5.60141,5.60141,4.49582,5.32426,5.69346
91.06366483,5.64585,5.64585,4.5512,5.37009,5.66387
91.06470579,5.70519,5.70519,4.62404,5.43127,5.62357
91.06565321,5.75758,5.75758,4.69035,5.4853,5.58689
91.06705496,5.83509,5.83509,4.78692,5.56523,5.53118
91.06839186,5.90702,5.90702,4.87779,5.63946,5.47805
91.07106565,6.0467,6.0467,5.05562,5.78368,5.36871
91.0731309,6.1508,6.1508,5.18921,5.89129,5.28219
91.07532337,6.25777,6.25777,5.32722,6.00198,5.18814
91.07588831,6.28463,6.28463,5.36199,6.02981,5.1639
91.07644315,6.31101,6.31101,5.39614,6.05713,5.13962
91.07733087,6.35226,6.35226,5.44966,6.09991,5.10078
91.07821865,6.39352,6.39352,5.50319,6.1427,5.06119
91.0799942,6.47372,6.47372,5.60758,6.22597,4.98201
91.08354531,6.62726,6.62726,5.80862,6.38577,4.81928
91.09056164,6.90414,6.90414,6.17697,6.67545,4.48349
91.10067908,7.24247,7.24247,6.64378,7.03341,3.96754
91.11230928,7.54396,7.54396,7.08999,7.35917,3.33122
91.12552988,7.77515,7.77515,7.48294,7.62003,2.55679
91.14475927,7.90542,7.90542,7.84295,7.79675,1.34695
91.17451045,7.65102,7.65102,7.9256,7.6188,-0.669717
91.18511485,7.43067,7.43067,7.8191,7.42655,-1.41971
91.19056261,7.29194,7.29194,7.73739,7.30231,-1.80854
91.19259198,7.23593,7.23593,7.70234,7.2517,-1.95339
91.19459654,7.17835,7.17835,7.66531,7.19945,-2.09646
91.19860566,7.05662,7.05662,7.58419,7.08833,-2.38188
91.20662388,6.78753,6.78753,7.39429,6.84023,-2.94574
91.22266034,6.1521,6.1521,6.90852,6.24536,-4.01512
91.23281051,5.68601,5.68601,6.53083,5.80362,-4.6331
91.23908898,5.37407,5.37407,6.27103,5.50613,-4.98529
91.24209865,5.21835,5.21835,6.13959,5.35715,-5.14488
91.24489176,5.07038,5.07038,6.01372,5.21534,-5.28726
91.24757012,4.92544,4.92544,5.8896,5.07623,-5.41855
91.25053106,4.76181,4.76181,5.74853,4.91897,-5.55782
91.25645295,4.42424,4.42424,5.45465,4.59393,-5.8185
91.26569415,3.87139,3.87139,4.96609,4.06014,-6.17939
91.27809737,3.08336,3.08336,4.25669,3.29676,-6.5786
91.29241641,2.11512,2.11512,3.36802,2.35554,-6.92114
91.31219511,0.692323,0.692323,2.03473,0.967218,-7.19134
91.33380973,-0.94788,-0.94788,0.463515,-0.640098,-7.22632
91.34391941,-1.73678,-1.73678,-0.306085,-1.41725,-7.15166
91.34925538,-2.1563,-2.1563,-0.719738,-1.83188,-7.08943
91.35110796,-2.30195,-2.30195,-0.864428,-1.97641,-7.06384
91.35179357,-2.35586,-2.35586,-0.918137,-2.0299,-7.05437
91.35251002,-2.41218,-2.41218,-0.974261,-2.0858,-7.04358
91.35394292,-2.52484,-2.52484,-1.08676,-2.19759,-7.02198
91.35680872,-2.7496,-2.7496,-1.31246,-2.42116,-6.975
91.36030329,-3.02229,-3.02229,-1.58877,-2.69306,-6.9119
91.36243598,-3.18779,-3.18779,-1.75805,-2.85844,-6.87027
91.3650575,-3.39,-3.39,-1.96613,-3.0609,-6.8159
91.3667468,-3.51948,-3.51948,-2.10047,-3.19078,-6.77901
91.36909703,-3.69832,-3.69832,-2.28738,-3.37047,-6.72527
91.37118238,-3.85558,-3.85558,-2.45313,-3.52877,-6.67528
91.37535308,-4.16524,-4.16524,-2.78367,-3.8413,-6.56884
91.38369447,-4.75944,-4.75944,-3.43604,-4.44401,-6.33075
91.38577982,-4.90103,-4.90103,-3.59636,-4.58837,-6.26499
91.38995051,-5.17697,-5.17697,-3.9133,-4.8702,-6.12866
91.39348173,-5.40122,-5.40122,-4.17656,-5.09979,-6.00747
91.39506066,-5.49845,-5.49845,-4.29242,-5.1995,-5.9513
91.39543556,-5.5211,-5.5211,-4.31993,-5.22274,-5.93796
91.39572503,-5.53859,-5.53859,-4.34094,-5.24069,-5.92766
91.39631944,-5.5745,-5.5745,-4.38408,-5.27754,-5.906
91.39674775,-5.59995,-5.59995,-4.41516,-5.30366,-5.8904
91.39739806,-5.63859,-5.63859,-4.46188,-5.34333,-5.8667
91.39808567,-5.67863,-5.67863,-4.51128,-5.38443,-5.84112
91.39914937,-5.74057,-5.74057,-4.58657,-5.44802,-5.80156
91.40035793,-5.80946,-5.80946,-4.67212,-5.51877,-5.75551
91.40157367,-5.877,-5.877,-4.75639,-5.58871,-5.70918
91.4027384,-5.9417,-5.9417,-4.83713,-5.65459,-5.66389
91.40506786,-6.06676,-6.06676,-4.9948,-5.78314,-5.57158
91.40861556,-6.24914,-6.24914,-5.22693,-5.97083,-5.42656
91.4100742,-6.32115,-6.32115,-5.31945,-6.04502,-5.36519
91.41041271,-6.33786,-6.33786,-5.34051,-6.06224,-5.35095
91.41076498,-6.35479,-6.35479,-5.36244,-6.07971,-5.33613
91.41146952,-6.38866,-6.38866,-5.40628,-6.11466,-5.30585
91.41214098,-6.42095,-6.42095,-5.4472,-6.14796,-5.27699
91.41306552,-6.46387,-6.46387,-5.50355,-6.1923,-5.23726
91.41491459,-6.54971,-6.54971,-5.61356,-6.28099,-5.15625
91.41788253,-6.68131,-6.68131,-5.78431,-6.41727,-5.02337
91.42381841,-6.92565,-6.92565,-6.10519,-6.67131,-4.74734
91.43356609,-7.27316,-7.27316,-6.57533,-7.03591,-4.26571
91.44430567,-7.57986,-7.57986,-7.01459,-7.36313,-3.69663
91.45798253,-7.85691,-7.85691,-7.45805,-7.66874,-2.91867
91.4746149,-8.02629,-8.02629,-7.82624,-7.8761,-1.90175
91.50522145,-7.88125,-7.88125,-8.03172,-7.80732,0.125076
91.52029377,-7.6007,-7.6007,-7.91467,-7.56633,1.17778
91.52750832,-7.41942,-7.41942,-7.80915,-7.40423,1.68906
91.53008205,-7.34756,-7.34756,-7.76389,-7.33924,1.87199
91.532469,-7.27764,-7.27764,-7.71843,-7.27568,2.04164
91.53724291,-7.12857,-7.12857,-7.6176,-7.1393,2.37962
91.54679074,-6.79466,-6.79466,-7.37737,-6.83049,3.04471
91.56588638,-5.99286,-5.99286,-6.75072,-6.07686,4.27925
91.57533968,-5.53297,-5.53297,-6.37122,-5.63949,4.82436
91.58029589,-5.27599,-5.27599,-6.15465,-5.39389,5.08826
91.58403717,-5.0751,-5.0751,-5.98345,-5.20142,5.27632
91.58700755,-4.91153,-4.91153,-5.84292,-5.04442,5.41861
91.59006278,-4.73962,-4.73962,-5.69425,-4.8792,5.55852
91.59617326,-4.38511,-4.38511,-5.3847,-4.53785,5.81929
91.60687732,-3.73181,-3.73181,-4.80524,-3.90701,6.21715
91.61816144,-3.00204,-3.00204,-4.14635,-3.20009,6.55759
91.63359902,-1.94376,-1.94376,-3.17314,-2.17156,6.8956
91.65827301,-0.13895,-0.13895,-1.47453,-0.41013,7.13936
91.67861199,1.42316,1.42316,0.0318778,1.12307,7.07566
91.68650218,2.04053,2.04053,0.638052,1.73238,6.98813
91.68926342,2.25732,2.25732,0.852663,1.94704,6.94936
91.69126677,2.41462,2.41462,1.00906,2.10279,6.91864
91.69256912,2.51661,2.51661,1.11099,2.20408,6.89752
91.69517381,2.72059,2.72059,1.31538,2.40666,6.85258
91.69868082,2.99366,2.99366,1.59155,2.67862,6.78646
91.70082381,3.15957,3.15957,1.76092,2.84421,6.74291
91.703468,3.36303,3.36303,1.96989,3.04767,6.68591
91.70515964,3.49237,3.49237,2.1038,3.17723,6.64757
91.70750114,3.67009,3.67009,2.28915,3.35555,6.59211
91.7095644,3.82527,3.82527,2.45235,3.51155,6.54096
91.7136909,4.1309,4.1309,2.77774,3.81954,6.43233
91.72194392,4.71767,4.71767,3.41985,4.4137,6.19035
91.72828329,5.14116,5.14116,3.90072,4.8448,5.98261
91.73358894,5.47353,5.47353,4.29133,5.1844,5.79453
91.73592273,5.61284,5.61284,4.4591,5.327,5.70777
91.73805832,5.73644,5.73644,4.61003,5.45359,5.62626
91.73987587,5.83869,5.83869,4.73633,5.55835,5.55531
91.74177273,5.94255,5.94255,4.86584,5.66481,5.47975
91.7435171,6.03552,6.03552,4.98271,5.76016,5.4089
91.74732848,6.23039,6.23039,5.2299,5.96022,5.24962
91.74873672,6.29937,6.29937,5.31827,6.03113,5.18902
91.74907074,6.31573,6.31573,5.33884,6.04794,5.17465
91.7494217,6.33247,6.33247,5.36045,6.06517,5.15955
91.75012364,6.36595,6.36595,5.40367,6.09963,5.12886
91.75079614,6.39803,6.39803,5.44421,6.13264,5.09945
91.75171302,6.44025,6.44025,5.49949,6.17614,5.05859
91.75354679,6.52468,6.52468,5.60738,6.26316,4.97687
91.75649609,6.65433,6.65433,5.77512,6.39705,4.8421
91.7623947,6.89482,6.89482,6.09008,6.6464,4.56245
91.77213858,7.23809,7.23809,6.55331,7.00543,4.07231
91.78284933,7.53902,7.53902,6.98359,7.32535,3.49544
91.79650279,7.80873,7.80873,7.41584,7.62169,2.70733
91.81301726,7.96832,7.96832,7.76859,7.81669,1.68456
91.8435377,7.80713,7.80713,7.94952,7.72727,-0.357701
91.85625972,7.57101,7.57101,7.84907,7.5228,-1.25268
91.86365488,7.38991,7.38991,7.74458,7.36034,-1.77912
91.86616483,7.32127,7.32127,7.70155,7.29805,-1.95822
91.86846853,7.25516,7.25516,7.65874,7.23778,-2.1226
91.87307593,7.11422,7.11422,7.56381,7.10848,-2.45
91.88229073,6.79848,6.79848,7.33758,6.81582,-3.09434
91.90072032,6.03972,6.03972,6.7469,6.10157,-4.29377
91.90983287,5.60466,5.60466,6.38931,5.68742,-4.82579
91.91469603,5.357,5.357,6.18139,5.45055,-5.08897
91.91771901,5.19784,5.19784,6.04635,5.29796,-5.24447
91.92061475,5.04174,5.04174,5.91294,5.14809,-5.38738
91.92328354,4.89482,4.89482,5.78655,5.00684,-5.51386
91.92862114,4.59245,4.59245,5.52416,4.71569,-5.75223
91.93929632,3.95558,3.95558,4.96272,4.10074,-6.17286
91.94977046,3.29186,3.29186,4.36704,3.45792,-6.51499
91.96452001,2.29926,2.29926,3.45986,2.49363,-6.88163
91.98551891,0.789178,0.789178,2.04967,1.02122,-7.17768
92.00736398,-0.873266,-0.873266,0.462306,-0.606278,-7.21338
92.01814383,-1.71786,-1.71786,-0.358957,-1.43725,-7.13137
92.02356425,-2.14604,-2.14604,-0.779818,-1.85981,-7.06586
92.02546259,-2.29599,-2.29599,-0.928322,-2.00836,-7.03877
92.02617046,-2.35191,-2.35191,-0.983862,-2.06376,-7.02866
92.02684203,-2.40496,-2.40496,-1.03655,-2.11631,-7.01825
92.02818517,-2.51106,-2.51106,-1.14216,-2.22142,-6.99742
92.03087143,-2.7228,-2.7228,-1.35397,-2.43164,-6.95244
92.03412514,-2.97813,-2.97813,-1.61145,-2.6856,-6.89292
92.03617009,-3.13781,-3.13781,-1.77386,-2.8444,-6.8527
92.03866748,-3.33175,-3.33175,-1.9722,-3.03832,-6.80068
92.0404058,-3.46595,-3.46595,-2.11052,-3.17249,-6.76259
92.04270219,-3.64202,-3.64202,-2.29324,-3.34879,-6.70993
92.04476467,-3.79882,-3.79882,-2.45725,-3.50605,-6.66039
92.04888796,-4.10774,-4.10774,-2.78425,-3.81658,-6.55504
92.05713455,-4.70181,-4.70181,-3.42991,-4.4163,-6.31973
92.06348858,-5.13285,-5.13285,-3.91528,-4.85344,-6.11654
92.06880706,-5.47185,-5.47185,-4.30981,-5.19828,-5.93222
92.07098174,-5.60425,-5.60425,-4.46749,-5.33316,-5.85316
92.07283306,-5.71394,-5.71394,-4.59976,-5.44495,-5.78421
92.07461736,-5.81701,-5.81701,-4.72533,-5.55001,-5.71633
92.0762287,-5.90785,-5.90785,-4.83699,-5.64264,-5.65385
92.07803724,-6.00733,-6.00733,-4.96021,-5.74412,-5.5824
92.08080179,-6.15444,-6.15444,-5.14389,-5.89429,-5.47049
92.0829414,-6.26426,-6.26426,-5.28192,-6.00649,-5.38126
92.08391753,-6.31298,-6.31298,-5.3434,-6.05631,-5.34054
92.08451741,-6.34292,-6.34292,-5.38118,-6.08692,-5.31489
92.08591594,-6.41116,-6.41116,-5.46748,-6.15676,-5.25509
92.08678351,-6.45228,-6.45228,-5.52018,-6.19889,-5.21722
92.08829654,-6.52399,-6.52399,-5.61057,-6.27236,-5.15117
92.0913226,-6.66145,-6.66145,-5.78572,-6.41344,-5.01582
92.09715001,-6.90762,-6.90762,-6.10277,-6.66696,-4.74515
92.10699434,-7.26899,-7.26899,-6.58084,-7.04196,-4.2593
92.11777198,-7.58733,-7.58733,-7.02449,-7.37702,-3.68859
92.13112716,-7.87173,-7.87173,-7.46208,-7.68462,-2.92993
92.14753673,-8.05803,-8.05803,-7.83362,-7.90282,-1.92896
92.17768431,-7.95368,-7.95368,-8.05649,-7.86416,0.0623596
92.19282718,-7.69125,-7.69125,-7.95026,-7.63721,1.11834
92.1998735,-7.52296,-7.52296,-7.85247,-7.4858,1.61753
92.20239892,-7.45567,-7.45567,-7.81008,-7.4246,1.79711
92.20474854,-7.38986,-7.38986,-7.76723,-7.36446,1.96418
92.20944778,-7.24918,-7.24918,-7.6719,-7.23512,2.29734
92.21884625,-6.93266,-6.93266,-7.44357,-6.94114,2.95426
92.23764319,-6.16755,-6.16755,-6.84397,-6.2197,4.18144
92.24884532,-5.63227,-5.63227,-6.40001,-5.70909,4.83128
92.25426909,-5.35283,-5.35283,-6.16273,-5.44114,5.11866
92.25829264,-5.13739,-5.13739,-5.97767,-5.23405,5.31897
92.26149721,-4.96102,-4.96102,-5.82495,-5.06423,5.47042
92.26496591,-4.7655,-4.7655,-5.65444,-4.87572,5.62632
92.27190329,-4.3607,-4.3607,-5.29785,-4.48472,5.91382
92.27981293,-3.87787,-3.87787,-4.86697,-4.01734,6.20323
92.29434516,-2.9372,-2.9372,-4.01312,-3.10418,6.63176
92.31052888,-1.81795,-1.81795,-2.97697,-2.01411,6.95555
92.32785199,-0.550587,-0.550587,-1.78219,-0.776024,7.12763
92.3457097,0.813128,0.813128,-0.474551,0.56021,7.12212
92.35605726,1.62227,1.62227,0.312718,1.35603,7.03618
92.36086246,2.00114,2.00114,0.68462,1.72955,6.97605
92.36318648,2.18438,2.18438,0.865766,1.91094,6.94244
92.36512253,2.33714,2.33714,1.01721,2.06205,6.91222
92.36630513,2.43045,2.43045,1.10994,2.15441,6.89222
92.36806559,2.56911,2.56911,1.24826,2.29189,6.86246
92.3712676,2.82053,2.82053,1.50059,2.54156,6.80316
92.37399071,3.03328,3.03328,1.71585,2.75327,6.74852
92.37695616,3.26355,3.26355,1.95086,2.98271,6.68468
92.37765989,3.31787,3.31787,2.00664,3.03716,6.6687
92.37856966,3.38809,3.38809,2.07874,3.10715,6.64805
92.37954097,3.46263,3.46263,2.15578,3.18188,6.6251
92.38060084,3.54397,3.54397,2.23984,3.26294,6.60006
92.38205973,3.65523,3.65523,2.35556,3.37451,6.56431
92.38461881,3.84876,3.84876,2.55826,3.56857,6.49904
92.38973696,4.22837,4.22837,2.96171,3.95025,6.35885
92.39997327,4.94692,4.94692,3.75134,4.67614,6.041
92.4068723,5.39315,5.39315,4.26368,5.12895,5.79935
92.41011592,5.59087,5.59087,4.49731,5.32999,5.67804
92.41040449,5.60789,5.60789,4.51809,5.34742,5.66725
92.41098162,5.64194,5.64194,4.55889,5.38228,5.64499
92.41185741,5.6936,5.6936,4.62081,5.43441,5.6112
92.41214498,5.71021,5.71021,4.64114,5.45153,5.60011
92.41300584,5.75994,5.75994,4.70116,5.50182,5.5662
92.41359327,5.79332,5.79332,4.74212,5.53613,5.54306
92.41414295,5.82455,5.82455,4.7799,5.56753,5.52141
92.41524231,5.88601,5.88601,4.85544,5.63034,5.47687
92.41744104,6.006,6.006,5.00356,5.75251,5.38778
92.42183849,6.2346,6.2346,5.28852,5.98553,5.20249
92.42329572,6.30704,6.30704,5.37949,6.05946,5.13896
92.42449429,6.36492,6.36492,5.45297,6.11858,5.08671
92.42561183,6.41888,6.41888,5.52038,6.1737,5.03686
92.42679535,6.47447,6.47447,5.59061,6.23054,4.98407
92.42910451,6.57998,6.57998,5.72428,6.33854,4.87895
92.43372285,6.77932,6.77932,5.9788,6.5431,4.66247
92.44295952,7.13223,7.13223,6.4391,6.90741,4.20554
92.45325259,7.45472,7.45472,6.87859,7.24424,3.66076
92.46673983,7.76646,7.76646,7.34129,7.57724,2.89484
92.48059719,7.95832,7.95832,7.68602,7.79366,2.05261
92.5083119,7.96773,7.96773,7.99169,7.85858,0.234864
92.52450873,7.75049,7.75049,7.93997,7.67676,-0.892301
92.53176534,7.60154,7.60154,7.86301,7.54419,-1.40829
92.53410631,7.54681,7.54681,7.83119,7.4948,-1.57586
92.5356718,7.50776,7.50776,7.80733,7.45933,-1.68792
92.53718581,7.46999,7.46999,7.78426,7.42503,-1.79638
92.54021381,7.38922,7.38922,7.73257,7.3512,-2.01329
92.54626983,7.21242,7.21242,7.61299,7.18829,-2.44519
92.55838186,6.8,6.8,7.31095,6.80345,-3.28971
92.57030567,6.32075,6.32075,6.93475,6.35074,-4.07622
92.58012621,5.8742,5.8742,6.56862,5.9253,-4.67399
92.58580174,5.59564,5.59564,6.33464,5.65856,-4.99344
92.58872467,5.44652,5.44652,6.20791,5.5154,-5.14955
92.5913591,5.30892,5.30892,6.09016,5.3831,-5.28502
92.59378321,5.17969,5.17969,5.9789,5.25869,-5.40526
92.59636733,5.03922,5.03922,5.8573,5.12332,-5.52885
92.60153556,4.75018,4.75018,5.60501,4.84436,-5.76224
92.61067243,4.21395,4.21395,5.13056,4.32569,-6.1316
92.62274041,3.45989,3.45989,4.45163,3.59426,-6.53762
92.63639323,2.55014,2.55014,3.61775,2.70932,-6.88764
92.65479281,1.2435,1.2435,2.39744,1.43451,-7.18053
92.68452139,-1.00761,-1.00761,0.243831,-0.770929,-7.23806
92.69576149,-1.88985,-1.88985,-0.619831,-1.64053,-7.12945
92.70134243,-2.33059,-2.33059,-1.05676,-2.07654,-7.0497
92.70325011,-2.48124,-2.48124,-1.20717,-2.22592,-7.01857
92.70502986,-2.62179,-2.62179,-1.3479,-2.36527,-6.9878
92.70717801,-2.79093,-2.79093,-1.51818,-2.53309,-6.94844
92.70953372,-2.97573,-2.97573,-1.70538,-2.71712,-6.90252
92.71246254,-3.20424,-3.20424,-1.93868,-2.94468,-6.84144
92.71316732,-3.25892,-3.25892,-1.99482,-2.99944,-6.82593
92.71408444,-3.33007,-3.33007,-2.06797,-3.07031,-6.80573
92.71504729,-3.40436,-3.40436,-2.14478,-3.14472,-6.78365
92.71609714,-3.48537,-3.48537,-2.22852,-3.2254,-6.75957
92.71751217,-3.59392,-3.59392,-2.34139,-3.33414,-6.7259
92.71997463,-3.78137,-3.78137,-2.53762,-3.52188,-6.66491
92.72489956,-4.14965,-4.14965,-2.92847,-3.89161,-6.53401
92.73474942,-4.85024,-4.85024,-3.69533,-4.59777,-6.23742
92.74177524,-5.31318,-5.31318,-4.22338,-5.0661,-5.99828
92.74535495,-5.53537,-5.53537,-4.48448,-5.29125,-5.86781
92.74730731,-5.65232,-5.65232,-4.62418,-5.40983,-5.79424
92.74916166,-5.76054,-5.76054,-4.75481,-5.51957,-5.72282
92.75112534,-5.87208,-5.87208,-4.89074,-5.63272,-5.64557
92.75344536,-5.99989,-5.99989,-5.04787,-5.76242,-5.55217
92.75573952,-6.12211,-6.12211,-5.19929,-5.88653,-5.45759
92.7576003,-6.21826,-6.21826,-5.31901,-5.98424,-5.37892
92.75848666,-6.26291,-6.26291,-5.37478,-6.02964,-5.34145
92.75913618,-6.29563,-6.29563,-5.41565,-6.06292,-5.31332
92.76071463,-6.3733,-6.3733,-5.51287,-6.14196,-5.24497
92.76167633,-6.41971,-6.41971,-5.57106,-6.18922,-5.20234
92.76359972,-6.5105,-6.5105,-5.68513,-6.28174,-5.11707
92.7674465,-6.684,-6.684,-5.90428,-6.45888,-4.94142
92.77514006,-6.99926,-6.99926,-6.30842,-6.78209,-4.57318
92.7865768,-7.3911,-7.3911,-6.82898,-7.18754,-3.98635
92.7980421,-7.69326,-7.69326,-7.25782,-7.50544,-3.35395
92.81227962,-7.94453,-7.94453,-7.66416,-7.77905,-2.51331
92.83474026,-8.07049,-8.07049,-8.02858,-7.94546,-1.0828
92.85812764,-7.86522,-7.86522,-8.06033,-7.78737,0.511746
92.8687138,-7.66324,-7.66324,-7.9611,-7.60801,1.25937
92.87701843,-7.45924,-7.45924,-7.83536,-7.42208,1.85068
92.87964674,-7.3865,-7.3865,-7.78693,-7.35509,2.03801
92.88202282,-7.31743,-7.31743,-7.73964,-7.29124,2.20736
92.88677497,-7.17013,-7.17013,-7.63527,-7.15436,2.54417
92.89627929,-6.83994,-6.83994,-7.3884,-6.8449,3.20509
92.91185266,-6.20182,-6.20182,-6.87888,-6.2398,4.21941
92.9217299,-5.73761,-5.73761,-6.49087,-5.79564,4.80022
92.92655817,-5.49458,-5.49458,-6.28351,-5.56209,5.06238
92.92927211,-5.35349,-5.35349,-6.16201,-5.42623,5.20273
92.93183208,-5.21755,-5.21755,-6.04423,-5.29516,5.33027
92.93439781,-5.07858,-5.07858,-5.92316,-5.16102,5.45339
92.93807841,-4.8746,-4.8746,-5.7443,-4.96391,5.62192
92.9454396,-4.45092,-4.45092,-5.36887,-4.55377,5.93147
92.95740896,-3.72026,-3.72026,-4.71089,-3.84467,6.35941
92.9691738,-2.95585,-2.95585,-4.01075,-3.10086,6.69154
92.98621441,-1.77852,-1.77852,-2.91349,-1.95218,7.02132
93.01122842,0.0667109,0.0667109,-1.15673,-0.145818,7.19211
93.02732835,1.30958,1.30958,0.0495128,1.0753,7.11101
93.03464394,1.88371,1.88371,0.613937,1.64139,7.02599
93.03648612,2.02896,2.02896,0.757512,1.78493,6.99945
93.03738923,2.10017,2.10017,0.828139,1.8553,6.98644
93.03833612,2.17483,2.17483,0.902192,1.92908,6.97163
93.03919654,2.24267,2.24267,0.969687,1.99621,6.95817
93.04031826,2.33112,2.33112,1.05768,2.08373,6.93936
93.04161049,2.43282,2.43282,1.15929,2.18455,6.9177
93.04370288,2.59749,2.59749,1.32418,2.34779,6.88013
93.0477343,2.91323,2.91323,1.64298,2.6615,6.80128
93.05010696,3.09799,3.09799,1.8313,2.84544,6.75094
93.05275843,3.30326,3.30326,2.04175,3.05013,6.69125
93.05460061,3.445,3.445,2.18814,3.19167,6.64768
93.05756273,3.67103,3.67103,2.42353,3.41775,6.57403
93.06090675,3.92285,3.92285,2.68864,3.67013,6.48564
93.06759478,4.4127,4.4127,3.21437,4.16258,6.29251
93.08097085,5.31227,5.31227,4.22506,5.07072,5.8435
93.08347667,5.46771,5.46771,4.4074,5.22819,5.74987
93.08501564,5.56086,5.56086,4.51792,5.32258,5.69115
93.08639126,5.64242,5.64242,4.61558,5.40524,5.63779
93.08854232,5.76675,5.76675,4.76598,5.53125,5.5527
93.09053948,5.87873,5.87873,4.9029,5.64479,5.47191
93.09256066,5.98878,5.98878,5.0386,5.7564,5.38842
93.09660301,6.19926,6.19926,5.30037,5.97006,5.21633
93.09794708,6.26587,6.26587,5.38446,6.03777,5.15731
93.09903908,6.32,6.32,5.45117,6.09278,5.10935
93.10005509,6.36859,6.36859,5.51325,6.14223,5.06379
93.10119351,6.42305,6.42305,5.58122,6.19763,5.01274
93.10314357,6.51335,6.51335,5.69513,6.28962,4.92368
93.10704367,6.6856,6.6856,5.91371,6.46541,4.74111
93.11484387,6.9973,6.9973,6.31562,6.78487,4.35866
93.12566809,7.35861,7.35861,6.799,7.1586,3.7918
93.13757073,7.66199,7.66199,7.2342,7.47776,3.12343
93.15149707,7.89444,7.89444,7.6186,7.73133,2.28748
93.17345418,8.00103,8.00103,7.95878,7.87614,0.870711
93.19685659,7.78004,7.78004,7.97547,7.70072,-0.740534
93.20593438,7.60416,7.60416,7.8881,7.54354,-1.38615
93.20936176,7.52498,7.52498,7.84174,7.47154,-1.632
93.21074412,7.49054,7.49054,7.8204,7.44001,-1.73116
93.21215957,7.45528,7.45528,7.79856,7.40773,-1.8328
93.21499049,7.38024,7.38024,7.75009,7.33866,-2.03607
93.22065231,7.21682,7.21682,7.63898,7.18721,-2.44084
93.23197596,6.83836,6.83836,7.3616,6.8326,-3.23391
93.24501123,6.32145,6.32145,6.95478,6.34254,-4.09651
93.25549289,5.84593,5.84593,6.56262,5.88784,-4.73143
93.26133966,5.55846,5.55846,6.31957,5.61159,-5.05687
93.26427842,5.40816,5.40816,6.19102,5.46682,-5.21176
93.26704162,5.26341,5.26341,6.06636,5.3272,-5.35181
93.27012965,5.09782,5.09782,5.9228,5.16729,-5.50189
93.273336,4.92172,4.92172,5.76909,4.99702,-5.65068
93.27974869,4.55723,4.55723,5.4479,4.64408,-5.92747
93.29009896,3.93636,3.93636,4.89262,4.04155,-6.3178
93.30232206,3.15541,3.15541,4.1821,3.28178,-6.69153
93.31774921,2.10458,2.10458,3.20898,2.25682,-7.03173
93.34464028,0.136968,0.136968,1.34556,0.331299,-7.28599
93.36467895,-1.41049,-1.41049,-0.154243,-1.18999,-7.20528
93.37272214,-2.04394,-2.04394,-0.77854,-1.81543,-7.10967
93.3755028,-2.26379,-2.26379,-0.996915,-2.03311,-7.06836
93.37757804,-2.42788,-2.42788,-1.16062,-2.19557,-7.03482
93.37959335,-2.587,-2.587,-1.32007,-2.35334,-7.00006
93.38362395,-2.90397,-2.90397,-1.64011,-2.66826,-6.9242
93.3859681,-3.0873,-3.0873,-1.82698,-2.8504,-6.87622
93.38825758,-3.26543,-3.26543,-2.00949,-3.0283,-6.82663
93.39010017,-3.40801,-3.40801,-2.15663,-3.1706,-6.78478
93.39277048,-3.61312,-3.61312,-2.36985,-3.37559,-6.72111
93.39553555,-3.82326,-3.82326,-2.59035,-3.58594,-6.65143
93.4010657,-4.23491,-4.23491,-3.02901,-3.99899,-6.50084
93.412126,-5.00996,-5.00996,-3.88469,-4.77948,-6.15618
93.41873747,-5.4352,-5.4352,-4.37559,-5.20884,-5.9232
93.42177541,-5.6198,-5.6198,-4.59456,-5.39543,-5.80953
93.4246957,-5.79034,-5.79034,-4.80013,-5.56787,-5.69645
93.42723583,-5.93311,-5.93311,-4.97446,-5.7123,-5.59509
93.42989437,-6.07707,-6.07707,-5.15196,-5.85801,-5.48608
93.43268191,-6.22212,-6.22212,-5.33208,-6.00496,-5.3686
93.43490872,-6.33373,-6.33373,-5.47137,-6.11814,-5.27246
93.43707535,-6.43875,-6.43875,-5.60284,-6.22474,-5.17697
93.43920419,-6.53858,-6.53858,-5.72822,-6.32618,-5.08133
93.44346186,-6.72835,-6.72835,-5.96806,-6.51939,-4.88471
93.45197722,-7.06911,-7.06911,-6.40631,-6.8679,-4.47097
93.46247839,-7.41935,-7.41935,-6.8739,-7.22932,-3.92505
93.47519978,-7.74189,-7.74189,-7.33622,-7.56779,-3.21499
93.48907158,-7.96891,-7.96891,-7.71339,-7.81494,-2.38586
93.51266698,-8.06637,-8.06637,-8.05928,-7.95213,-0.867152
93.53738166,-7.79706,-7.79706,-8.03696,-7.72978,0.832024
93.54651419,-7.60439,-7.60439,-7.93155,-7.55552,1.47967
93.54940365,-7.53322,-7.53322,-7.88749,-7.49026,1.68611
93.55118417,-7.48698,-7.48698,-7.85783,-7.44768,1.81332
93.55311996,-7.4347,-7.4347,-7.82345,-7.39938,1.95162
93.55699152,-7.32393,-7.32393,-7.74809,-7.2966,2.22769
93.56473466,-7.07819,-7.07819,-7.57153,-7.06681,2.7744
93.58022093,-6.49453,-6.49453,-7.11921,-6.51455,3.81966
93.5920621,-5.96948,-5.96948,-6.68788,-6.01264,4.55071
93.59916562,-5.62331,-5.62331,-6.39501,-5.67982,4.9513
93.60267917,-5.44375,-5.44375,-6.24098,-5.50671,5.13724
93.60590316,-5.27433,-5.27433,-6.09449,-5.3431,5.30016
93.60867683,-5.12509,-5.12509,-5.96459,-5.1988,5.43437
93.61161739,-4.96346,-4.96346,-5.82306,-5.04236,5.57071
93.61749852,-4.62999,-4.62999,-5.52853,-4.71914,5.82565
93.62572437,-4.14183,-4.14183,-5.09199,-4.24512,6.14384
93.63969882,-3.25931,-3.25931,-4.28928,-3.38605,6.58522
93.65288193,-2.37145,-2.37145,-3.46738,-2.51962,6.88984
93.67433232,-0.833075,-0.833075,-2.01629,-1.01431,7.16061
93.7041048,1.42977,1.42977,0.175046,1.21207,7.09572
93.71382839,2.18837,2.18837,0.928116,1.96309,6.9664
93.71753403,2.47818,2.47818,1.21905,2.25089,6.90346
93.7189222,2.58675,2.58675,1.3286,2.35871,6.8775
93.72022079,2.68791,2.68791,1.43108,2.45956,6.85322
93.72281797,2.89025,2.89025,1.63666,2.66085,6.80105
93.72491313,3.05226,3.05226,1.80296,2.82251,6.75643
93.72645364,3.17139,3.17139,1.92523,2.94137,6.72194
93.72706763,3.21851,3.21851,1.97396,2.98846,6.70819
93.72882752,3.35355,3.35355,2.11385,3.12345,6.66703
93.73109658,3.52637,3.52637,2.2942,3.29644,6.61165
93.73311255,3.67867,3.67867,2.45432,3.4491,6.56028
93.73709607,3.9755,3.9755,2.76982,3.74715,6.45287
93.74506311,4.54795,4.54795,3.39306,4.3238,6.21504
93.75135541,4.97536,4.97536,3.87375,4.75574,6.00601
93.75292849,5.07771,5.07771,3.99163,4.85939,5.95029
93.75607463,5.2779,5.2779,4.22432,5.06219,5.8358
93.75662025,5.31166,5.31166,4.26468,5.0964,5.81594
93.75771148,5.37918,5.37918,4.34399,5.16483,5.77486
93.75870605,5.43963,5.43963,4.41627,5.22609,5.73742
93.75904278,5.46009,5.46009,4.44046,5.24684,5.72474
93.75986975,5.50934,5.50934,4.49988,5.29676,5.69291
93.76058658,5.55204,5.55204,4.55083,5.34004,5.66531
93.76137183,5.59762,5.59762,4.60665,5.38626,5.63448
93.76258149,5.66785,5.66785,4.69165,5.45746,5.58698
93.76402308,5.74948,5.74948,4.79172,5.54022,5.52888
93.7653611,5.82372,5.82372,4.88336,5.61552,5.47496
93.76665475,5.89412,5.89412,4.97077,5.68694,5.4217
93.76924205,6.03096,6.03096,5.14183,5.82583,5.31307
93.77120967,6.13155,6.13155,5.26837,5.928,5.22815
93.77227764,6.18466,6.18466,5.33545,5.98199,5.18206
93.77285768,6.2135,6.2135,5.37189,6.01132,5.15644
93.77417012,6.27731,6.27731,5.45266,6.07622,5.09847
93.77609918,6.36875,6.36875,5.56869,6.16931,5.01177
93.77836296,6.47256,6.47256,5.70087,6.27512,4.90814
93.78231922,6.64504,6.64504,5.92192,6.45124,4.7222
93.79023174,6.95639,6.95639,6.32786,6.7706,4.3326
93.8006384,7.29886,7.29886,6.79159,7.12504,3.78607
93.81271429,7.60243,7.60243,7.23315,7.44451,3.10682
93.8266618,7.82998,7.82998,7.6173,7.69292,2.26802
93.84903551,7.92838,7.92838,7.95954,7.82941,0.821245
93.87285778,7.68855,7.68855,7.96599,7.63457,-0.822009
93.8816757,7.51231,7.51231,7.87689,7.47586,-1.44971
93.8843614,7.44946,7.44946,7.84011,7.41841,-1.64246
93.88598426,7.40946,7.40946,7.81574,7.38169,-1.75893
93.88766726,7.36639,7.36639,7.78879,7.34202,-1.87972
93.89103326,7.27549,7.27549,7.72982,7.25794,-2.12117
93.89776526,7.07505,7.07505,7.59193,7.07111,-2.601
93.91122925,6.60254,6.60254,7.23905,6.62549,-3.53146
93.92152318,6.17952,6.17952,6.9023,6.22245,-4.20079
93.92409666,6.06396,6.06396,6.80744,6.11177,-4.35991
93.92924362,5.8255,5.8255,6.60963,5.88292,-4.66848
93.93316743,5.63625,5.63625,6.45061,5.70084,-4.89296
93.93531504,5.52934,5.52934,6.35988,5.59777,-5.01143
93.93645199,5.47273,5.47273,6.31185,5.54321,-5.07237
93.93750399,5.4191,5.4191,6.266,5.49142,-5.12875
93.93870978,5.35762,5.35762,6.21345,5.43207,-5.19184
93.93988135,5.29663,5.29663,6.16099,5.37311,-5.25209
93.94145386,5.21476,5.21476,6.09058,5.29398,-5.33139
93.9445989,5.04714,5.04714,5.94541,5.13177,-5.48464
93.95088897,4.69985,4.69985,5.64153,4.79514,-5.77068
93.96114864,4.10074,4.10074,5.10885,4.21308,-6.18111
93.97224547,3.41035,3.41035,4.48409,3.54072,-6.5493
93.98675403,2.44836,2.44836,3.59784,2.60157,-6.91531
94.0043538,1.20441,1.20441,2.42999,1.384,-7.18806
94.03712947,-1.26566,-1.26566,0.0495822,-1.04444,-7.21868
94.04765298,-2.08681,-2.08681,-0.762889,-1.85671,-7.1
94.05064846,-2.32189,-2.32189,-0.997823,-2.08996,-7.05503
94.05306763,-2.51175,-2.51175,-1.18852,-2.27833,-7.01518
94.05541233,-2.69536,-2.69536,-1.37399,-2.4609,-6.97362
94.05851693,-2.93747,-2.93747,-1.62035,-2.70201,-6.91418
94.06050338,-3.09163,-3.09163,-1.77852,-2.85551,-6.87353
94.06245269,-3.24211,-3.24211,-1.93373,-3.00614,-6.83141
94.06299856,-3.28425,-3.28425,-1.9772,-3.04806,-6.81961
94.06473942,-3.41785,-3.41785,-2.11605,-3.18174,-6.78012
94.06715021,-3.60157,-3.60157,-2.30834,-3.3657,-6.72291
94.06940677,-3.77196,-3.77196,-2.48819,-3.53656,-6.66673
94.07391989,-4.10724,-4.10724,-2.84666,-3.87341,-6.54686
94.08294612,-4.74843,-4.74843,-3.55236,-4.51981,-6.27783
94.08520268,-4.90053,-4.90053,-3.72521,-4.67365,-6.20334
94.0897158,-5.19605,-5.19605,-4.06612,-4.97278,-6.04879
94.09340755,-5.42712,-5.42712,-4.33877,-5.20684,-5.91591
94.09364015,-5.44126,-5.44126,-4.35569,-5.22117,-5.90753
94.09453128,-5.49542,-5.49542,-4.42055,-5.27605,-5.87442
94.09516452,-5.53326,-5.53326,-4.46621,-5.3144,-5.85089
94.09581978,-5.57242,-5.57242,-4.51347,-5.35408,-5.82603
94.09714704,-5.65024,-5.65024,-4.60803,-5.43296,-5.77569
94.09753834,-5.67276,-5.67276,-4.63591,-5.45578,-5.76052
94.09848831,-5.72741,-5.72741,-4.70267,-5.51118,-5.72369
94.09902388,-5.75758,-5.75758,-4.7403,-5.54177,-5.70292
94.10009504,-5.81792,-5.81792,-4.81469,-5.60295,-5.66023
94.10223734,-5.93539,-5.93539,-4.96109,-5.72208,-5.57484
94.10652196,-6.15963,-6.15963,-5.24339,-5.94974,-5.3973
94.1081575,-6.2409,-6.2409,-5.34729,-6.03297,-5.32717
94.10916674,-6.29105,-6.29105,-5.40987,-6.08298,-5.2839
94.11013696,-6.33743,-6.33743,-5.47003,-6.13105,-5.24131
94.11156408,-6.40566,-6.40566,-5.55647,-6.2,-5.17865
94.11299877,-6.47224,-6.47224,-5.64164,-6.26784,-5.11456
94.11586817,-6.60092,-6.60092,-5.80697,-6.39912,-4.98395
94.12160695,-6.84064,-6.84064,-6.11833,-6.64442,-4.71319
94.13154079,-7.20092,-7.20092,-6.5994,-7.01558,-4.21588
94.14220005,-7.51159,-7.51159,-7.03695,-7.33962,-3.64424
94.15622999,-7.80288,-7.80288,-7.49245,-7.65107,-2.83728
94.17254467,-7.97723,-7.97723,-7.85384,-7.85212,-1.8302
94.20412427,-7.83783,-7.83783,-8.05936,-7.77151,0.277277
94.21871958,-7.5688,-7.5688,-7.9405,-7.53194,1.30168
94.22668321,-7.36971,-7.36971,-7.82044,-7.34928,1.86698
94.22942804,-7.29274,-7.29274,-7.7702,-7.27801,2.06198
94.23195361,-7.21824,-7.21824,-7.72005,-7.20876,2.2414
94.23700474,-7.05897,-7.05897,-7.60871,-7.05998,2.59785
94.24710701,-6.7007,-6.7007,-7.34311,-6.72247,3.29502
94.25947751,-6.1931,-6.1931,-6.94285,-6.2396,4.10099
94.26936156,-5.73569,-5.73569,-6.56611,-5.80112,4.69095
94.27496268,-5.45689,-5.45689,-6.33094,-5.53265,4.99879
94.27776992,-5.31199,-5.31199,-6.20733,-5.39282,5.14506
94.28038007,-5.17428,-5.17428,-6.08906,-5.25974,5.276
94.28331012,-5.01635,-5.01635,-5.95253,-5.10695,5.41715
94.28640294,-4.84589,-4.84589,-5.80419,-4.94186,5.55958
94.29258858,-4.49384,-4.49384,-5.49487,-4.60041,5.8249
94.30354622,-3.83592,-3.83592,-4.90762,-3.96089,6.23337
94.3152709,-3.08721,-3.08721,-4.22721,-3.23131,6.58581
94.33069809,-2.0401,-2.0401,-3.25818,-2.20843,6.9198
94.35234594,-0.474439,-0.474439,-1.77866,-0.674525,7.14719
94.37533231,1.27584,1.27584,-0.086578,1.04693,7.09194
94.38417201,1.9648,1.9648,0.59221,1.72777,6.99134
94.38673467,2.16553,2.16553,0.791544,1.92669,6.95408
94.38869242,2.31888,2.31888,0.944483,2.07866,6.92321
94.38988405,2.41222,2.41222,1.03781,2.17122,6.90342
94.39226731,2.59853,2.59853,1.22492,2.35635,6.86159
94.39703383,2.96917,2.96917,1.60072,2.72538,6.76902
94.39937098,3.14967,3.14967,1.78578,2.90551,6.71933
94.4022931,3.37386,3.37386,2.01716,3.12961,6.65327
94.40405087,3.50777,3.50777,2.15652,3.26368,6.61144
94.40701596,3.73169,3.73169,2.39161,3.48821,6.53736
94.41027386,3.97432,3.97432,2.64933,3.73199,6.45093
94.41678965,4.44599,4.44599,3.16059,4.20731,6.26262
94.42982125,5.31174,5.31174,4.14542,5.08339,5.8265
94.43224493,5.46024,5.46024,4.32217,5.23419,5.73644
94.43343485,5.53155,5.53155,4.40779,5.30662,5.69124
94.43402501,5.56627,5.56627,4.45026,5.34189,5.66882
94.43489228,5.61728,5.61728,4.51179,5.39371,5.6352
94.43584243,5.67177,5.67177,4.57921,5.44907,5.59836
94.43692023,5.73358,5.73358,4.65439,5.51187,5.55566
94.43795709,5.79172,5.79172,4.72672,5.57096,5.51458
94.43945107,5.87395,5.87395,4.82918,5.65454,5.45377
94.44089991,5.95198,5.95198,4.92708,5.73389,5.39479
94.4437976,6.10311,6.10311,5.11816,5.88765,5.27328
94.44599148,6.21321,6.21321,5.25842,5.99978,5.1785
94.44699722,6.26222,6.26222,5.32113,6.04974,5.13505
94.44761324,6.29224,6.29224,5.35954,6.08034,5.10777
94.44904659,6.36044,6.36044,5.44703,6.14991,5.04431
94.44993549,6.40146,6.40146,5.5004,6.1918,5.00415
94.45150816,6.47403,6.47403,5.59319,6.26591,4.93309
94.45465349,6.61271,6.61271,5.77267,6.40778,4.78749
94.46085593,6.86533,6.86533,6.10381,6.66711,4.48927
94.47072251,7.21113,7.21113,6.57128,7.02477,3.98587
94.48187994,7.52056,7.52056,7.01552,7.34938,3.37642
94.49501102,7.77577,7.77577,7.42694,7.62471,2.60933
94.51237899,7.93677,7.93677,7.79051,7.81564,1.52258
94.54177179,7.77341,7.77341,7.95486,7.709,-0.458543
94.55340011,7.5623,7.5623,7.86713,7.5219,-1.27935
94.56156997,7.36643,7.36643,7.75542,7.34321,-1.86176
94.56421956,7.29466,7.29466,7.71045,7.27703,-2.05093
94.56662722,7.22602,7.22602,7.66595,7.2135,-2.22282
94.57144253,7.07924,7.07924,7.56678,7.07689,-2.5647
94.58107315,6.7488,6.7488,7.32873,6.76664,-3.23542
94.59490489,6.19232,6.19232,6.89794,6.23834,-4.14393
94.60491214,5.73239,5.73239,6.5235,5.7979,-4.74335
94.60983111,5.48934,5.48934,6.32076,5.56411,-5.01596
94.61248684,5.35363,5.35363,6.20631,5.43329,-5.15635
94.61492795,5.2262,5.2262,6.09811,5.31029,-5.28096
94.6176332,5.08203,5.08203,5.97491,5.17099,-5.41405
94.62053091,4.92424,4.92424,5.83917,5.01836,-5.55089
94.62632632,4.5986,4.5986,5.55631,4.70291,-5.80741
94.63585402,4.03552,4.03552,5.05969,4.15628,-6.18127
94.64774794,3.28783,3.28783,4.38802,3.4286,-6.56702
94.66238587,2.30673,2.30673,3.48956,2.47127,-6.92157
94.68149677,0.941018,0.941018,2.21301,1.13488,-7.19007
94.70800189,-1.06794,-1.06794,0.289548,-0.838275,-7.21235
94.71836768,-1.87871,-1.87871,-0.503743,-1.63884,-7.11316
94.72349744,-2.28236,-2.28236,-0.903326,-2.03865,-7.04222
94.72523427,-2.41902,-2.41902,-1.03954,-2.17432,-7.01497
94.72686203,-2.54711,-2.54711,-1.16756,-2.30147,-6.98798
94.72852886,-2.67802,-2.67802,-1.29896,-2.43167,-6.9589
94.73186253,-2.93887,-2.93887,-1.56258,-2.69141,-6.89639
94.73424691,-3.12444,-3.12444,-1.75189,-2.87652,-6.84816
94.73694034,-3.33278,-3.33278,-1.96573,-3.08469,-6.79019
94.73861961,-3.46187,-3.46187,-2.09933,-3.21387,-6.75217
94.74096828,-3.64118,-3.64118,-2.28619,-3.39353,-6.69663
94.74304515,-3.79836,-3.79836,-2.45132,-3.55123,-6.64522
94.74719889,-4.10803,-4.10803,-2.78066,-3.86256,-6.53604
94.75550637,-4.70301,-4.70301,-3.43075,-4.46286,-6.29282
94.76187025,-5.13167,-5.13167,-3.91642,-4.89692,-6.08461
94.76719437,-5.46828,-5.46828,-4.31085,-5.23845,-5.89621
94.76980726,-5.62549,-5.62549,-4.49969,-5.39813,-5.79909
94.77141058,-5.71922,-5.71922,-4.6138,-5.49336,-5.73798
94.77266949,-5.79134,-5.79134,-4.70231,-5.56665,-5.6889
94.77390145,-5.86011,-5.86011,-4.78749,-5.63655,-5.64087
94.77503293,-5.92327,-5.92327,-4.86572,-5.70075,-5.59534
94.77729588,-6.04543,-6.04543,-5.01852,-5.825,-5.50427
94.78005809,-6.18916,-6.18916,-5.19975,-5.97131,-5.38956
94.78229387,-6.30124,-6.30124,-5.34194,-6.08551,-5.29439
94.78345543,-6.35798,-6.35798,-5.41415,-6.14338,-5.24392
94.78437295,-6.40178,-6.40178,-5.47001,-6.18808,-5.20406
94.78529083,-6.44561,-6.44561,-5.5259,-6.2328,-5.16329
94.78712658,-6.53078,-6.53078,-5.63483,-6.31982,-5.08174
94.79079809,-6.6938,-6.6938,-5.84451,-6.48668,-4.91401
94.79814112,-6.99101,-6.99101,-6.23265,-6.79215,-4.56316
94.80894553,-7.35961,-7.35961,-6.7317,-7.17444,-4.01151
94.82047432,-7.66417,-7.66417,-7.17294,-7.49556,-3.37953
94.83383125,-7.90448,-7.90448,-7.56941,-7.75744,-2.59659
94.85395062,-8.04484,-8.04484,-7.93994,-7.93441,-1.32961
94.8758071,-7.90733,-7.90733,-8.04292,-7.84091,0.14215
94.89086125,-7.64422,-7.64422,-7.93811,-7.60986,1.19646
94.89743542,-7.48756,-7.48756,-7.84844,-7.46749,1.66325
94.8998398,-7.42407,-7.42407,-7.8091,-7.40925,1.83444
94.90208186,-7.36194,-7.36194,-7.76931,-7.35204,1.99407
94.90656596,-7.22945,-7.22945,-7.68093,-7.22935,2.31235
94.91553418,-6.9324,-6.9324,-7.46976,-6.95182,2.94028
94.93347062,-6.21747,-6.21747,-6.91635,-6.27469,4.11923
94.94394078,-5.72929,-5.72929,-6.51584,-5.80748,4.73805
94.94926962,-5.46169,-5.46169,-6.29088,-5.55014,5.02791
94.95212127,-5.31338,-5.31338,-6.16484,-5.40721,5.17516
94.95478662,-5.17165,-5.17165,-6.04356,-5.27043,5.30755
94.95759994,-5.01888,-5.01888,-5.91199,-5.12283,5.44179
94.96120906,-4.81825,-4.81825,-5.73797,-4.92876,5.60587
94.9684273,-4.40197,-4.40197,-5.37289,-4.52538,5.90766
94.97884096,-3.76823,-3.76823,-4.80814,-3.90983,6.28318
94.99132923,-2.96095,-2.96095,-4.07582,-3.12367,6.64299
95.00693353,-1.88875,-1.88875,-3.08501,-2.07671,6.95731
95.03406062,0.104071,0.104071,-1.19966,-0.123961,7.159
95.05074637,1.39016,1.39016,0.0445583,1.1417,7.07243
95.05808936,1.96533,1.96533,0.609136,1.70998,6.98483
95.06043511,2.14978,2.14978,0.791416,1.89269,6.95003
95.06127651,2.21594,2.21594,0.857047,1.95823,6.93755
95.06213794,2.28368,2.28368,0.924242,2.02532,6.9236
95.06314669,2.363,2.363,1.00319,2.10394,6.90727
95.06479845,2.49254,2.49254,1.13247,2.23266,6.87897
95.0675917,2.71159,2.71159,1.35191,2.45035,6.82786
95.07093601,2.97239,2.97239,1.61555,2.71013,6.76132
95.07299906,3.13242,3.13242,1.77873,2.86948,6.71739
95.07551187,3.32625,3.32625,1.97748,3.06356,6.66093
95.07725626,3.45998,3.45998,2.11567,3.19743,6.61985
95.0795772,3.63667,3.63667,2.29953,3.37454,6.56282
95.08167756,3.79516,3.79516,2.46578,3.53364,6.50889
95.08587829,4.10734,4.10734,2.79723,3.84771,6.39451
95.09427974,4.70664,4.70664,3.45095,4.45302,6.14034
95.1007243,5.13841,5.13841,3.93937,4.8909,5.92294
95.10611663,5.47695,5.47695,4.33556,5.23509,5.72648
95.10877349,5.63547,5.63547,4.52577,5.39645,5.62488
95.1103999,5.72965,5.72965,4.64034,5.49237,5.56113
95.11171942,5.80447,5.80447,4.73211,5.56858,5.50824
95.11296539,5.87322,5.87322,4.81772,5.63922,5.45829
95.1141229,5.9371,5.9371,4.8963,5.70372,5.41098
95.11643793,6.06048,6.06048,5.05056,5.82951,5.31465
95.11843639,6.16361,6.16361,5.18042,5.93473,5.22969
95.12009135,6.24618,6.24618,5.28551,6.01906,5.15781
95.12089124,6.28609,6.28609,5.33529,6.05982,5.12307
95.12145814,6.31361,6.31361,5.37057,6.08794,5.09795
95.12198978,6.33942,6.33942,5.40305,6.11432,5.07439
95.12276856,6.37644,6.37644,5.45061,6.15219,5.03987
95.12358236,6.41512,6.41512,5.49958,6.19176,5.0031
95.12520997,6.49054,6.49054,5.59582,6.26899,4.92956
95.12824234,6.62589,6.62589,5.76929,6.40778,4.78927
95.13382887,6.85781,6.85781,6.06986,6.64639,4.52157
95.14345635,7.20546,7.20546,6.53278,7.00666,4.03332
95.15383369,7.50757,7.50757,6.9567,7.32395,3.47114
95.16736218,7.79037,7.79037,7.39601,7.62888,2.68725
95.18322561,7.96538,7.96538,7.75149,7.83286,1.70306
95.21362358,7.85123,7.85123,7.96945,7.78071,-0.331954
95.22748859,7.60983,7.60983,7.87213,7.56965,-1.30739
95.23554528,7.41727,7.41727,7.76071,7.39504,-1.88068
95.23827807,7.34341,7.34341,7.71392,7.32732,-2.07538
95.24078427,7.27199,7.27199,7.66709,7.26152,-2.25393
95.24579669,7.1188,7.1188,7.56241,7.11957,-2.60878
95.25582152,6.77241,6.77241,7.31012,6.79545,-3.30337
95.26830598,6.26978,6.26978,6.91889,6.31981,-4.12055
95.278252,5.81549,5.81549,6.5485,5.88617,-4.71699
95.28387089,5.53859,5.53859,6.31701,5.62052,-5.02732
95.2866898,5.39433,5.39433,6.19499,5.48179,-5.17499
95.28935025,5.25502,5.25502,6.07632,5.34762,-5.30917
95.29229546,5.0973,5.0973,5.94105,5.19554,-5.45186
95.29552707,4.92013,4.92013,5.78801,5.02447,-5.60147
95.30199029,4.5533,4.5533,5.46788,4.6697,-5.87961
95.31232439,3.93416,3.93416,4.91896,4.06945,-6.26799
95.32441052,3.16311,3.16311,4.22287,3.31987,-6.6368
95.33974458,2.12052,2.12052,3.2639,2.3034,-6.97546
95.36633915,0.178316,0.178316,1.4349,0.402971,-7.23173
95.38737445,-1.44352,-1.44352,-0.131165,-1.19248,-7.14769
95.39553952,-2.08574,-2.08574,-0.762849,-1.82746,-7.0486
95.3984754,-2.31747,-2.31747,-0.992751,-2.05729,-7.00407
95.40064309,-2.48856,-2.48856,-1.1633,-2.22699,-6.96823
95.40274585,-2.65422,-2.65422,-1.32925,-2.3916,-6.93111
95.40617148,-2.92304,-2.92304,-1.60052,-2.65924,-6.86571
95.40826845,-3.08677,-3.08677,-1.7672,-2.8222,-6.8227
95.41085988,-3.28801,-3.28801,-1.97319,-3.0236,-6.76644
95.41255545,-3.41893,-3.41893,-2.10823,-3.15457,-6.72779
95.41487981,-3.59721,-3.59721,-2.29335,-3.33318,-6.67247
95.41691836,-3.75227,-3.75227,-2.45561,-3.48876,-6.62173
95.42099103,-4.0577,-4.0577,-2.77893,-3.79584,-6.51427
95.42913638,-4.64589,-4.64589,-3.41754,-4.38943,-6.27548
95.43545077,-5.07613,-5.07613,-3.90084,-4.82533,-6.06899
95.44087838,-5.424,-5.424,-4.30438,-5.17867,-5.87696
95.44206388,-5.49716,-5.49716,-4.39085,-5.25308,-5.83309
95.44235553,-5.51489,-5.51489,-4.41212,-5.27111,-5.82229
95.4426354,-5.5319,-5.5319,-4.43233,-5.28842,-5.81194
95.44304327,-5.5567,-5.5567,-4.46177,-5.31365,-5.79654
95.44367658,-5.59459,-5.59459,-4.5075,-5.3522,-5.77262
95.44434667,-5.63467,-5.63467,-4.5553,-5.39298,-5.74732
95.44534505,-5.69303,-5.69303,-4.62653,-5.45236,-5.70882
95.44630566,-5.74917,-5.74917,-4.69404,-5.5095,-5.67178
95.4471917,-5.79953,-5.79953,-4.7563,-5.56074,-5.63687
95.44827732,-5.86122,-5.86122,-4.83156,-5.62353,-5.59409
95.44985107,-5.9484,-5.9484,-4.93924,-5.7123,-5.53089
95.45299859,-6.11693,-6.11693,-5.14909,-5.88401,-5.40138
95.45537636,-6.23917,-6.23917,-5.30244,-6.00869,-5.30082
95.45739438,-6.33956,-6.33956,-5.42892,-6.11117,-5.21366
95.45926882,-6.43008,-6.43008,-5.5433,-6.20368,-5.13122
95.46086927,-6.50532,-6.50532,-5.63862,-6.28065,-5.05972
95.46405373,-6.64948,-6.64948,-5.82206,-6.42836,-4.91447
95.47042264,-6.91602,-6.91602,-6.16521,-6.70243,-4.61234
95.48033839,-7.2741,-7.2741,-6.63952,-7.0735,-4.11255
95.49163676,-7.59904,-7.59904,-7.09432,-7.41509,-3.50219
95.50493619,-7.87011,-7.87011,-7.51604,-7.7082,-2.73287
95.52271146,-8.04883,-8.04883,-7.89237,-7.91997,-1.62994
95.5524882,-7.90038,-7.90038,-8.06064,-7.83345,0.362686
95.56509731,-7.67415,-7.67415,-7.96193,-7.63528,1.24709
95.57236535,-7.50131,-7.50131,-7.86049,-7.47891,1.76252
95.57483731,-7.43561,-7.43561,-7.81868,-7.41883,1.93818
95.57710795,-7.37224,-7.37224,-7.77708,-7.36064,2.09954
95.58164922,-7.23704,-7.23704,-7.68487,-7.2358,2.42087
95.59073177,-6.9338,-6.9338,-7.46524,-6.95314,3.05342
95.60889686,-6.20359,-6.20359,-6.89203,-6.26277,4.23315
95.61920281,-5.71952,-5.71952,-6.49067,-5.80018,4.83011
95.62435924,-5.45922,-5.45922,-6.26993,-5.55024,5.10441
95.62819058,-5.25835,-5.25835,-6.09765,-5.35689,5.29645
95.63124646,-5.09371,-5.09371,-5.95532,-5.19818,5.44224
95.63443151,-4.91808,-4.91808,-5.80244,-5.02864,5.58725
95.64080161,-4.55492,-4.55492,-5.48327,-4.6775,5.85664
95.65163573,-3.90304,-3.90304,-4.90145,-4.0456,6.25389
95.66316873,-3.16539,-3.16539,-4.23161,-3.32858,6.59483
95.67895983,-2.09118,-2.09118,-3.23857,-2.28144,6.92825
95.70182366,-0.429996,-0.429996,-1.67008,-0.656543,7.14619
95.72553767,1.38486,1.38486,0.0845376,1.12752,7.05463
95.73422856,2.06477,2.06477,0.754984,1.79958,6.94216
95.73723748,2.30102,2.30102,0.990008,2.03386,6.89357
95.73948579,2.47755,2.47755,1.16644,2.20891,6.85408
95.74166785,2.64851,2.64851,1.3382,2.37881,6.81321
95.7450927,2.91573,2.91573,1.60864,2.64487,6.74407
95.74719511,3.07892,3.07892,1.77523,2.80767,6.69864
95.74979163,3.27934,3.27934,1.98097,3.00792,6.63941
95.75149267,3.40987,3.40987,2.11597,3.13854,6.59875
95.75382811,3.58785,3.58785,2.30131,3.3169,6.54056
95.75588082,3.74296,3.74296,2.46409,3.47258,6.48718
95.75998623,4.04871,4.04871,2.78867,3.78012,6.37421
95.76819706,4.63696,4.63696,3.42932,4.37418,6.12405
95.7745693,5.0671,5.0671,3.91417,4.81041,5.90816
95.78004303,5.41411,5.41411,4.31828,5.16332,5.70796
95.78123355,5.4867,5.4867,4.40445,5.23725,5.66248
95.78153484,5.5048,5.5048,4.42625,5.2557,5.65096
95.78181,5.52133,5.52133,4.44597,5.27254,5.64045
95.78217528,5.54328,5.54328,4.47213,5.29489,5.62622
95.78279681,5.58002,5.58002,4.51665,5.33234,5.60201
95.78345234,5.61878,5.61878,4.56307,5.37183,5.57648
95.78435662,5.67102,5.67102,4.62711,5.42507,5.54056
95.78536634,5.72936,5.72936,4.69751,5.48452,5.50046
95.7863377,5.78375,5.78375,4.76524,5.54052,5.46098
95.78773841,5.86218,5.86218,4.86135,5.61991,5.40406
95.78904591,5.93344,5.93344,4.94983,5.69258,5.34991
95.7916609,6.07191,6.07191,5.12299,5.83387,5.23946
95.79365607,6.17397,6.17397,5.25149,5.9381,5.15283
95.79477632,6.22968,6.22968,5.32193,5.99504,5.10418
95.79537535,6.25947,6.25947,5.3596,6.02549,5.07758
95.79649999,6.31419,6.31419,5.42895,6.08145,5.02764
95.79831537,6.40052,6.40052,5.53858,6.16982,4.94573
95.80017552,6.48644,6.48644,5.64802,6.25787,4.86044
95.8038958,6.65071,6.65071,5.85843,6.42653,4.68583
95.81133638,6.9494,6.9494,6.24696,6.73459,4.32094
95.82218208,7.31479,7.31479,6.73987,7.11513,3.75365
95.83376462,7.61483,7.61483,7.1735,7.43331,3.10468
95.84711064,7.84722,7.84722,7.55749,7.68895,2.30695
95.86736528,7.97479,7.97479,7.90977,7.85585,1.00974
95.88932229,7.81885,7.81885,7.98749,7.74661,-0.489122
95.89949213,7.64608,7.64608,7.91877,7.59655,-1.20805
95.90604459,7.5022,7.5022,7.8403,7.46752,-1.67593
95.90820819,7.44918,7.44918,7.80859,7.41944,-1.83089
95.9101901,7.39827,7.39827,7.77705,7.37305,-1.97284
95.91415392,7.28984,7.28984,7.70695,7.27367,-2.25616
95.92208156,7.04719,7.04719,7.5392,7.04908,-2.8172
95.93793684,6.46369,6.46369,7.09794,6.50099,-3.88809
95.95008872,5.93232,5.93232,6.6683,5.99566,-4.63544
95.9569675,5.60065,5.60065,6.39129,5.67815,-5.02098
95.96039283,5.42747,5.42747,6.24451,5.51186,-5.20139
95.96356733,5.26239,5.26239,6.10341,5.35306,-5.36124
95.9665505,5.10336,5.10336,5.96645,5.19986,-5.50496
95.96989915,4.92045,4.92045,5.8078,5.02343,-5.65894
95.97659646,4.54122,4.54122,5.47541,4.65699,-5.94433
95.98499326,4.04173,4.04173,5.03138,4.17324,-6.2609
95.99411203,3.47091,3.47091,4.51661,3.61916,-6.55404
96.0087233,2.50106,2.50106,3.6272,2.67525,-6.91645
96.02448291,1.38866,1.38866,2.58826,1.58946,-7.16228
96.05600213,-0.982589,-0.982589,0.319087,-0.734797,-7.22205
96.06763507,-1.89204,-1.89204,-0.573025,-1.63211,-7.10239
96.07342998,-2.34791,-2.34791,-1.02625,-2.08369,-7.01511
96.07540993,-2.50367,-2.50367,-1.18227,-2.23833,-6.98114
96.07725631,-2.64892,-2.64892,-1.32819,-2.38255,-6.94761
96.07952326,-2.82664,-2.82664,-1.50784,-2.55916,-6.904
96.08190579,-3.01269,-3.01269,-1.69711,-2.74477,-6.85532
96.08485266,-3.24147,-3.24147,-1.93179,-2.97301,-6.79109
96.08555632,-3.29577,-3.29577,-1.98783,-3.02752,-6.77494
96.08646933,-3.36624,-3.36624,-2.06064,-3.09783,-6.75398
96.08743477,-3.44033,-3.44033,-2.13763,-3.17219,-6.73094
96.08848543,-3.52096,-3.52096,-2.22141,-3.25264,-6.70586
96.08991468,-3.62997,-3.62997,-2.33539,-3.36207,-6.67052
96.09241072,-3.81881,-3.81881,-2.53423,-3.55162,-6.60639
96.09740278,-4.18952,-4.18952,-2.93023,-3.92463,-6.469
96.10738692,-4.89296,-4.89296,-3.70667,-4.63555,-6.15883
96.11424617,-5.33972,-5.33972,-4.22147,-5.08889,-5.91913
96.11733605,-5.52985,-5.52985,-4.44702,-5.28219,-5.80422
96.11914186,-5.6375,-5.6375,-4.57665,-5.39169,-5.73511
96.12085263,-5.73703,-5.73703,-4.69774,-5.49296,-5.66832
96.12264913,-5.83899,-5.83899,-4.82292,-5.59672,-5.59684
96.12452681,-5.94277,-5.94277,-4.95145,-5.70239,-5.52066
96.12636362,-6.04161,-6.04161,-5.07472,-5.80306,-5.44471
96.12958311,-6.20855,-6.20855,-5.2844,-5.97326,-5.30821
96.13149597,-6.30399,-6.30399,-5.40498,-6.07068,-5.2251
96.13336163,-6.39445,-6.39445,-5.51957,-6.16309,-5.14261
96.13448969,-6.4479,-6.4479,-5.58743,-6.21773,-5.09159
96.13663253,-6.54686,-6.54686,-5.71342,-6.31902,-4.99466
96.14091822,-6.73484,-6.73484,-5.95438,-6.51185,-4.79451
96.14948959,-7.07167,-7.07167,-6.39438,-6.85921,-4.37366
96.15995736,-7.41342,-7.41342,-6.85913,-7.21538,-3.82454
96.1727334,-7.72861,-7.72861,-7.32186,-7.55045,-3.10602
96.18661897,-7.94646,-7.94646,-7.69752,-7.79253,-2.27093
96.21040598,-8.02818,-8.02818,-8.04185,-7.92096,-0.732808
96.23526914,-7.73925,-7.73925,-8.01288,-7.68562,0.978552
96.24401124,-7.54952,-7.54952,-7.91048,-7.51558,1.59727
96.24734415,-7.46546,-7.46546,-7.85908,-7.43909,1.83432
96.25051201,-7.37975,-7.37975,-7.80406,-7.3606,2.05964
96.25532441,-7.23899,-7.23899,-7.70922,-7.23082,2.40048
96.26494922,-6.92051,-6.92051,-7.47989,-6.93416,3.07082
96.28419882,-6.14492,-6.14492,-6.87081,-6.20075,4.3123
96.29388102,-5.68823,-5.68823,-6.49164,-5.76422,4.86665
96.29890023,-5.43476,-5.43476,-6.27665,-5.52085,5.13125
96.30277982,-5.23138,-5.23138,-6.10218,-5.32512,5.32395
96.30606767,-5.0541,-5.0541,-5.94882,-5.15422,5.47902
96.30954971,-4.86157,-4.86157,-5.78104,-4.96838,5.63508
96.31651379,-4.46243,-4.46243,-5.42954,-4.58242,5.92275
96.32533279,-3.93143,-3.93143,-4.95524,-4.06777,6.24169
96.34039893,-2.9645,-2.9645,-4.07552,-3.12791,6.67297
96.3543108,-2.01202,-2.01202,-3.19247,-2.19932,6.94677
96.37756748,-0.318607,-0.318607,-1.59039,-0.543016,7.14647
96.40211438,1.5583,1.5583,0.23304,1.30537,7.02167
96.41064279,2.22271,2.22271,0.893241,1.964,6.89971
96.41393498,2.47945,2.47945,1.15113,2.21944,6.84205
96.41632579,2.66591,2.66591,1.33929,2.40495,6.79655
96.4186604,2.84723,2.84723,1.52356,2.58557,6.74925
96.42095246,3.02447,3.02447,1.70507,2.7629,6.70008
96.4237921,3.24272,3.24272,1.92994,2.98134,6.63545
96.42542483,3.36743,3.36743,2.05949,3.10622,6.59643
96.42640155,3.44159,3.44159,2.13699,3.18092,6.57219
96.4274559,3.52164,3.52164,2.22065,3.26099,6.54603
96.42891782,3.63191,3.63191,2.33665,3.372,6.50848
96.43148533,3.8239,3.8239,2.5401,3.56526,6.43997
96.43662035,4.20023,4.20023,2.94502,3.9451,6.29334
96.44689038,4.91142,4.91142,3.73737,4.66632,5.96274
96.45363829,5.34154,5.34154,4.23875,5.10444,5.71917
96.45687084,5.53574,5.53574,4.47205,5.30264,5.59495
96.45725175,5.55797,5.55797,4.49914,5.32535,5.58032
96.45801356,5.60243,5.60243,4.55332,5.37076,5.55013
96.45909216,5.66391,5.66391,4.62898,5.43357,5.50738
96.46015963,5.72476,5.72476,4.70385,5.49572,5.4642
96.46113418,5.77865,5.77865,4.77091,5.55079,5.42477
96.46216758,5.83579,5.83579,4.84201,5.60918,5.38184
96.46423439,5.9467,5.9467,4.98129,5.72256,5.29598
96.468368,6.15855,6.15855,5.24994,5.93938,5.11805
96.4697987,6.22831,6.22831,5.33971,6.01087,5.05456
96.47073962,6.27418,6.27418,5.39744,6.05789,5.01281
96.47164467,6.31674,6.31674,5.45297,6.10157,4.9718
96.47299592,6.38028,6.38028,5.53404,6.16678,4.91058
96.47432871,6.44119,6.44119,5.61249,6.22936,4.84925
96.4769943,6.55912,6.55912,5.765,6.35069,4.72451
96.48232548,6.77963,6.77963,6.05317,6.57829,4.46691
96.49298782,7.16039,7.16039,6.56552,6.9744,3.92077
96.50294831,7.44456,7.44456,6.96985,7.27437,3.37544
96.51816551,7.74804,7.74804,7.45362,7.60455,2.48329
96.53263386,7.8931,7.8931,7.76657,7.77756,1.57624
96.56157057,7.78355,7.78355,7.97858,7.72911,-0.36819
96.57485318,7.56077,7.56077,7.89577,7.53601,-1.3032
96.58283404,7.37674,7.37674,7.79314,7.37009,-1.87114
96.58552003,7.30651,7.30651,7.74982,7.30598,-2.06253
96.58797867,7.23867,7.23867,7.70637,7.24373,-2.23772
96.59289593,7.09301,7.09301,7.6088,7.10925,-2.58602
96.60273047,6.76308,6.76308,7.37205,6.80143,-3.26852
96.61597829,6.24096,6.24096,6.96876,6.30823,-4.1359
96.6261737,5.78135,5.78135,6.5951,5.86988,-4.74478
96.6309965,5.54706,5.54706,6.39974,5.6453,-5.01103
96.63362882,5.41477,5.41477,6.28821,5.51819,-5.14973
96.63606567,5.28959,5.28959,6.18196,5.39776,-5.27371
96.63864568,5.1543,5.1543,6.06637,5.26743,-5.40034
96.64139467,5.00708,5.00708,5.93976,5.12544,-5.53011
96.64689264,4.70345,4.70345,5.67618,4.83213,-5.77419
96.65788859,4.06144,4.06144,5.10942,4.21029,-6.20301
96.66875752,3.38442,3.38442,4.50028,3.5526,-6.5514
96.68383251,2.38336,2.38336,3.58234,2.57726,-6.9138
96.70808703,0.649779,0.649779,1.95457,0.881927,-7.2114
96.73008077,-1.02082,-1.02082,0.348045,-0.758547,-7.18756
96.74022022,-1.81263,-1.81263,-0.427556,-1.53999,-7.0851
96.74511046,-2.19718,-2.19718,-0.808198,-1.92062,-7.01556
96.74739437,-2.37678,-2.37678,-0.987269,-2.09897,-6.97867
96.74822707,-2.44226,-2.44226,-1.05281,-2.16399,-6.96417
96.74989247,-2.57312,-2.57312,-1.1839,-2.29404,-6.93516
96.75322325,-2.83402,-2.83402,-1.44711,-2.5538,-6.87212
96.75611664,-3.05948,-3.05948,-1.67657,-2.77874,-6.81272
96.75914161,-3.29367,-3.29367,-1.91714,-3.01275,-6.74605
96.75981355,-3.34537,-3.34537,-1.97058,-3.06473,-6.73046
96.76073821,-3.41652,-3.41652,-2.04423,-3.13585,-6.709
96.7616631,-3.48728,-3.48728,-2.11789,-3.20699,-6.68671
96.76270365,-3.56689,-3.56689,-2.20077,-3.28657,-6.66164
96.76402179,-3.66713,-3.66713,-2.30576,-3.38737,-6.6288
96.76626984,-3.83684,-3.83684,-2.48467,-3.55799,-6.57081
96.77076595,-4.17062,-4.17062,-2.8413,-3.89438,-6.44747
96.77975815,-4.80847,-4.80847,-3.54346,-4.54007,-6.17205
96.78659071,-5.26013,-5.26013,-4.06123,-4.99938,-5.93782
96.79012578,-5.48082,-5.48082,-4.32209,-5.22439,-5.80836
96.79200175,-5.59399,-5.59399,-4.45819,-5.33989,-5.7374
96.79371192,-5.69465,-5.69465,-4.58062,-5.44266,-5.67138
96.79527887,-5.78478,-5.78478,-4.69129,-5.5347,-5.60923
96.79693253,-5.87772,-5.87772,-4.80641,-5.62964,-5.54364
96.79896895,-5.98917,-5.98917,-4.94563,-5.74353,-5.4606
96.80125466,-6.11038,-6.11038,-5.09831,-5.86748,-5.36534
96.80313945,-6.2073,-6.2073,-5.22117,-5.96667,-5.28467
96.80440879,-6.27074,-6.27074,-5.30195,-6.03165,-5.23035
96.80505217,-6.30289,-6.30289,-5.34289,-6.06459,-5.20219
96.80602997,-6.35042,-6.35042,-5.40392,-6.11332,-5.15939
96.80679912,-6.3878,-6.3878,-5.45108,-6.15165,-5.12524
96.80760289,-6.42569,-6.42569,-5.50037,-6.19055,-5.08954
96.80901978,-6.49249,-6.49249,-5.58545,-6.25912,-5.02578
96.81185355,-6.62085,-6.62085,-5.75066,-6.39112,-4.8959
96.81688952,-6.83474,-6.83474,-6.02857,-6.61173,-4.65751
96.82696146,-7.2088,-7.2088,-6.52733,-7.00039,-4.15295
96.83668432,-7.50298,-7.50298,-6.93933,-7.31012,-3.63265
96.85124814,-7.82299,-7.82299,-7.43311,-7.656,-2.79785
96.86525739,-7.99686,-7.99686,-7.77136,-7.85742,-1.93867
96.8932759,-7.96769,-7.96769,-8.0594,-7.88913,-0.0914938
96.90834424,-7.75142,-7.75142,-8.00573,-7.70793,0.957362
96.91520197,-7.60801,-7.60801,-7.93416,-7.58085,1.4435
96.91754285,-7.55275,-7.55275,-7.90309,-7.5312,1.61038
96.91949374,-7.50431,-7.50431,-7.87466,-7.48744,1.74946
96.92141905,-7.45439,-7.45439,-7.84437,-7.44215,1.88671
96.92526968,-7.3484,-7.3484,-7.77721,-7.34541,2.16084
96.93297094,-7.11232,-7.11232,-7.61707,-7.12777,2.70437
96.94837347,-6.54826,-6.54826,-7.1975,-6.59984,3.74678
96.96015191,-6.03827,-6.03827,-6.79096,-6.1164,4.47956
96.96771525,-5.67661,-5.67661,-6.49234,-5.77112,4.90989
96.97135152,-5.49355,-5.49355,-6.33862,-5.59573,5.10365
96.97423906,-5.3441,-5.3441,-6.212,-5.45226,5.25086
96.97665176,-5.21652,-5.21652,-6.10317,-5.32961,5.36926
96.97912918,-5.08301,-5.08301,-5.98862,-5.20111,5.48651
96.98407217,-4.80927,-4.80927,-5.75175,-4.93725,5.70769
96.99395815,-4.23388,-4.23388,-5.24622,-4.38117,6.10117
97.0042701,-3.59655,-3.59655,-4.67615,-3.76342,6.44434
97.01920758,-2.61328,-2.61328,-3.77978,-2.80739,6.82328
97.03538404,-1.47911,-1.47911,-2.72527,-1.70108,7.07973
97.06773696,0.941191,0.941191,-0.415684,0.670643,7.13448
97.07986191,1.88397,1.88397,0.507934,1.60125,7.0019
97.08586256,2.3534,2.3534,0.974385,2.06661,6.90635
97.08788345,2.5115,2.5115,1.13267,2.22369,6.86979
97.08978167,2.6596,2.6596,1.2818,2.37123,6.83348
97.09160748,2.80206,2.80206,1.42558,2.51276,6.79678
97.09433345,3.01361,3.01361,1.64076,2.72406,6.73878
97.09626644,3.16259,3.16259,1.79376,2.87306,6.69535
97.0976711,3.27086,3.27086,1.90495,2.98133,6.66236
97.09830105,3.31902,3.31902,1.95481,3.02961,6.64757
97.10005279,3.45295,3.45295,2.09366,3.16384,6.60476
97.10223972,3.61884,3.61884,2.267,3.3304,6.54915
97.10412565,3.76072,3.76072,2.41615,3.47308,6.49929
97.10774769,4.02967,4.02967,2.70262,3.74411,6.39864
97.11499176,4.54984,4.54984,3.26929,4.27041,6.17842
97.12207434,5.02983,5.02983,3.81075,4.75842,5.93935
97.12795484,5.40218,5.40218,4.24653,5.13844,5.72349
97.12916497,5.47571,5.47571,4.33444,5.21365,5.67697
97.1294476,5.49259,5.49259,4.35497,5.23091,5.66611
97.12973791,5.50992,5.50992,4.37587,5.24865,5.65495
97.13045893,5.55297,5.55297,4.42778,5.2927,5.62673
97.13111557,5.59144,5.59144,4.47462,5.33207,5.60104
97.13180659,5.63192,5.63192,4.52392,5.37349,5.57353
97.1328749,5.69294,5.69294,4.59903,5.43596,5.53101
97.13392117,5.75271,5.75271,4.6726,5.49714,5.48851
97.1348739,5.80553,5.80553,4.73835,5.55122,5.44982
97.1359015,5.8625,5.8625,4.80927,5.60955,5.40697
97.1379567,5.97311,5.97311,4.94825,5.72286,5.32129
97.1420671,6.18392,6.18392,5.21655,5.93908,5.14349
97.14238547,6.20025,6.20025,5.23659,5.95582,5.12972
97.14371789,6.26544,6.26544,5.32047,6.02278,5.07032
97.14404199,6.2813,6.2813,5.34047,6.03907,5.05588
97.1443843,6.29763,6.29763,5.36159,6.05585,5.04062
97.14506892,6.33028,6.33028,5.40384,6.08942,5.00952
97.14574216,6.3624,6.3624,5.44453,6.12244,4.97894
97.14663071,6.40334,6.40334,5.49824,6.16459,4.93858
97.14840782,6.48524,6.48524,5.60314,6.2489,4.85644
97.15129741,6.61253,6.61253,5.76816,6.38021,4.72026
97.15707658,6.8491,6.8491,6.07846,6.62514,4.43839
97.16682451,7.19458,7.19458,6.54508,6.98581,3.93552
97.17745043,7.49576,7.49576,6.97561,7.30513,3.35054
97.19106707,7.76882,7.76882,7.41182,7.60374,2.54983
97.20726083,7.9322,7.9322,7.76553,7.80046,1.53202
97.23785338,7.78609,7.78609,7.96332,7.72333,-0.536074
97.24907428,7.58787,7.58787,7.88514,7.55186,-1.33035
97.26033286,7.31508,7.31508,7.7287,7.30621,-2.13217
97.26335914,7.22937,7.22937,7.67352,7.22782,-2.3477
97.26635691,7.13945,7.13945,7.61351,7.14515,-2.56033
97.27235245,6.94509,6.94509,7.47789,6.9652,-2.98118
97.28434351,6.50052,6.50052,7.14625,6.54895,-3.79193
97.29347738,6.11383,6.11383,6.84132,6.18318,-4.37022
97.30015205,5.80606,5.80606,6.59085,5.89021,-4.76462
97.30387463,5.62545,5.62545,6.44128,5.71766,-4.97243
97.30568626,5.53529,5.53529,6.36598,5.63136,-5.0701
97.307421,5.44759,5.44759,6.29237,5.54733,-5.16138
97.30904709,5.3642,5.3642,6.22143,5.46734,-5.24492
97.31061443,5.28274,5.28274,6.15305,5.38915,-5.32361
97.31296201,5.15879,5.15879,6.04753,5.27003,-5.43818
97.31765716,4.90404,4.90404,5.82881,5.02485,-5.6558
97.32704746,4.36845,4.36845,5.36179,4.50799,-6.04694
97.33724877,3.74952,3.74952,4.81197,3.90889,-6.40747
97.35147449,2.82824,2.82824,3.97741,3.01428,-6.80165
97.36690375,1.76185,1.76185,2.99195,1.97536,-7.08949
97.39776228,-0.525548,-0.525548,0.82307,-0.262883,-7.24696
97.41243694,-1.66507,-1.66507,-0.285635,-1.38552,-7.13194
97.41929615,-2.20372,-2.20372,-0.817854,-1.91872,-7.03739
97.42174173,-2.39606,-2.39606,-1.00947,-2.10969,-6.99691
97.42266743,-2.46887,-2.46887,-1.08227,-2.18198,-6.98159
97.42354059,-2.53754,-2.53754,-1.15095,-2.25016,-6.96576
97.42528692,-2.67461,-2.67461,-1.28865,-2.38653,-6.93409
97.42877956,-2.94766,-2.94766,-1.56495,-2.65868,-6.86523
97.43118916,-3.13496,-3.13496,-1.75635,-2.84577,-6.81407
97.43389463,-3.34395,-3.34395,-1.97124,-3.05492,-6.75311
97.43558209,-3.47348,-3.47348,-2.10556,-3.18477,-6.71322
97.43799056,-3.65705,-3.65705,-2.29725,-3.36907,-6.65382
97.44016823,-3.82148,-3.82148,-2.47046,-3.53446,-6.59765
97.44452357,-4.1451,-4.1451,-2.81578,-3.86076,-6.47837
97.45323424,-4.76476,-4.76476,-3.49641,-4.4884,-6.21275
97.4598723,-5.2064,-5.2064,-4.00081,-4.93789,-5.98672
97.4634728,-5.43305,-5.43305,-4.26755,-5.16925,-5.85576
97.46524302,-5.54083,-5.54083,-4.39659,-5.27939,-5.78884
97.46630054,-5.60357,-5.60357,-4.47264,-5.34353,-5.74887
97.4673085,-5.66336,-5.66336,-4.54512,-5.40467,-5.70964
97.46859969,-5.73816,-5.73816,-4.63673,-5.48116,-5.65938
97.47000488,-5.818,-5.818,-4.73526,-5.56283,-5.60311
97.47157296,-5.90522,-5.90522,-4.84369,-5.65206,-5.54031
97.47303815,-5.98494,-5.98494,-4.94349,-5.73365,-5.48026
97.47596853,-6.13937,-6.13937,-5.13829,-5.89183,-5.35748
97.47818437,-6.25178,-6.25178,-5.2811,-6.00709,-5.26184
97.47916761,-6.30023,-6.30023,-5.3429,-6.05682,-5.21941
97.47981426,-6.33209,-6.33209,-5.38355,-6.08952,-5.19091
97.48045529,-6.3629,-6.3629,-5.42295,-6.12117,-5.16266
97.4814727,-6.41178,-6.41178,-5.48548,-6.17139,-5.11715
97.4824913,-6.45973,-6.45973,-5.54692,-6.22068,-5.07158
97.48442312,-6.54857,-6.54857,-5.66106,-6.31212,-4.98365
97.48828675,-6.71818,-6.71818,-5.88034,-6.48706,-4.80345
97.49601403,-7.02557,-7.02557,-6.28452,-6.80575,-4.42629
97.50718733,-7.39625,-7.39625,-6.79169,-7.19435,-3.84357
97.51880744,-7.69069,-7.69069,-7.22554,-7.50939,-3.19403
97.53289936,-7.92553,-7.92553,-7.62695,-7.77172,-2.35279
97.55514638,-8.03215,-8.03215,-7.98983,-7.92632,-0.92513
97.57852787,-7.81116,-7.81116,-8.02581,-7.75991,0.675427
97.58803156,-7.6268,-7.6268,-7.94164,-7.5986,1.34734
97.59387978,-7.48716,-7.48716,-7.86223,-7.47328,1.76405
97.5956863,-7.44006,-7.44006,-7.83351,-7.43062,1.89277
97.59747717,-7.39157,-7.39157,-7.80311,-7.38652,2.0203
97.60105892,-7.28928,-7.28928,-7.73666,-7.29303,2.27535
97.60822242,-7.06399,-7.06399,-7.58156,-7.08525,2.78026
97.62254941,-6.53427,-6.53427,-7.18576,-6.58983,3.74985
97.63348633,-6.06209,-6.06209,-6.80972,-6.14286,4.43443
97.64083638,-5.71333,-5.71333,-6.52245,-5.81042,4.85793
97.64448493,-5.53114,-5.53114,-6.36983,-5.63611,5.05527
97.64652743,-5.4266,-5.4266,-6.28156,-5.53592,5.16167
97.64846131,-5.32597,-5.32597,-6.19615,-5.43936,5.2596
97.65062605,-5.21147,-5.21147,-6.09845,-5.32937,5.36597
97.65301623,-5.08281,-5.08281,-5.98806,-5.20564,5.47952
97.6577966,-4.81859,-4.81859,-5.75952,-4.95116,5.69467
97.66735733,-4.26397,-4.26397,-5.27264,-4.41561,6.07915
97.67783403,-3.61869,-3.61869,-4.69592,-3.79062,6.43257
97.69232324,-2.66827,-2.66827,-3.83025,-2.86717,6.80781
97.7086194,-1.52972,-1.52972,-2.77264,-1.75724,7.07617
97.74054418,0.852558,0.852558,-0.501602,0.575965,7.15136
97.75462322,1.94413,1.94413,0.569026,1.65372,7.00073
97.76103612,2.44417,2.44417,1.0679,2.15003,6.89596
97.76330867,2.62137,2.62137,1.2461,2.32617,6.85351
97.76542597,2.786,2.786,1.41265,2.49027,6.81151
97.76782902,2.97214,2.97214,1.60216,2.67603,6.76102
97.77005584,3.14376,3.14376,1.77827,2.84734,6.71157
97.77180726,3.27795,3.27795,1.91679,2.98208,6.67065
97.77237991,3.32182,3.32182,1.96208,3.02584,6.65728
97.77412879,3.45499,3.45499,2.1006,3.15952,6.61461
97.77645234,3.63062,3.63062,2.28464,3.33598,6.55556
97.7785611,3.78856,3.78856,2.45153,3.49494,6.49964
97.7827786,4.09949,4.09949,2.78424,3.80865,6.38127
97.79121362,4.69565,4.69565,3.44039,4.41295,6.11903
97.79332237,4.83757,4.83757,3.6015,4.55749,6.04716
97.79753988,5.11402,5.11402,3.91983,4.83949,5.89858
97.80115135,5.34099,5.34099,4.18701,5.07151,5.76544
97.80279819,5.44121,5.44121,4.30684,5.1741,5.70265
97.80312371,5.46064,5.46064,4.33052,5.194,5.69024
97.80340384,5.47736,5.47736,4.35071,5.21113,5.67956
97.80401384,5.51377,5.51377,4.39465,5.24842,5.65584
97.80465369,5.55126,5.55126,4.44035,5.28683,5.63096
97.80536929,5.59319,5.59319,4.49147,5.32978,5.60271
97.80618709,5.63996,5.63996,4.54908,5.3777,5.57041
97.80735445,5.70671,5.70671,4.63133,5.44611,5.52337
97.80841074,5.76579,5.76579,4.70475,5.50666,5.48081
97.80991139,5.84817,5.84817,4.80781,5.5911,5.4187
97.81130979,5.9233,5.9233,4.90245,5.66815,5.36083
97.8141066,6.06899,6.06899,5.08741,5.81766,5.24174
97.81623357,6.17575,6.17575,5.22398,5.92734,5.14851
97.81739192,6.23217,6.23217,5.29649,5.98535,5.09773
97.81801321,6.26243,6.26243,5.33539,6.01647,5.06983
97.81934405,6.32571,6.32571,5.41693,6.08159,5.01008
97.82131742,6.41711,6.41711,5.53504,6.17577,4.91993
97.82361892,6.52012,6.52012,5.66868,6.28206,4.81284
97.82775474,6.6956,6.6956,5.8981,6.46361,4.61527
97.83602639,7.01006,7.01006,6.31767,6.79091,4.20105
97.84636925,7.33588,7.33588,6.77174,7.13416,3.64924
97.85879545,7.62996,7.62996,7.21715,7.45119,2.94033
97.87268798,7.83532,7.83532,7.58886,7.68459,2.09441
97.89578155,7.89825,7.89825,7.92024,7.79852,0.585697
97.91668752,7.66801,7.66801,7.92153,7.6177,-0.863841
97.92473171,7.50881,7.50881,7.84806,7.47808,-1.43692
97.9273519,7.44867,7.44867,7.8154,7.42436,-1.62496
97.92902422,7.40821,7.40821,7.79236,7.38801,-1.74497
97.93067584,7.36668,7.36668,7.76794,7.35054,-1.8635
97.93397909,7.27904,7.27904,7.71419,7.27101,-2.10056
97.94058558,7.08574,7.08574,7.58742,7.0939,-2.57175
97.95379858,6.62992,6.62992,7.2592,6.66994,-3.48705
97.96407367,6.21424,6.21424,6.93744,6.27832,-4.15846
97.9728529,5.8187,5.8187,6.61827,5.90262,-4.6914
97.97813264,5.5636,5.5636,6.40732,5.65908,-4.98952
97.98057406,5.44139,5.44139,6.30505,5.54209,-5.12103
97.98292728,5.32111,5.32111,6.20371,5.4268,-5.24373
97.98489964,5.21847,5.21847,6.11673,5.32829,-5.34345
97.98701504,5.10655,5.10655,6.02139,5.22076,-5.4473
97.99124583,4.87719,4.87719,5.82447,5.00008,-5.64558
97.99880354,4.44979,4.44979,5.45266,4.58793,-5.96975
98.00976904,3.79187,3.79187,4.86986,3.95156,-6.37418
98.02200619,3.00913,3.00913,4.163,3.19209,-6.736
98.03795799,1.92148,1.92148,3.16126,2.13335,-7.06949
98.06534434,-0.0832531,-0.0832531,1.26818,0.173707,-7.29016
98.0827684,-1.42547,-1.42547,-0.0300641,-1.14518,-7.20646
98.09022858,-2.01019,-2.01019,-0.604624,-1.72241,-7.11872
98.09277436,-2.21051,-2.21051,-0.802931,-1.92074,-7.08114
98.09371477,-2.2845,-2.2845,-0.876501,-1.99401,-7.06726
98.09461301,-2.35518,-2.35518,-0.946771,-2.06399,-7.05267
98.09576203,-2.44559,-2.44559,-1.03688,-2.1536,-7.034
98.09806008,-2.62607,-2.62607,-1.21758,-2.33281,-6.99403
98.10265616,-2.98523,-2.98523,-1.58054,-2.69029,-6.90586
98.10500159,-3.16733,-3.16733,-1.76664,-2.87198,-6.85666
98.10791822,-3.3923,-3.39231,-1.99806,-3.0969,-6.79157
98.10967885,-3.52718,-3.52718,-2.13803,-3.23198,-6.75019
98.11248539,-3.74041,-3.74041,-2.36113,-3.44589,-6.68102
98.11542077,-3.96066,-3.96066,-2.59413,-3.66733,-6.6045
98.12129155,-4.39055,-4.39055,-3.05727,-4.10094,-6.43892
98.13303311,-5.19101,-5.19101,-3.95718,-4.91267,-6.05927
98.13755193,-5.4745,-5.4745,-4.29092,-5.20148,-5.89629
98.14030035,-5.63935,-5.63935,-4.48943,-5.36965,-5.79268
98.14278689,-5.78329,-5.78329,-4.66548,-5.51657,-5.6961
98.14501631,-5.9081,-5.9081,-4.82009,-5.64404,-5.60724
98.14737505,-6.03586,-6.03586,-4.98001,-5.77459,-5.51092
98.14971339,-6.15823,-6.15823,-5.1345,-5.89973,-5.41314
98.15161845,-6.25483,-6.25483,-5.25718,-5.9986,-5.3314
98.15262173,-6.30438,-6.30438,-5.32036,-6.04937,-5.28836
98.15318669,-6.33228,-6.33228,-5.35594,-6.07795,-5.26357
98.15450192,-6.39583,-6.39583,-5.43714,-6.1431,-5.20586
98.15660022,-6.49456,-6.49456,-5.56364,-6.24443,-5.1121
98.15915153,-6.61029,-6.61029,-5.71254,-6.36338,-4.99577
98.16383308,-6.81046,-6.81046,-5.97231,-6.56971,-4.77575
98.17319616,-7.1643,-7.1643,-6.44227,-6.93686,-4.31133
98.18323062,-7.47574,-7.47574,-6.87549,-7.26409,-3.77946
98.19688289,-7.7889,-7.7889,-7.35184,-7.6012,-3.00393
98.21078929,-7.97931,-7.97931,-7.70598,-7.81869,-2.15868
98.23860209,-7.98707,-7.98707,-8.03064,-7.88679,-0.335865
98.25586168,-7.75127,-7.75127,-7.98229,-7.69146,0.864466
98.26351599,-7.58964,-7.58964,-7.90111,-7.54829,1.40863
98.26585587,-7.53338,-7.53338,-7.86909,-7.49771,1.57613
98.26868071,-7.46129,-7.46129,-7.82603,-7.43251,1.77834
98.2714479,-7.38636,-7.38636,-7.77925,-7.36433,1.97642
98.27698229,-7.22394,-7.22394,-7.67228,-7.2154,2.37112
98.28805106,-6.8505,-6.8505,-7.40609,-6.8687,3.14567
98.3027779,-6.25832,-6.25832,-6.94854,-6.3111,4.11548
98.31293384,-5.78972,-5.78972,-6.5671,-5.86534,4.7246
98.31839448,-5.51831,-5.51831,-6.34056,-5.6058,5.02655
98.32125315,-5.37099,-5.37099,-6.21615,-5.46457,5.17658
98.3238592,-5.23365,-5.23365,-6.09936,-5.3327,5.30824
98.32645484,-5.09407,-5.09407,-5.97989,-5.19851,5.43449
98.32939536,-4.93263,-4.93263,-5.84084,-5.04311,5.57174
98.33527641,-4.59959,-4.59959,-5.55121,-4.72199,5.82843
98.34538141,-3.99741,-3.99741,-5.01935,-4.13987,6.21611
98.3568969,-3.26848,-3.26848,-4.36378,-3.43313,6.5781
98.37134732,-2.29651,-2.29651,-3.47337,-2.48793,6.91525
98.39268493,-0.765619,-0.765619,-2.04072,-0.993976,7.18165
98.41546691,0.962459,0.962459,-0.386312,0.699214,7.17243
98.42593015,1.77839,1.77839,0.409697,1.50282,7.06929
98.43109382,2.18374,2.18374,0.809479,1.90333,6.99603
98.43311582,2.34247,2.34247,0.967146,2.06068,6.96337
98.43528078,2.51242,2.51242,1.13652,2.22915,6.92598
98.4381674,2.73836,2.73836,1.36313,2.45357,6.87228
98.44121091,2.97547,2.97547,1.60285,2.68957,6.81095
98.44354084,3.15599,3.15599,1.78698,2.86959,6.76076
98.44617041,3.35844,3.35844,1.99479,3.07186,6.70077
98.44791169,3.49164,3.49164,2.13261,3.20516,6.6591
98.45051024,3.68887,3.68887,2.33827,3.40285,6.59409
98.45303674,3.87857,3.87857,2.53796,3.59336,6.52765
98.45808973,4.25049,4.25049,2.93546,3.96791,6.38537
98.46819572,4.95401,4.95401,3.71382,4.67988,6.06434
98.474955,5.38748,5.38748,4.21558,5.12065,5.82322
98.47814536,5.58037,5.58037,4.44573,5.31721,5.70197
98.47846325,5.59908,5.59908,4.46835,5.33629,5.68989
98.47909902,5.63649,5.63649,4.5136,5.37444,5.66502
98.47993302,5.68457,5.68457,4.57226,5.42348,5.6324
98.48098403,5.74517,5.74517,4.64619,5.48529,5.59048
98.48201809,5.80297,5.80297,4.71754,5.54482,5.54924
98.48337406,5.87875,5.87875,4.81109,5.62155,5.4938
98.48461669,5.94636,5.94636,4.89531,5.69055,5.44299
98.48710194,6.07793,6.07793,5.06036,5.82488,5.3387
98.48905748,6.17806,6.17806,5.18689,5.92721,5.25482
98.49144597,6.29639,6.29639,5.33719,6.04824,5.15023
98.49264276,6.35406,6.35406,5.41069,6.10728,5.09671
98.49362548,6.40026,6.40026,5.46971,6.15463,5.05276
98.49457237,6.44478,6.44478,5.52658,6.20025,5.00946
98.49646614,6.53115,6.53115,5.63727,6.28886,4.92286
98.50025369,6.69605,6.69605,5.8499,6.45839,4.74474
98.50782878,6.99497,6.99497,6.24184,6.7672,4.3722
98.5194398,7.3747,7.3747,6.76057,7.1638,3.76135
98.53069705,7.65364,7.65364,7.17189,7.46107,3.12628
98.54505152,7.88448,7.88448,7.56916,7.71788,2.26161
98.56996094,7.96471,7.96471,7.93032,7.84878,0.641532
98.59246196,7.70347,7.70347,7.9109,7.63757,-0.918982
98.60087985,7.52682,7.52682,7.82127,7.48038,-1.51937
98.60390953,7.45298,7.45298,7.77825,7.41362,-1.73687
98.60682825,7.37689,7.37689,7.73155,7.34436,-1.94641
98.60947498,7.30374,7.30374,7.68481,7.27741,-2.13626
98.61476845,7.14586,7.14586,7.57898,7.13193,-2.51418
98.62535537,6.78533,6.78533,7.31928,6.79598,-3.25467
98.63831235,6.26655,6.26655,6.91762,6.30654,-4.11105
98.64865486,5.79427,5.79427,6.53355,5.85676,-4.73653
98.65442017,5.5095,5.5095,6.29584,5.58411,-5.05708
98.65733017,5.36012,5.36012,6.16962,5.44071,-5.21038
98.66007674,5.21577,5.21577,6.04675,5.30193,-5.34953
98.66304171,5.05637,5.05637,5.91013,5.14849,-5.49374
98.66659514,4.86058,4.86058,5.74106,4.95975,-5.6585
98.67370199,4.45405,4.45405,5.38606,4.56715,-5.96256
98.68408517,3.82637,3.82637,4.82894,3.95941,-6.3479
98.69666867,3.01647,3.01647,4.09681,3.17299,-6.72378
98.71235589,1.94044,1.94044,3.10549,2.12505,-7.056
98.73645214,0.173861,0.173861,1.44133,0.39847,-7.28081
98.75649074,-1.37122,-1.37122,-0.047732,-1.11858,-7.21352
98.76445706,-1.99797,-1.99797,-0.662127,-1.73683,-7.1242
98.76705502,-2.20325,-2.20325,-0.864894,-1.93991,-7.08682
98.76804323,-2.28134,-2.28134,-0.942359,-2.01716,-7.0726
98.76898425,-2.35569,-2.35569,-1.01612,-2.09072,-7.05759
98.77027779,-2.45791,-2.45791,-1.11779,-2.19192,-7.03695
98.77286486,-2.66188,-2.66188,-1.32168,-2.3943,-6.99239
98.77634028,-2.93473,-2.93473,-1.59661,-2.66551,-6.92704
98.77847178,-3.10123,-3.10123,-1.76588,-2.83096,-6.88386
98.78110211,-3.30557,-3.30557,-1.97476,-3.03514,-6.82736
98.78279339,-3.4362,-3.4362,-2.10934,-3.16562,-6.78917
98.78512794,-3.6153,-3.6153,-2.2951,-3.34477,-6.73409
98.78718125,-3.77151,-3.77151,-2.4584,-3.50126,-6.68339
98.79128787,-4.07947,-4.07947,-2.78409,-3.81041,-6.57575
98.79950111,-4.67217,-4.67217,-3.42726,-4.40764,-6.3361
98.80584414,-5.10366,-5.10366,-3.91196,-4.84415,-6.12928
98.80742989,-5.20681,-5.20681,-4.03078,-4.94876,-6.07407
98.8106014,-5.40836,-5.40836,-4.26564,-5.15329,-5.96094
98.81276583,-5.54167,-5.54167,-4.42338,-5.28865,-5.88141
98.81419221,-5.62743,-5.62743,-4.52601,-5.37575,-5.82762
98.81508627,-5.6799,-5.6799,-4.58945,-5.42905,-5.7939
98.81617153,-5.74359,-5.74359,-4.66647,-5.49375,-5.75192
98.81722972,-5.80436,-5.80436,-4.74058,-5.55549,-5.71099
98.81863622,-5.88372,-5.88372,-4.83795,-5.63613,-5.65511
98.8199288,-5.95524,-5.95524,-4.92625,-5.70882,-5.60377
98.82251397,-6.09434,-6.09434,-5.09919,-5.85028,-5.49817
98.82450087,-6.19773,-6.19773,-5.22859,-5.95549,-5.4146
98.82575259,-6.261,-6.261,-5.30814,-6.01994,-5.36195
98.82640327,-6.29389,-6.29389,-5.34949,-6.05344,-5.33392
98.82740092,-6.34294,-6.34294,-5.41166,-6.10343,-5.29096
98.82819727,-6.38208,-6.38208,-5.46039,-6.14334,-5.25612
98.82902807,-6.42166,-6.42166,-5.51123,-6.18373,-5.21979
98.83050904,-6.49221,-6.49221,-5.5999,-6.25573,-5.15409
98.83347096,-6.62761,-6.62761,-5.77184,-6.39412,-5.02008
98.83889147,-6.85905,-6.85905,-6.06861,-6.63139,-4.76602
98.84862507,-7.22249,-7.22249,-6.54632,-7.00649,-4.28249
98.85892651,-7.5353,-7.5353,-6.97762,-7.3333,-3.73465
98.87252735,-7.83715,-7.83715,-7.43373,-7.65619,-2.95941
98.88794876,-8.02956,-8.02956,-7.79831,-7.87563,-2.01684
98.91879157,-7.95913,-7.95913,-8.0591,-7.86677,0.0239171
98.93392715,-7.71063,-7.71063,-7.96502,-7.65122,1.083
98.94097382,-7.54857,-7.54857,-7.8727,-7.50492,1.58419
98.943488,-7.48378,-7.48378,-7.83243,-7.4458,1.76374
98.9458316,-7.42018,-7.42018,-7.7915,-7.3875,1.93111
98.9505188,-7.28392,-7.28392,-7.7,-7.26184,2.265
98.9598932,-6.97621,-6.97621,-7.47935,-6.97525,2.92385
98.978642,-6.22842,-6.22842,-6.895,-6.26852,4.15734
98.98932206,-5.7275,-5.7275,-6.48045,-5.7899,4.78594
98.99469722,-5.45577,-5.45577,-6.25026,-5.529,5.07641
98.99782764,-5.29171,-5.29171,-6.10977,-5.37111,5.23658
99.00077915,-5.13325,-5.13325,-5.97311,-5.2184,5.38123
99.00348189,-4.98502,-4.98502,-5.84448,-5.07538,5.50827
99.00888737,-4.6799,-4.6799,-5.57747,-4.78056,5.74724
99.01969833,-4.03701,-4.03701,-5.00637,-4.15785,6.1671
99.03042434,-3.35915,-3.35915,-4.39376,-3.4995,6.50947
99.04618592,-2.29923,-2.29923,-3.41856,-2.46725,6.88247
99.06323676,-1.07988,-1.07988,-2.27544,-1.27627,7.11587
99.09733844,1.49952,1.49952,0.213223,1.26099,7.07903
99.10766566,2.30209,2.30209,1.01157,2.05694,6.93875
99.11179956,2.62357,2.62357,1.33576,2.37701,6.86624
99.11330979,2.74102,2.74102,1.45486,2.49393,6.83746
99.11512062,2.88133,2.88133,1.59767,2.63373,6.80138
99.11720746,3.04239,3.04239,1.76282,2.79483,6.75768
99.11981977,3.24284,3.24284,1.96956,2.9954,6.69983
99.12155984,3.37553,3.37553,2.10749,3.12837,6.65936
99.12393876,3.55566,3.55566,2.29604,3.30912,6.60156
99.12613234,3.72024,3.72024,2.46975,3.47454,6.54575
99.13051952,4.04419,4.04419,2.81598,3.80082,6.427
99.13929387,4.66461,4.66461,3.49795,4.42817,6.16169
99.14598755,5.10735,5.10735,4.00342,4.87761,5.935
99.14988645,5.35092,5.35092,4.28995,5.12541,5.79348
99.15177093,5.46449,5.46449,4.42597,5.24104,5.72213
99.15295271,5.53424,5.53424,4.50996,5.31209,5.67738
99.15408866,5.60019,5.60019,4.59069,5.37927,5.63299
99.15538847,5.67433,5.67433,4.68168,5.45481,5.5822
99.15674115,5.75002,5.75002,4.77523,5.53194,5.52773
99.15845556,5.84382,5.84382,4.89203,5.62755,5.4587
99.16005231,5.92907,5.92907,4.99894,5.71448,5.39282
99.16362069,6.11237,6.11237,5.2307,5.90157,5.2417
99.16511745,6.18612,6.18612,5.32483,5.97693,5.17651
99.16545744,6.20288,6.20288,5.34581,5.99405,5.16171
99.16579812,6.21922,6.21922,5.36683,6.01077,5.14687
99.16647948,6.25192,6.25192,5.40887,6.04421,5.11659
99.16715531,6.28434,6.28434,5.44971,6.07737,5.08656
99.1680488,6.32577,6.32577,5.5037,6.11979,5.04685
99.16983577,6.40861,6.40861,5.60914,6.20462,4.96599
99.17274976,6.53775,6.53775,5.77545,6.3371,4.83142
99.17857774,6.77773,6.77773,6.08799,6.58409,4.55246
99.18833362,7.12574,7.12574,6.55421,6.94492,4.05749
99.19900779,7.43072,7.43072,6.98564,7.26548,3.47816
99.21261369,7.70676,7.70676,7.42001,7.56363,2.68758
99.22893211,7.875,7.875,7.77409,7.76131,1.67156
99.25946159,7.73633,7.73633,7.9666,7.68366,-0.379694
99.27197523,7.51431,7.51431,7.87295,7.48825,-1.26295
99.2794695,7.33719,7.33719,7.77032,7.32731,-1.79795
99.28199384,7.27024,7.27024,7.72803,7.26584,-1.97855
99.28430711,7.20575,7.20575,7.68592,7.20636,-2.14405
99.28893363,7.06797,7.06797,7.5923,7.0786,-2.47358
99.29818669,6.75825,6.75825,7.36826,6.78874,-3.12182
99.31669281,6.01037,6.01037,6.78042,6.07899,-4.32664
99.32559832,5.59209,5.59209,6.43355,5.67806,-4.84648
99.33036276,5.35343,5.35343,6.23154,5.44836,-5.1046
99.33347269,5.19228,5.19228,6.09369,5.29292,-5.26474
99.33616831,5.04926,5.04926,5.9705,5.1548,-5.39802
99.3389323,4.89949,4.89949,5.84066,5.01,-5.52937
99.34446028,4.59078,4.59078,5.57063,4.71107,-5.77642
99.35551623,3.93874,3.93874,4.99109,4.07819,-6.21035
99.3659434,3.28435,3.28435,4.39899,3.44135,-6.54824
99.38115064,2.26917,2.26917,3.46376,2.45079,-6.9204
99.40413419,0.622917,0.622917,1.91298,0.839143,-7.21925
99.42631747,-1.06145,-1.06145,0.289601,-0.816042,-7.21729
99.4361332,-1.82733,-1.82733,-0.46209,-1.57226,-7.12775
99.44088853,-2.20081,-2.20081,-0.832388,-1.94204,-7.06527
99.44237435,-2.31751,-2.31751,-0.948822,-2.05792,-7.04284
99.4433572,-2.3947,-2.3947,-1.02607,-2.13457,-7.028
99.44431323,-2.46979,-2.46979,-1.10121,-2.20913,-7.01222
99.44622527,-2.61977,-2.61977,-1.25191,-2.35824,-6.98064
99.45004936,-2.91853,-2.91853,-1.55442,-2.65582,-6.91081
99.45258385,-3.1154,-3.1154,-1.75559,-2.85232,-6.86035
99.45541104,-3.33363,-3.33363,-1.98053,-3.07053,-6.80017
99.45708908,-3.46236,-3.46236,-2.11404,-3.19945,-6.76253
99.45954166,-3.64916,-3.64916,-2.30926,-3.38679,-6.70497
99.46178261,-3.81826,-3.81826,-2.48764,-3.55666,-6.64975
99.46626451,-4.15093,-4.15093,-2.84303,-3.89158,-6.5319
99.47522831,-4.78702,-4.78702,-3.54283,-4.53457,-6.2673
99.47746926,-4.93788,-4.93788,-3.71428,-4.68768,-6.19402
99.48195116,-5.231,-5.231,-4.05249,-4.98549,-6.04195
99.48533305,-5.44276,-5.44276,-4.30228,-5.20092,-5.92168
99.48693513,-5.53999,-5.53999,-4.41876,-5.29989,-5.86257
99.48817529,-5.61381,-5.61381,-4.50759,-5.37506,-5.81681
99.48936847,-5.68364,-5.68364,-4.59306,-5.44616,-5.77141
99.49060362,-5.75467,-5.75467,-4.67975,-5.51851,-5.72441
99.49176547,-5.82035,-5.82035,-4.7613,-5.58542,-5.67897
99.49309255,-5.89404,-5.89404,-4.85285,-5.66049,-5.62707
99.49504396,-5.99984,-5.99984,-4.98522,-5.76834,-5.5489
99.49894677,-6.20261,-6.20261,-5.24121,-5.97525,-5.38777
99.5004958,-6.27932,-6.27932,-5.33942,-6.05362,-5.32177
99.50143232,-6.3257,-6.3257,-5.39747,-6.10101,-5.28186
99.50233413,-6.3688,-6.3688,-5.45336,-6.1451,-5.24258
99.50356678,-6.42771,-6.42771,-5.52816,-6.20537,-5.18889
99.50485795,-6.4878,-6.4878,-5.60513,-6.26691,-5.13177
99.50744029,-6.60434,-6.60434,-5.75497,-6.38641,-5.01553
99.51260498,-6.82308,-6.82308,-6.0389,-6.61135,-4.77529
99.52293434,-7.20417,-7.20417,-6.5469,-7.00605,-4.26514
99.53294392,-7.5028,-7.5028,-6.96587,-7.31943,-3.73511
99.54775556,-7.81959,-7.81959,-7.45788,-7.66072,-2.89232
99.56202289,-7.98629,-7.98629,-7.7904,-7.85376,-2.02143
99.59055754,-7.93047,-7.93047,-8.0538,-7.85653,-0.144175
99.60610621,-7.68961,-7.68961,-7.97816,-7.64999,0.938111
99.61317215,-7.53272,-7.53272,-7.89399,-7.50907,1.43943
99.61555237,-7.47335,-7.47335,-7.85874,-7.45511,1.6093
99.61739421,-7.4252,-7.4252,-7.82913,-7.41116,1.74075
99.61919889,-7.37618,-7.37618,-7.79817,-7.36626,1.86955
99.62280825,-7.27279,-7.27279,-7.7305,-7.27109,2.12687
99.63002698,-7.04502,-7.04502,-7.57265,-7.05971,2.63767
99.64446443,-6.50926,-6.50926,-7.17019,-6.55609,3.62304
99.65548929,-6.03145,-6.03145,-6.78795,-6.1019,4.32339
99.66362356,-5.64269,-5.64269,-6.46609,-5.72988,4.79949
99.66767168,-5.43818,-5.43818,-6.29369,-5.53343,5.021
99.66985098,-5.32513,-5.32513,-6.19759,-5.42465,5.13556
99.67185576,-5.21936,-5.21936,-6.10721,-5.32276,5.23788
99.67398696,-5.10509,-5.10509,-6.00908,-5.21257,5.34341
99.67634416,-4.97656,-4.97656,-5.89812,-5.08851,5.45632
99.68105854,-4.71289,-4.71289,-5.66873,-4.83366,5.67046
99.69048732,-4.16043,-4.16043,-5.18133,-4.2985,6.05399
99.70138938,-3.4827,-3.4827,-4.57282,-3.64021,6.42561
99.71526943,-2.56553,-2.56553,-3.7342,-2.74687,6.79056
99.7315183,-1.42518,-1.42518,-2.6718,-1.63298,7.06761
99.76198028,0.85143,0.85143,-0.497712,0.59983,7.16892
99.77567775,1.91339,1.91339,0.543976,1.64884,7.04191
99.78189332,2.39823,2.39823,1.02724,2.13,6.94996
99.78408969,2.56955,2.56955,1.19935,2.3003,6.91244
99.78614004,2.72913,2.72913,1.36051,2.45928,6.87509
99.78936875,2.97931,2.97931,1.61506,2.70889,6.81182
99.79154918,3.14731,3.14731,1.78752,2.87655,6.76603
99.79329734,3.28122,3.28122,1.92578,3.01097,6.72729
99.79386474,3.32469,3.32469,1.97066,3.05431,6.71471
99.79563031,3.4591,3.4591,2.1105,3.18918,6.67375
99.79805472,3.64229,3.64229,2.30253,3.37313,6.61492
99.80033986,3.81325,3.81325,2.48334,3.54511,6.55678
99.80491015,4.14924,4.14924,2.84358,3.88392,6.43276
99.81405071,4.78989,4.78989,3.55204,4.5328,6.15457
99.82098784,5.24149,5.24149,4.07287,4.99226,5.91731
99.82451929,5.45809,5.45809,4.33072,5.21317,5.78805
99.82633571,5.56571,5.56571,4.46106,5.32302,5.71938
99.82803589,5.66399,5.66399,4.58143,5.42338,5.65378
99.8296881,5.75722,5.75722,4.69674,5.5186,5.58882
99.8312673,5.84425,5.84425,4.80533,5.60752,5.52507
99.83289581,5.93191,5.93191,4.91552,5.69711,5.45933
99.83576633,6.08135,6.08135,5.10499,5.84997,5.33975
99.8379635,6.19144,6.19144,5.24563,5.96269,5.24541
99.83900807,6.24225,6.24225,5.31084,6.01476,5.20056
99.8396169,6.27186,6.27186,5.34884,6.04511,5.17377
99.84097418,6.33635,6.33635,5.43182,6.11126,5.11403
99.84316394,6.43751,6.43751,5.56236,6.21514,5.01582
99.84587838,6.55805,6.55805,5.71865,6.33911,4.89141
99.85084672,6.76491,6.76491,5.98951,6.55252,4.65627
99.86078341,7.12617,7.12617,6.47532,6.92793,4.15842
99.87066273,7.41704,7.41704,6.88724,7.23428,3.62895
99.88497696,7.71999,7.71999,7.36262,7.56207,2.80628
99.89898201,7.88334,7.88334,7.69162,7.75221,1.94434
99.92699212,7.83269,7.83269,7.95987,7.76051,0.0878779
99.94196587,7.6065,7.6065,7.8958,7.56793,-0.961524
99.94878103,7.45908,7.45908,7.81994,7.43613,-1.44827
99.95111704,7.40229,7.40229,7.78733,7.38472,-1.61611
99.95311815,7.35116,7.35116,7.75675,7.33821,-1.7599
99.95509844,7.29834,7.29834,7.72413,7.28996,-1.90219
99.95905903,7.18618,7.18618,7.65192,7.18693,-2.18643
99.96698019,6.93641,6.93641,7.48016,6.9553,-2.74992
99.98282252,6.33999,6.33999,7.0317,6.39428,-3.8285
99.99300945,5.8913,5.8913,6.67215,5.96738,-4.46976
100,5.5553,5.5553,6.39448,5.64577,-4.87734
