"TIME","SIN1","SIN2","SIN3","SIN4","SIN5"
90,-7.74723,-7.74723,-7.05266,-7.48851,-2.59523
90.00140556,-7.75683,-7.75683,-7.08616,-7.50388,-2.50944
90.00421668,-7.77304,-7.77304,-7.15015,-7.53166,-2.3366
90.00983891,-7.79123,-7.79123,-7.26383,-7.57307,-1.9851
90.01995217,-7.77538,-7.77538,-7.41906,-7.59925,-1.33414
90.04017869,-7.5619,-7.5619,-7.54259,-7.47005,0.0281071
90.05386146,-7.2849,-7.2849,-7.48808,-7.24972,0.985355
90.0596386,-7.13671,-7.13671,-7.43224,-7.12531,1.39581
90.06164047,-7.08112,-7.08112,-7.4084,-7.07794,1.53875
90.06330191,-7.03337,-7.03337,-7.38689,-7.03698,1.65738
90.0649412,-6.98483,-6.98483,-7.36415,-6.99514,1.77443
90.06821979,-6.88359,-6.88359,-7.31419,-6.90725,2.00853
90.07477697,-6.66477,-6.66477,-7.19661,-6.71496,2.47429
90.08789133,-6.1646,-6.1646,-6.89307,-6.2671,3.38114
90.11412005,-4.93768,-4.93767,-6.03204,-5.14245,4.95394
90.12339574,-4.43553,-4.43553,-5.64993,-4.67578,5.41826
90.13179075,-3.95319,-3.95318,-5.27159,-4.22522,5.79134
90.14184018,-3.34411,-3.34411,-4.78081,-3.65368,6.1778
90.1520036,-2.69607,-2.69607,-4.24516,-3.04287,6.50304
90.16695618,-1.69149,-1.69149,-3.39193,-2.09123,6.86445
90.18307614,-0.550844,-0.550842,-2.39475,-1.00448,7.10138
90.19951894,0.66093,0.660932,-1.30663,0.156837,7.18412
90.20893086,1.37089,1.37089,-0.655454,0.841337,7.16076
90.21349466,1.71797,1.71797,-0.333049,1.17749,7.13122
90.21506877,1.83798,1.83798,-0.22091,1.29409,7.11765
90.21654554,1.95057,1.95057,-0.115304,1.40347,7.10492
90.21757674,2.02918,2.02919,-0.0413427,1.48008,7.0946
90.21847255,2.09748,2.09748,0.0230507,1.54663,7.08564
90.21943568,2.17091,2.17091,0.0924261,1.61818,7.07497
90.22046346,2.24912,2.24912,0.166619,1.69467,7.06358
90.22156356,2.33283,2.33283,0.246211,1.77654,7.05009
90.22278379,2.42568,2.42568,0.334704,1.86736,7.03513
90.22465151,2.5674,2.5674,0.470567,2.00636,7.0101
90.22803048,2.82267,2.82268,0.717549,2.25764,6.96006
90.23478844,3.32662,3.32662,1.21533,2.75719,6.84181
90.23762537,3.53497,3.53498,1.42559,2.96519,6.78502
90.24078671,3.76435,3.76435,1.66057,3.19527,6.71683
90.24170564,3.83022,3.83022,1.72887,3.26163,6.69579
90.24278037,3.90726,3.90726,1.80884,3.33924,6.67119
90.24439079,4.02156,4.02156,1.92867,3.45475,6.63285
90.24704276,4.20732,4.20732,2.12601,3.64321,6.56687
90.25234669,4.56819,4.56819,2.51913,4.01221,6.42447
90.26295455,5.23547,5.23547,3.29028,4.70677,6.09917
90.26325583,5.2532,5.25321,3.31219,4.72553,6.08901
90.26434902,5.31756,5.31756,3.39027,4.79357,6.05214
90.26509861,5.36096,5.36096,3.4438,4.8396,6.02686
90.26548157,5.38313,5.38313,3.47093,4.86312,6.01359
90.26703831,5.47153,5.47153,3.58118,4.95724,5.95965
90.26886232,5.57259,5.57259,3.70913,5.06522,5.89465
90.26942716,5.60317,5.60317,3.74837,5.09796,5.87453
90.27021455,5.64579,5.64579,3.80306,5.1436,5.84571
90.27058489,5.66547,5.66548,3.82879,5.1647,5.83215
90.27132556,5.70485,5.70485,3.87974,5.2069,5.80504
90.27207206,5.74371,5.74371,3.93109,5.24858,5.77712
90.27303481,5.79384,5.79384,3.99679,5.30234,5.74111
90.27496032,5.89142,5.89142,4.12685,5.40711,5.66754
90.27814754,6.04687,6.04687,4.33788,5.5743,5.54221
90.28452199,6.3357,6.3357,4.74132,5.88633,5.27859
90.28909808,6.52526,6.52526,5.01369,6.09244,5.07892
90.29108295,6.60292,6.60292,5.12703,6.17728,4.98965
90.292996,6.67518,6.67518,5.23338,6.25648,4.90211
90.29466477,6.73617,6.73617,5.32383,6.32352,4.82457
90.29643702,6.79885,6.79885,5.41754,6.39266,4.74103
90.29998152,6.91782,6.91782,5.59793,6.52461,4.57035
90.30587141,7.09676,7.09676,5.87767,6.72532,4.27637
90.31607622,7.35198,7.35198,6.30576,7.01889,3.73798
90.32690675,7.54776,7.54776,6.68404,7.25625,3.12889
90.34123693,7.69032,7.69032,7.06746,7.45498,2.26923
90.36247568,7.66586,7.66586,7.397,7.51522,0.900224
90.38468475,7.3536,7.3536,7.44663,7.29188,-0.625278
90.39410164,7.13572,7.13572,7.37874,7.11155,-1.29374
90.40336835,6.87414,6.87414,7.26201,6.88662,-1.95618
90.40589223,6.79493,6.79493,7.22175,6.81734,-2.13661
90.40837885,6.71365,6.71365,7.17861,6.74582,-2.31437
90.41335209,6.54171,6.5417,7.08217,6.59329,-2.66761
90.42329856,6.16155,6.16155,6.84971,6.25159,-3.35868
90.44319151,5.26649,5.26649,6.235,5.4322,-4.61696
90.45086537,4.8753,4.8753,5.94625,5.06981,-5.04521
90.45534241,4.63589,4.63588,5.76504,4.84713,-5.27761
90.45893692,4.43798,4.43798,5.61299,4.66262,-5.45426
90.46269696,4.22576,4.22576,5.44787,4.46436,-5.62949
90.46944116,3.83238,3.83238,5.13669,4.09591,-5.91994
90.48053414,3.15222,3.15222,4.58502,3.45624,-6.33345
90.49255148,2.37288,2.37288,3.93507,2.71976,-6.69378
90.50840271,1.28636,1.28636,3.0027,1.68757,-7.03327
90.53170402,-0.4048,-0.404801,1.50116,0.0696887,-7.26049
90.54417716,-1.34461,-1.34461,0.641567,-0.83665,-7.25222
90.54991684,-1.78229,-1.78229,0.234506,-1.26122,-7.21859
90.5519443,-1.93737,-1.93737,0.0891302,-1.41225,-7.20228
90.5533861,-2.04766,-2.04766,-0.0147084,-1.51965,-7.189
90.55411302,-2.10326,-2.10326,-0.0671985,-1.57396,-7.1823
90.55518509,-2.18527,-2.18527,-0.144771,-1.65405,-7.17117
90.55621808,-2.26428,-2.26429,-0.219691,-1.73122,-7.16044
90.55744784,-2.35814,-2.35814,-0.309101,-1.82319,-7.14601
90.55907508,-2.48233,-2.48233,-0.427761,-1.94488,-7.12692
90.5618957,-2.69682,-2.69682,-0.634346,-2.15583,-7.08951
90.56753695,-3.122,-3.122,-1.05054,-2.57624,-7.00198
90.57132251,-3.4036,-3.4036,-1.33176,-2.85652,-6.93386
90.57485459,-3.66294,-3.66294,-1.59521,-3.11604,-6.86357
90.57666278,-3.79423,-3.79423,-1.73043,-3.24797,-6.82511
90.57791846,-3.88471,-3.88471,-1.82433,-3.33885,-6.7969
90.57952318,-3.99945,-3.99945,-1.94433,-3.455,-6.76086
90.58225273,-4.19209,-4.19209,-2.14844,-3.65028,-6.69572
90.58771182,-4.56624,-4.56624,-2.55517,-4.0325,-6.55439
90.59863001,-5.25701,-5.25701,-3.35247,-4.75069,-6.22831
90.59885205,-5.27015,-5.27015,-3.36868,-4.76456,-6.22168
90.60006135,-5.34168,-5.34168,-3.45547,-4.84008,-6.18178
90.60040326,-5.3615,-5.3615,-3.48,-4.86108,-6.1705
90.60081492,-5.38535,-5.38535,-3.50931,-4.88637,-6.15692
90.60163823,-5.43307,-5.43307,-3.56793,-4.93694,-6.1291
90.60238733,-5.47543,-5.47543,-3.62126,-4.982,-6.10378
90.60352537,-5.53977,-5.53978,-3.70138,-5.05046,-6.06429
90.60480143,-5.61011,-5.61011,-3.79121,-5.12548,-6.02
90.6051888,-5.63146,-5.63146,-3.81819,-5.14826,-6.00622
90.60623525,-5.68802,-5.68802,-3.89106,-5.20866,-5.969
90.60792919,-5.77779,-5.77779,-4.00787,-5.30457,-5.90756
90.60965371,-5.86693,-5.86693,-4.12542,-5.39991,-5.84371
90.61283236,-6.02545,-6.02545,-4.33805,-5.5697,-5.7226
90.61903039,-6.31357,-6.31358,-4.73523,-5.87952,-5.47405
90.62355329,-6.50668,-6.50668,-5.00861,-6.08837,-5.28253
90.62554115,-6.58704,-6.58704,-5.12405,-6.17565,-5.19569
90.62709861,-6.64809,-6.6481,-5.21237,-6.24213,-5.12609
90.62853432,-6.70291,-6.70291,-5.29212,-6.30195,-5.06193
90.6300271,-6.75841,-6.75841,-5.37334,-6.36268,-4.9939
90.63301265,-6.86489,-6.86489,-5.53076,-6.47965,-4.85522
90.63898375,-7.05987,-7.05987,-5.8262,-6.6958,-4.56776
90.6489566,-7.33263,-7.33263,-6.26464,-7.00453,-4.05895
90.65983846,-7.55565,-7.55565,-6.6673,-7.26766,-3.46537
90.67382955,-7.73008,-7.73008,-7.07221,-7.49483,-2.64876
90.69069375,-7.7768,-7.7768,-7.39545,-7.60636,-1.59466
90.72211014,-7.4152,-7.4152,-7.53666,-7.36613,0.519612
90.73374314,-7.13847,-7.13847,-7.44046,-7.13409,1.33918
90.74542943,-6.78759,-6.78759,-7.26653,-6.82764,2.16662
90.74856649,-6.68124,-6.68124,-7.20685,-6.73313,2.38836
90.75167646,-6.57092,-6.57092,-7.14242,-6.63449,2.60724
90.75789639,-6.33618,-6.33618,-6.99816,-6.42297,3.03973
90.77033624,-5.81286,-5.81286,-6.65025,-5.94552,3.86891
90.78003643,-5.35727,-5.35727,-6.32591,-5.52521,4.46861
90.78817159,-4.94479,-4.94478,-6.0195,-5.14207,4.92917
90.7915349,-4.76641,-4.76641,-5.88388,-4.97577,5.1069
90.7947518,-4.5917,-4.5917,-5.74942,-4.81257,5.26938
90.79735216,-4.44761,-4.44761,-5.63741,-4.67778,5.39529
90.8002147,-4.28611,-4.28611,-5.51074,-4.52649,5.52837
90.80593979,-3.9544,-3.9544,-5.24711,-4.21512,5.77768
90.81404411,-3.46596,-3.46596,-4.85134,-3.75523,6.09349
90.827898,-2.58434,-2.58434,-4.11759,-2.92143,6.53612
90.84080403,-1.71564,-1.71564,-3.37415,-2.0958,6.84066
90.86181061,-0.223205,-0.223203,-2.05796,-0.669079,7.12066
90.87719599,0.918271,0.918273,-1.02195,0.429086,7.16045
90.8848459,1.49683,1.49683,-0.486898,0.988816,7.12929
90.89018155,1.90282,1.90282,-0.106926,1.3832,7.08796
90.89175352,2.02243,2.02243,0.00601812,1.5,7.07236
90.89263066,2.08917,2.08917,0.0692226,1.56518,7.06365
90.89356099,2.15996,2.15996,0.136395,1.63431,7.05329
90.89458708,2.23803,2.23804,0.210637,1.7107,7.04186
90.89576788,2.32776,2.32776,0.29627,1.79861,7.02724
90.89718253,2.43526,2.43527,0.399129,1.90394,7.00972
90.89947363,2.60886,2.60886,0.566307,2.07451,6.97831
90.90398753,2.94871,2.94871,0.897621,2.40989,6.90822
90.90801194,3.24848,3.24849,1.19491,2.7074,6.83662
90.91087003,3.45907,3.45907,1.40694,2.91741,6.78062
90.91412208,3.69584,3.69584,1.64892,3.15461,6.71175
90.91507951,3.76474,3.76474,1.72017,3.22391,6.6902
90.91607888,3.83665,3.83665,1.79463,3.29625,6.6677
90.91751666,3.93919,3.9392,1.90176,3.3997,6.63409
90.91975731,4.0973,4.0973,2.06872,3.55969,6.57963
90.92413717,4.39955,4.39955,2.39429,3.86739,6.46597
90.93289689,4.97046,4.97046,3.03755,4.45634,6.21071
90.93855653,5.31149,5.31149,3.44444,4.81411,6.0264
90.94129728,5.4681,5.4681,3.63829,4.98001,5.93178
90.94325932,5.57661,5.57661,3.77512,5.09547,5.8615
90.94422524,5.62859,5.62859,3.84248,5.1509,5.8269
90.94510254,5.6758,5.6758,3.90285,5.20124,5.79456
90.94592198,5.7187,5.7187,3.95924,5.24705,5.76435
90.94699205,5.77472,5.77472,4.03185,5.30688,5.72392
90.94837115,5.84519,5.84519,4.12543,5.38219,5.67181
90.95112934,5.98183,5.98183,4.30893,5.52845,5.56445
90.95664572,6.23842,6.23842,4.66238,5.80404,5.33997
90.96084343,6.41906,6.41906,4.91782,5.99905,5.1606
90.96312047,6.51184,6.51184,5.05105,6.09963,5.06025
90.96432934,6.55916,6.55916,5.12018,6.15109,5.00585
90.96543563,6.60246,6.60246,5.18191,6.19819,4.95607
90.96660323,6.64627,6.64627,5.24707,6.24601,4.90243
90.96783528,6.69249,6.69249,5.31412,6.29648,4.84584
90.97001129,6.77072,6.77072,5.42969,6.38222,4.74393
90.97436331,6.91753,6.91753,5.65022,6.54416,4.53467
90.98306735,7.17287,7.17287,6.05088,6.83018,4.09525
90.99343556,7.41121,7.41121,6.46063,7.10584,3.53745
91.00641912,7.61039,7.61039,6.87365,7.35286,2.79056
91.02054146,7.70437,7.70437,7.19949,7.49998,1.92347
91.04511806,7.57613,7.57613,7.4695,7.46557,0.304865
91.06111263,7.30153,7.30153,7.44801,7.25217,-0.807989
91.06836978,7.12888,7.12888,7.38814,7.10718,-1.32427
91.07118988,7.05386,7.05386,7.35655,7.04287,-1.52642
91.07218384,7.02586,7.02586,7.34376,7.01864,-1.59767
91.07417177,6.96987,6.96987,7.31819,6.97019,-1.74032
91.07814761,6.85062,6.85061,7.25927,6.86593,-2.02563
91.0860993,6.58778,6.58778,7.11525,6.6329,-2.59245
91.10200267,5.96982,5.96982,6.72648,6.07369,-3.68354
91.11397817,5.42753,5.42753,6.34862,5.575,-4.44213
91.12407098,4.92242,4.92242,5.97613,5.1063,-5.01911
91.12813512,4.70708,4.70708,5.81258,4.90556,-5.23314
91.13206732,4.49254,4.49254,5.64722,4.7051,-5.42934
91.13623399,4.2588,4.2588,5.46456,4.48625,-5.62551
91.14065684,4.00375,4.00375,5.26253,4.24696,-5.82078
91.14950254,3.47341,3.47341,4.83439,3.74791,-6.17274
91.15970478,2.83051,2.8305,4.30276,3.14056,-6.51654
91.17449874,1.84547,1.84547,3.46584,2.20562,-6.9
91.19723459,0.232936,0.232935,2.04819,0.665135,-7.23147
91.21627442,-1.18529,-1.18529,0.757812,-0.701024,-7.27584
91.2236757,-1.74801,-1.74802,0.233804,-1.24721,-7.23685
91.2262285,-1.94306,-1.94306,0.0504424,-1.43716,-7.21622
91.22751697,-2.0415,-2.0415,-0.0425683,-1.53334,-7.20418
91.22820852,-2.09434,-2.09434,-0.0926092,-1.58496,-7.19771
91.22927846,-2.17608,-2.17609,-0.170186,-1.66482,-7.18649
91.23037507,-2.25987,-2.25987,-0.249885,-1.74682,-7.175
91.2316464,-2.35678,-2.35678,-0.342518,-1.84189,-7.15983
91.23351952,-2.49957,-2.49957,-0.479438,-1.98196,-7.13748
91.23691627,-2.75734,-2.75734,-0.728982,-2.23584,-7.09097
91.24275433,-3.19579,-3.19579,-1.16113,-2.67023,-6.99673
91.2456337,-3.40938,-3.40938,-1.37558,-2.88309,-6.94364
91.24928249,-3.67679,-3.67679,-1.64821,-3.15087,-6.87019
91.2511571,-3.81256,-3.81256,-1.78859,-3.28739,-6.8298
91.25259382,-3.91574,-3.91574,-1.89617,-3.39142,-6.79762
91.2548552,-4.07645,-4.07646,-2.06551,-3.55396,-6.74488
91.25923271,-4.38087,-4.38087,-2.39268,-3.86364,-6.63553
91.26798772,-4.95665,-4.95665,-3.03951,-4.45692,-6.38888
91.27367985,-5.30328,-5.30328,-3.45148,-4.81993,-6.20895
91.27645594,-5.46368,-5.46369,-3.64919,-4.98951,-6.1157
91.27834371,-5.56937,-5.56937,-3.78183,-5.1017,-6.04986
91.27928772,-5.62085,-5.62085,-3.84815,-5.15647,-6.01693
91.28014734,-5.66774,-5.66774,-3.90778,-5.20635,-5.98608
91.28096058,-5.71094,-5.71094,-3.96419,-5.25237,-5.95689
91.28196843,-5.76449,-5.76449,-4.03315,-5.30941,-5.91978
91.2834416,-5.84091,-5.84091,-4.13395,-5.39088,-5.86553
91.28638796,-5.98888,-5.98888,-4.33148,-5.54885,-5.75354
91.29177477,-6.24311,-6.24311,-4.67939,-5.82116,-5.53913
91.29590128,-6.42389,-6.42389,-4.93293,-6.01572,-5.36662
91.29813186,-6.51664,-6.51664,-5.06489,-6.11591,-5.27043
91.30039827,-6.60734,-6.60734,-5.19507,-6.2142,-5.17062
91.30155263,-6.6517,-6.6517,-5.25982,-6.26243,-5.11871
91.30277348,-6.69862,-6.69862,-5.32717,-6.31345,-5.06381
91.30493295,-6.77828,-6.77828,-5.44349,-6.40039,-4.96477
91.3092519,-6.92816,-6.92816,-5.66576,-6.5649,-4.7613
91.3178898,-7.19045,-7.19045,-6.07073,-6.85689,-4.3336
91.3282989,-7.44092,-7.44092,-6.49147,-7.14391,-3.78344
91.34120807,-7.65351,-7.65351,-6.91444,-7.40292,-3.05257
91.35533346,-7.76429,-7.76429,-7.25482,-7.5656,-2.19753
91.37980604,-7.66731,-7.66731,-7.55074,-7.55993,-0.604891
91.40074547,-7.30769,-7.30769,-7.51799,-7.27845,0.842603
91.40904143,-7.09709,-7.09709,-7.43381,-7.09861,1.43142
91.41157879,-7.02515,-7.02515,-7.40013,-7.03603,1.6128
91.4146132,-6.93463,-6.93463,-7.35508,-6.95669,1.82972
91.4176031,-6.84078,-6.84078,-7.3057,-6.87381,2.04345
91.42358289,-6.63957,-6.63957,-7.19233,-6.6944,2.4687
91.43554248,-6.18515,-6.18515,-6.90886,-6.28306,3.29929
91.45946165,-5.08613,-5.08613,-6.12991,-5.26853,4.7741
91.46728811,-4.67407,-4.67407,-5.81587,-4.88371,5.18924
91.47487624,-4.25194,-4.25194,-5.4853,-4.48782,5.55379
91.47974756,-3.96983,-3.96982,-5.26008,-4.22246,5.76755
91.48519655,-3.64455,-3.64455,-4.99663,-3.91583,5.98797
91.49609452,-2.96567,-2.96566,-4.43539,-3.27378,6.37114
91.50996661,-2.05232,-2.05232,-3.65962,-2.40606,6.75046
91.52330492,-1.12866,-1.12866,-2.8548,-1.52452,7.00315
91.54998154,0.815806,0.815808,-1.10404,0.344027,7.19111
91.55995937,1.56753,1.56753,-0.406345,1.07287,7.1548
91.56636917,2.05358,2.05358,0.0522183,1.54687,7.10165
91.56849023,2.21442,2.21442,0.205591,1.70454,7.07851
91.56930818,2.27644,2.27644,0.264937,1.76534,7.06959
91.57008803,2.33557,2.33558,0.321615,1.82331,7.05995
91.57164775,2.45368,2.45368,0.435234,1.93931,7.04067
91.57476717,2.68909,2.68909,0.663461,2.17131,6.99749
91.58100603,3.15498,3.15498,1.12332,2.6331,6.89554
91.58418147,3.38893,3.38894,1.35888,2.86648,6.83574
91.58735839,3.62023,3.62023,1.59533,3.09802,6.76998
91.58817496,3.67908,3.67908,1.6561,3.15753,6.75307
91.58905619,3.74258,3.74259,1.72181,3.22123,6.7335
91.59001968,3.8113,3.8113,1.79366,3.29087,6.71211
91.59150142,3.91697,3.91698,1.90415,3.39732,6.67794
91.5938533,4.08241,4.08241,2.07952,3.56495,6.62143
91.59846075,4.39895,4.39895,2.42217,3.88768,6.50272
91.60767567,4.99434,4.99434,3.0982,4.50314,6.23431
91.6119125,5.24897,5.24897,3.40311,4.77045,6.09728
91.61414501,5.37778,5.37779,3.56182,4.90676,6.02167
91.61605577,5.48493,5.48493,3.69636,5.02063,5.95465
91.61717682,5.54617,5.54617,3.77443,5.08591,5.91532
91.61778069,5.57916,5.57916,3.81648,5.12108,5.8935
91.6182765,5.60571,5.60571,3.85101,5.14942,5.87559
91.61876983,5.63213,5.63213,3.885,5.17762,5.85776
91.61956285,5.67378,5.67378,3.93965,5.22212,5.82854
91.62039185,5.71733,5.71733,3.99612,5.26864,5.79799
91.6217896,5.78913,5.78913,4.09132,5.3454,5.74553
91.62456242,5.92721,5.92721,4.27668,5.49322,5.63893
91.62937547,6.15347,6.15347,4.58792,5.73619,5.446
91.63321583,6.32206,6.32206,4.8256,5.918,5.28501
91.63642372,6.45489,6.45489,5.0161,6.06187,5.14582
91.63871256,6.54527,6.54527,5.14726,6.16013,5.04392
91.64084607,6.62626,6.62626,5.26579,6.24849,4.94704
91.64232637,6.68062,6.68062,5.34592,6.30797,4.87876
91.64528695,6.78487,6.78487,5.50118,6.42249,4.73963
91.65120813,6.97557,6.97557,5.79241,6.63391,4.45136
91.66119006,7.24395,7.24395,6.22791,6.93777,3.93661
91.67209262,7.46187,7.46187,6.62692,7.19523,3.33567
91.68577616,7.6263,7.6263,7.01775,7.4103,2.52949
91.7023861,7.66708,7.66708,7.3316,7.51358,1.48292
91.73322982,7.30766,7.30766,7.46619,7.27057,-0.607038
91.74405194,7.05199,7.05199,7.37849,7.05547,-1.37403
91.75474359,6.73723,6.73723,7.22585,6.78038,-2.13593
91.75763377,6.64175,6.64175,7.1735,6.69555,-2.34189
91.76048909,6.54324,6.54324,7.11725,6.60751,-2.54458
91.76619972,6.33409,6.33409,6.99156,6.4192,-2.94603
91.77762098,5.86936,5.86936,6.68907,5.99564,-3.72194
91.78795168,5.39809,5.39809,6.35877,5.56111,-4.3781
91.79645478,4.97577,4.97576,6.04808,5.16875,-4.87398
91.80008159,4.78649,4.78649,5.90516,4.99218,-5.07148
91.80239351,4.66308,4.66308,5.81089,4.87686,-5.19259
91.8045954,4.5436,4.5436,5.71886,4.76507,-5.30435
91.80669689,4.42784,4.42784,5.62902,4.65664,-5.40777
91.81089986,4.1914,4.1914,5.44358,4.43482,-5.6053
91.81930581,3.6997,3.6997,5.05043,3.97219,-5.96472
91.82992729,3.0449,3.0449,4.51329,3.35363,-6.35336
91.84287267,2.2011,2.20109,3.80205,2.5529,-6.73115
91.85806242,1.15541,1.15541,2.89592,1.55568,-7.04338
91.88666591,-0.931344,-0.931346,1.01909,-0.450211,-7.26136
91.89638085,-1.66554,-1.66554,0.33658,-1.16303,-7.22756
91.90249106,-2.13011,-2.13011,-0.102507,-1.61675,-7.17902
91.90398818,-2.24393,-2.24393,-0.211167,-1.72848,-7.16359
91.90486394,-2.31052,-2.31052,-0.274906,-1.79384,-7.15456
91.90571164,-2.37497,-2.37497,-0.33672,-1.85711,-7.14468
91.90740703,-2.50368,-2.50368,-0.46067,-1.98364,-7.12493
91.91079783,-2.7601,-2.7601,-0.70978,-2.23671,-7.08
91.91687003,-3.21428,-3.21428,-1.15935,-2.68762,-6.98427
91.91978292,-3.42932,-3.42932,-1.37638,-2.90243,-6.93146
91.92349818,-3.70014,-3.70015,-1.65409,-3.1743,-6.8577
91.92536018,-3.83422,-3.83422,-1.79357,-3.30948,-6.81807
91.92687641,-3.94243,-3.94243,-1.90714,-3.41888,-6.78449
91.92930743,-4.11394,-4.11394,-2.08924,-3.59286,-6.72824
91.93415277,-4.44737,-4.44737,-2.45124,-3.93334,-6.60734
91.94384346,-5.0717,-5.0717,-3.16474,-4.58033,-6.33143
91.94765679,-5.29992,-5.29992,-3.44016,-4.82059,-6.21058
91.94992441,-5.43048,-5.43048,-3.60204,-4.95903,-6.13549
91.95200471,-5.54673,-5.54673,-3.74865,-5.08277,-6.06408
91.95294592,-5.59794,-5.59794,-3.81498,-5.13741,-6.03177
91.95367744,-5.63774,-5.63775,-3.8659,-5.17988,-6.00591
91.95439598,-5.67587,-5.67587,-3.91592,-5.22062,-5.98052
91.95546912,-5.73282,-5.73282,-3.98975,-5.28145,-5.94171
91.95661191,-5.79217,-5.79218,-4.06837,-5.34491,-5.90038
91.95889747,-5.90795,-5.90795,-4.22312,-5.46883,-5.81545
91.96346861,-6.12804,-6.12804,-4.52391,-5.70499,-5.63878
91.96840598,-6.34899,-6.34899,-4.83398,-5.94316,-5.43797
91.97192136,-6.49588,-6.49588,-5.04431,-6.10229,-5.2888
91.97345171,-6.55714,-6.55714,-5.13299,-6.16889,-5.22181
91.97493277,-6.6149,-6.6149,-5.21709,-6.23182,-5.15698
91.97644569,-6.67236,-6.67236,-5.30122,-6.29456,-5.08896
91.97783011,-6.72357,-6.72358,-5.37666,-6.35063,-5.02672
91.98059895,-6.82212,-6.82212,-5.52319,-6.4589,-4.89917
91.98613662,-7.00377,-7.00377,-5.79951,-6.66016,-4.63528
91.99609543,-7.27917,-7.27917,-6.24291,-6.97136,-4.13263
92.00657131,-7.49858,-7.49858,-6.63764,-7.22917,-3.5672
92.02084217,-7.68363,-7.68363,-7.06066,-7.46759,-2.742
92.036801,-7.73891,-7.73891,-7.38047,-7.58356,-1.75303
92.06871867,-7.39726,-7.39726,-7.55434,-7.36357,0.381291
92.08289974,-7.05999,-7.05999,-7.43796,-7.0798,1.37658
92.09264177,-6.76572,-6.76572,-7.29154,-6.82184,2.06563
92.09581513,-6.65915,-6.65915,-7.23238,-6.727,2.29008
92.09869485,-6.55806,-6.55805,-7.17393,-6.63651,2.49297
92.10445429,-6.34374,-6.34374,-7.04379,-6.44325,2.89478
92.11597316,-5.86868,-5.86868,-6.73219,-6.00976,3.67109
92.12710771,-5.35353,-5.35353,-6.36836,-5.53416,4.3696
92.13618187,-4.89528,-4.89528,-6.02822,-5.10775,4.88732
92.13998221,-4.69346,-4.69346,-5.87443,-4.91919,5.08842
92.14362012,-4.49506,-4.49506,-5.72116,-4.73342,5.27142
92.14641284,-4.33938,-4.33938,-5.59957,-4.58742,5.40552
92.14944112,-4.16738,-4.16737,-5.46395,-4.42588,5.54473
92.15549769,-3.81376,-3.81375,-5.18129,-4.09309,5.80445
92.1629839,-3.35982,-3.35982,-4.81162,-3.66466,6.09202
92.17560245,-2.55615,-2.55614,-4.14094,-2.90311,6.49578
92.18834764,-1.70038,-1.70038,-3.40754,-2.08846,6.80278
92.20816211,-0.298374,-0.298372,-2.17034,-0.746439,7.08443
92.22963866,1.28935,1.28935,-0.719006,0.787505,7.12954
92.23713706,1.8546,1.8546,-0.188293,1.33861,7.08276
92.24000417,2.07142,2.07142,0.0175485,1.55102,7.05647
92.2409209,2.14074,2.14075,0.0836786,1.61894,7.04685
92.24187744,2.21308,2.21308,0.152827,1.68999,7.03681
92.24288081,2.28896,2.28896,0.225513,1.76452,7.02508
92.24439499,2.40307,2.40307,0.335488,1.877,7.00737
92.24681421,2.58539,2.5854,0.51187,2.0567,6.97584
92.25151664,2.93705,2.93705,0.856874,2.40527,6.90555
92.25574672,3.24975,3.24975,1.16935,2.71713,6.8323
92.25874012,3.46843,3.46843,1.39147,2.93636,6.77479
92.26219141,3.71727,3.71727,1.64839,3.1871,6.70271
92.26309542,3.78163,3.78164,1.71568,3.25224,6.68258
92.26410326,3.8534,3.8534,1.79081,3.32487,6.66014
92.26558346,3.95782,3.95782,1.90114,3.43085,6.62591
92.2679227,4.12094,4.12094,2.07552,3.59699,6.56956
92.27254645,4.43555,4.43555,2.41922,3.91954,6.45018
92.28179394,5.02593,5.02593,3.09723,4.5338,6.18032
92.28558059,5.25094,5.25094,3.36984,4.77167,6.05805
92.28765706,5.36978,5.36978,3.51772,4.89826,5.98815
92.28964632,5.48045,5.48045,3.65806,5.01667,5.91877
92.29085716,5.54598,5.54598,3.74265,5.087,5.87653
92.29148364,5.57988,5.57988,3.78641,5.12339,5.85397
92.29265664,5.64197,5.64197,3.86765,5.19013,5.81173
92.29462239,5.74363,5.74363,4.00244,5.29951,5.73928
92.29653248,5.83959,5.83959,4.13166,5.40289,5.66724
92.30035266,6.02341,6.02341,4.38429,5.60135,5.51839
92.30783896,6.35325,6.35325,4.85262,5.95953,5.20874
92.3109102,6.47711,6.47711,5.03354,6.09493,5.07494
92.31257929,6.54166,6.54166,5.12891,6.16576,5.00061
92.31419069,6.60216,6.60216,5.21892,6.23233,4.92731
92.31568051,6.65652,6.65652,5.30033,6.2923,4.85954
92.31727933,6.71317,6.71317,5.38579,6.35499,4.78532
92.32047697,6.82128,6.82128,5.55091,6.47521,4.63393
92.32687225,7.01688,7.01688,5.85895,6.69519,4.31963
92.33688995,7.26858,7.26858,6.28451,6.98557,3.79793
92.34808857,7.47195,7.47195,6.68076,7.23286,3.17505
92.3623528,7.6141,7.6141,7.06733,7.43175,2.32691
92.38029056,7.61246,7.61246,7.37008,7.50213,1.18522
92.40595324,7.27907,7.27907,7.46074,7.27112,-0.55913
92.41623854,7.03976,7.03976,7.38648,7.07231,-1.2859
92.42651693,6.74349,6.74349,7.25143,6.81597,-2.01749
92.42928856,6.65402,6.65402,7.20474,6.73717,-2.21476
92.43203331,6.56153,6.56153,7.1543,6.65519,-2.40978
92.4375228,6.3653,6.3653,7.04113,6.47983,-2.79684
92.44850179,5.92957,5.92957,6.76706,6.08526,-3.54918
92.47045977,4.89911,4.89911,6.03974,5.1351,-4.88105
92.47754885,4.52315,4.52314,5.7556,4.78454,-5.25274
92.48441736,4.14029,4.14029,5.45866,4.42608,-5.58166
92.48964831,3.8371,3.8371,5.2188,4.14132,-5.81113
92.49562657,3.47899,3.47899,4.93077,3.80408,-6.05139
92.5075831,2.72876,2.72875,4.31295,3.09478,-6.46345
92.52092952,1.84305,1.84304,3.56234,2.25317,-6.81816
92.53548245,0.827265,0.827262,2.67783,1.28301,-7.0812
92.5645883,-1.30645,-1.30646,0.743282,-0.777783,-7.23518
92.57339095,-1.96927,-1.96927,0.119414,-1.42629,-7.18584
92.57694167,-2.23739,-2.23739,-0.136684,-1.69032,-7.15359
92.57824321,-2.33568,-2.33568,-0.231141,-1.7871,-7.13957
92.579468,-2.42816,-2.42816,-0.320279,-1.87837,-7.12639
92.58150575,-2.58158,-2.58159,-0.46909,-2.03023,-7.10192
92.58558127,-2.88671,-2.88671,-0.768438,-2.3335,-7.0463
92.59053868,-3.25356,-3.25356,-1.13527,-2.7005,-6.96677
92.59333623,-3.45802,-3.45802,-1.34341,-2.90627,-6.91619
92.59680522,-3.70837,-3.70837,-1.60234,-3.1595,-6.84783
92.5987198,-3.84483,-3.84483,-1.74558,-3.29817,-6.80745
92.60003121,-3.93748,-3.93749,-1.8437,-3.39261,-6.77809
92.60190576,-4.06869,-4.06869,-1.98395,-3.52673,-6.73613
92.60532749,-4.30399,-4.30399,-2.23975,-3.76851,-6.65387
92.61217095,-4.75526,-4.75526,-2.74807,-4.23728,-6.4721
92.61738166,-5.07889,-5.07889,-3.13013,-4.57834,-6.31855
92.62020519,-5.24623,-5.24623,-3.33471,-4.75659,-6.22996
92.6217247,-5.33378,-5.33378,-3.44363,-4.85042,-6.18026
92.62309405,-5.41111,-5.41111,-3.54179,-4.93361,-6.13547
92.62529108,-5.53208,-5.53208,-3.69743,-5.0642,-6.06079
92.62578142,-5.55841,-5.55841,-3.73185,-5.09269,-6.04412
92.62656798,-5.60064,-5.60064,-3.78706,-5.13838,-6.01665
92.62721593,-5.63475,-5.63476,-3.83219,-5.17533,-5.99402
92.62800019,-5.67604,-5.67604,-3.8868,-5.22005,-5.96607
92.62891888,-5.72359,-5.72359,-3.94996,-5.27158,-5.93334
92.63062409,-5.81015,-5.81015,-4.06718,-5.36547,-5.87128
92.63382537,-5.96689,-5.96689,-4.28263,-5.5358,-5.75134
92.63998321,-6.24775,-6.24775,-4.68015,-5.84241,-5.50823
92.64455978,-6.43926,-6.43927,-4.95928,-6.05288,-5.31721
92.64665306,-6.52203,-6.52203,-5.08191,-6.1443,-5.22643
92.64786133,-6.56796,-6.56796,-5.15118,-6.19522,-5.17404
92.64900665,-6.61151,-6.61151,-5.21579,-6.2435,-5.12294
92.65076234,-6.67581,-6.67581,-5.31284,-6.31506,-5.04461
92.65241334,-6.73439,-6.73439,-5.40194,-6.38047,-4.96946
92.65571535,-6.84606,-6.84606,-5.57403,-6.50585,-4.816
92.66231937,-7.04764,-7.04764,-5.89476,-6.73498,-4.49677
92.67237661,-7.29945,-7.29945,-6.32573,-7.02914,-3.9806
92.68373736,-7.50481,-7.50481,-6.73188,-7.28287,-3.35683
92.69737743,-7.64261,-7.64261,-7.10939,-7.47929,-2.55617
92.71725125,-7.63777,-7.63777,-7.44975,-7.56009,-1.30327
92.73892474,-7.3672,-7.3672,-7.54601,-7.3818,0.156277
92.75383866,-7.02776,-7.02775,-7.45083,-7.1045,1.2003
92.76039059,-6.8405,-6.8405,-7.3684,-6.94409,1.66521
92.76278318,-6.76647,-6.76647,-7.33222,-6.87978,1.83545
92.76501348,-6.69481,-6.69481,-7.29563,-6.81714,1.99414
92.76947407,-6.54402,-6.54402,-7.21428,-6.68427,2.31055
92.77839526,-6.21351,-6.21351,-7.01969,-6.38903,2.93486
92.79623764,-5.44399,-5.44399,-6.50887,-5.68802,4.10779
92.80892772,-4.81414,-4.81414,-6.05146,-5.10539,4.84725
92.81447233,-4.51846,-4.51846,-5.82795,-4.82998,5.14002
92.81979636,-4.22356,-4.22356,-5.60043,-4.55436,5.40153
92.8235133,-4.01157,-4.01156,-5.43432,-4.35571,5.5725
92.82760184,-3.77281,-3.7728,-5.24491,-4.13152,5.74968
92.83577893,-3.2788,-3.2788,-4.84593,-3.66626,6.07082
92.84478238,-2.71105,-2.71105,-4.37702,-3.12945,6.37456
92.86087248,-1.6418,-1.64179,-3.46849,-2.11309,6.79102
92.87996466,-0.297569,-0.297566,-2.28708,-0.826638,7.08041
92.89688379,0.946149,0.946152,-1.16004,0.372114,7.15621
92.90454116,1.52085,1.52085,-0.627992,0.929729,7.13579
92.91037216,1.96097,1.96098,-0.214945,1.35897,7.09789
92.91205153,2.08773,2.08774,-0.0947943,1.48331,7.08299
92.91297374,2.15734,2.15734,-0.0286047,1.5516,7.0748
92.91386273,2.22444,2.22445,0.0353342,1.61742,7.0658
92.91489194,2.30213,2.30213,0.109516,1.69379,7.05538
92.91605559,2.38979,2.3898,0.193585,1.78014,7.04218
92.91741482,2.49219,2.4922,0.292042,1.881,7.02676
92.91957327,2.6543,2.6543,0.448939,2.04116,6.99952
92.92371352,2.96333,2.96333,0.751627,2.34791,6.94025
92.92892333,3.34722,3.34722,1.13531,2.73172,6.8527
92.9318058,3.55671,3.55671,1.34873,2.94255,6.79811
92.93539475,3.81395,3.81395,1.61527,3.20292,6.72411
92.93728867,3.94788,3.94788,1.75621,3.33916,6.68238
92.93861783,4.04101,4.04101,1.85511,3.4342,6.652
92.94060245,4.17862,4.17863,2.00279,3.57511,6.60497
92.94427557,4.42826,4.42826,2.27572,3.83227,6.51274
92.95162181,4.90393,4.90393,2.81714,4.32866,6.30843
92.95709578,5.23469,5.23469,3.21428,4.67981,6.13932
92.95948208,5.37198,5.37198,3.38523,4.82727,6.06115
92.96133272,5.47539,5.47539,3.51668,4.93898,5.9987
92.9630221,5.56742,5.56742,3.63539,5.03878,5.93995
92.96398093,5.61845,5.61845,3.70276,5.09425,5.9066
92.96450669,5.64643,5.64643,3.73928,5.12467,5.8878
92.96562385,5.70474,5.70475,3.81687,5.18816,5.84785
92.96746735,5.79888,5.79888,3.94355,5.29073,5.78049
92.96930993,5.8904,5.8904,4.0686,5.39059,5.71165
92.97281471,6.05755,6.05755,4.30164,5.57339,5.5766
92.97982426,6.36542,6.36542,4.74534,5.91212,5.29075
92.98454393,6.55323,6.55323,5.02501,6.12055,5.08671
92.98678654,6.63705,6.63705,5.15214,6.21415,4.98655
92.98883879,6.71073,6.71073,5.26508,6.29679,4.89313
92.99085221,6.78023,6.78023,5.37274,6.37509,4.79985
92.99304998,6.85296,6.85296,5.48675,6.45746,4.69623
92.99744552,6.98866,6.98867,5.70415,6.6125,4.48348
93.00623659,7.22142,7.22142,6.09824,6.88428,4.03681
93.01731624,7.44222,7.44222,6.52048,7.15487,3.436
93.03034373,7.60011,7.60011,6.91391,7.37202,2.68008
93.04646198,7.64718,7.64718,7.25029,7.493,1.67961
93.07470485,7.35503,7.35503,7.45314,7.32954,-0.208214
93.08839085,7.0487,7.0487,7.37906,7.08451,-1.16949
93.09510814,6.86053,6.86053,7.3026,6.92604,-1.64807
93.09748729,6.78806,6.78806,7.26929,6.86402,-1.81818
93.09969213,6.71826,6.71825,7.23557,6.80386,-1.97583
93.10410181,6.57122,6.57122,7.16004,6.67599,-2.29036
93.11292118,6.24831,6.24831,6.97734,6.39091,-2.91174
93.13055992,5.49425,5.49425,6.49108,5.71056,-4.08339
93.14332952,4.8638,4.8638,6.04308,5.13199,-4.83883
93.14889451,4.5679,4.5679,5.82351,4.85833,-5.13789
93.15362066,4.3071,4.3071,5.62594,4.61627,-5.37554
93.15707716,4.11107,4.11107,5.47518,4.43385,-5.5396
93.16082661,3.89355,3.89354,5.30583,4.23099,-5.70833
93.16832549,3.44408,3.44408,4.94963,3.81054,-6.01781
93.17621439,2.95161,2.95161,4.55075,3.34803,-6.30418
93.19199218,1.91302,1.91302,3.68469,2.36721,-6.76008
93.21041757,0.623358,0.623355,2.57043,1.1404,-7.10021
93.2298159,-0.803201,-0.803204,1.29547,-0.227272,-7.24087
93.23883678,-1.48437,-1.48438,0.671054,-0.885417,-7.23182
93.24458924,-1.9219,-1.92191,0.263787,-1.3107,-7.20188
93.24649122,-2.06683,-2.06683,0.127681,-1.45219,-7.18733
93.24755048,-2.14754,-2.14754,0.0515911,-1.53099,-7.17923
93.24836638,-2.2097,-2.20971,-0.0071514,-1.59184,-7.1719
93.24939645,-2.28819,-2.28819,-0.0814729,-1.66867,-7.16264
93.25050592,-2.37256,-2.37256,-0.161717,-1.75142,-7.1514
93.25174744,-2.46697,-2.46697,-0.251745,-1.84408,-7.13882
93.25360959,-2.60822,-2.60822,-0.38722,-1.98307,-7.11782
93.25697476,-2.86236,-2.86236,-0.633312,-2.23423,-7.07512
93.26370511,-3.36396,-3.36397,-1.12969,-2.73369,-6.97166
93.26682134,-3.59251,-3.59251,-1.36114,-2.9631,-6.91567
93.26992135,-3.8169,-3.8169,-1.5922,-3.18932,-6.85497
93.27078482,-3.8787,-3.87871,-1.65655,-3.25233,-6.837
93.27159593,-3.93676,-3.93676,-1.71713,-3.31099,-6.82012
93.27261581,-4.00887,-4.00887,-1.7933,-3.38476,-6.79775
93.27429183,-4.12736,-4.12737,-1.91847,-3.50516,-6.76101
93.27706567,-4.32004,-4.32005,-2.12563,-3.70245,-6.69637
93.28261337,-4.69312,-4.69312,-2.53835,-4.08804,-6.55565
93.28746833,-5.00421,-5.00421,-2.89644,-4.41373,-6.42018
93.29147583,-5.24869,-5.24869,-3.1887,-4.67284,-6.29986
93.29325005,-5.3531,-5.3531,-3.31667,-4.78447,-6.24372
93.29430775,-5.41375,-5.41375,-3.39297,-4.84969,-6.21025
93.2953159,-5.47155,-5.47156,-3.46491,-4.91184,-6.17712
93.29672876,-5.55059,-5.55059,-3.56572,-4.99719,-6.13069
93.29885001,-5.66627,-5.66628,-3.71541,-5.12249,-6.05853
93.29934976,-5.69292,-5.69292,-3.75031,-5.1514,-6.04153
93.29984439,-5.71929,-5.71929,-3.78484,-5.18001,-6.02418
93.30060138,-5.75891,-5.75891,-3.8377,-5.22303,-5.99762
93.30139899,-5.80066,-5.80066,-3.89274,-5.26836,-5.96965
93.3026908,-5.86688,-5.86688,-3.98189,-5.34032,-5.92336
93.30525668,-5.99473,-5.99473,-4.15613,-5.47944,-5.82925
93.30956697,-6.19874,-6.19874,-4.44089,-5.70211,-5.66467
93.31818754,-6.5675,-6.5675,-4.97389,-6.10776,-5.31197
93.32100797,-6.67692,-6.67692,-5.13692,-6.22919,-5.18987
93.32373883,-6.77768,-6.77768,-5.28906,-6.34159,-5.06858
93.32589117,-6.85353,-6.85353,-5.40499,-6.42664,-4.97089
93.32820149,-6.93147,-6.93147,-5.52558,-6.51448,-4.86402
93.33282213,-7.07664,-7.07664,-5.75516,-6.67956,-4.64418
93.33869891,-7.24076,-7.24077,-6.02554,-6.86922,-4.35317
93.35045248,-7.5009,-7.5009,-6.49663,-7.18113,-3.73509
93.36162023,-7.66503,-7.66503,-6.86033,-7.39522,-3.10626
93.37893658,-7.76355,-7.76355,-7.26685,-7.5722,-2.06071
93.40311184,-7.59743,-7.59743,-7.52368,-7.5159,-0.483921
93.42034057,-7.27283,-7.27283,-7.49234,-7.26873,0.705335
93.42843696,-7.0632,-7.0632,-7.4175,-7.09503,1.27797
93.43326341,-6.92149,-6.92149,-7.35504,-6.97455,1.62177
93.43626945,-6.82704,-6.82704,-7.3095,-6.89324,1.8363
93.43926242,-6.72842,-6.72842,-7.2592,-6.80764,2.0499
93.44524835,-6.51785,-6.51785,-7.14403,-6.62287,2.47482
93.45722022,-6.04546,-6.04546,-6.85711,-6.20119,3.30474
93.48116396,-4.91375,-4.91375,-6.07187,-5.16766,4.77789
93.48899669,-4.49207,-4.49207,-5.75604,-4.77722,5.19228
93.49659042,-4.06114,-4.06114,-5.42387,-4.37618,5.55602
93.50147007,-3.77335,-3.77335,-5.19747,-4.1074,5.76945
93.50693233,-3.44172,-3.44172,-4.93253,-3.79682,5.98959
93.51785687,-2.75086,-2.75085,-4.36838,-3.14724,6.37197
93.53179742,-1.82136,-1.82136,-3.5871,-2.26845,6.75062
93.54514371,-0.887743,-0.88774,-2.78054,-1.38083,7.0008
93.57183627,1.06953,1.06953,-1.02777,0.496469,7.18366
93.58035449,1.71232,1.71232,-0.433189,1.11962,7.15446
93.58268986,1.88961,1.88961,-0.267464,1.29216,7.13916
93.58400019,1.98908,1.98908,-0.174022,1.38929,7.12872
93.58534996,2.09155,2.09155,-0.0774537,1.48934,7.11797
93.58625801,2.16048,2.16048,-0.0123156,1.5568,7.10957
93.58731315,2.24058,2.24058,0.063541,1.63518,7.09981
93.58831718,2.31665,2.31666,0.135887,1.70977,7.08938
93.58949977,2.40625,2.40626,0.221297,1.79771,7.07708
93.59094994,2.51571,2.51571,0.326318,1.90555,7.06056
93.59335374,2.69714,2.69714,0.50106,2.0843,7.03064
93.59816134,3.0568,3.05681,0.852779,2.44091,6.96145
93.60240645,3.37031,3.37031,1.16551,2.75396,6.89009
93.60539395,3.58811,3.58811,1.3866,2.97276,6.83417
93.60882443,3.8347,3.8347,1.64128,3.22191,6.76421
93.60972688,3.89871,3.89871,1.70828,3.2869,6.74456
93.61074152,3.97067,3.97067,1.7837,3.35997,6.72246
93.61224923,4.07654,4.07654,1.89578,3.46784,6.68831
93.61464209,4.24245,4.24246,2.07366,3.63757,6.63174
93.61942665,4.56537,4.56537,2.42828,3.97052,6.51003
93.62899577,5.16719,5.1672,3.127,4.60221,6.23314
93.63223625,5.3564,5.3564,3.35939,4.80442,6.12941
93.63436697,5.47644,5.47644,3.51065,4.93367,6.0585
93.63640566,5.58795,5.58796,3.65363,5.05425,5.98825
93.63732091,5.63675,5.63675,3.71782,5.10716,5.95672
93.63788744,5.66695,5.66696,3.75703,5.13991,5.93657
93.63921086,5.73606,5.73606,3.84864,5.21494,5.8895
93.64137002,5.84593,5.84593,3.9962,5.33436,5.81074
93.64405873,5.97787,5.97787,4.1768,5.478,5.70975
93.64843076,6.18113,6.18113,4.462,5.70002,5.53879
93.65717484,6.54702,6.54702,4.99403,6.10304,5.17261
93.65999874,6.65375,6.65375,5.15419,6.22171,5.04755
93.66273793,6.75204,6.75205,5.30379,6.33159,4.92316
93.66505011,6.83103,6.83104,5.42563,6.42039,4.81584
93.66760043,6.91396,6.91396,5.55539,6.51417,4.69505
93.67270109,7.0667,7.0667,5.80081,6.68874,4.44606
93.68124964,7.28381,7.28381,6.1716,6.94282,4.00755
93.69356626,7.51212,7.51212,6.61973,7.22518,3.33207
93.70656742,7.64677,7.64677,6.98538,7.4177,2.56785
93.72511316,7.65553,7.65553,7.32104,7.50975,1.39924
93.75319253,7.28148,7.28148,7.42902,7.2609,-0.503637
93.76429073,7.00967,7.00967,7.34199,7.03783,-1.28902
93.775494,6.66833,6.66833,7.18267,6.74494,-2.08739
93.77849697,6.56565,6.56565,7.12795,6.65511,-2.30138
93.78147812,6.4592,6.4592,7.06871,6.56135,-2.51316
93.78744042,6.23327,6.23326,6.93593,6.36057,-2.93257
93.79936502,5.73153,5.73153,6.61498,5.9083,-3.74203
93.80920407,5.26977,5.26977,6.29643,5.48655,-4.36686
93.81742076,4.85278,4.85278,5.99462,5.10247,-4.84809
93.82101263,4.66183,4.66182,5.85272,4.92577,-5.04501
93.82308935,4.5491,4.54909,5.76797,4.82125,-5.15476
93.825051,4.44109,4.44109,5.68613,4.72097,-5.25557
93.82730084,4.31543,4.31543,5.59018,4.60415,-5.36774
93.83018426,4.15166,4.15166,5.46398,4.45167,-5.50624
93.83595109,3.81525,3.81525,5.20098,4.13768,-5.7661
93.84748477,3.10924,3.10924,4.63462,3.47576,-6.22029
93.85790342,2.43632,2.43631,4.0793,2.84156,-6.55767
93.87328993,1.38941,1.38941,3.19045,1.84943,-6.93306
93.89582936,-0.234775,-0.234778,1.76164,0.298512,-7.2261
93.90895191,-1.21861,-1.21862,0.869172,-0.6485,-7.25922
93.91485484,-1.66752,-1.66753,0.454799,-1.0832,-7.24173
93.91679326,-1.8156,-1.81561,0.317113,-1.22696,-7.23166
93.91815766,-1.91983,-1.91983,0.219763,-1.32846,-7.22279
93.91948547,-2.02126,-2.02127,0.124699,-1.42725,-7.21416
93.92037522,-2.08923,-2.08923,0.0608245,-1.49362,-7.20728
93.92125865,-2.15672,-2.15672,-0.00273068,-1.55953,-7.20044
93.92232317,-2.23804,-2.23804,-0.0794876,-1.63894,-7.19107
93.92333631,-2.31526,-2.31526,-0.152712,-1.71466,-7.18215
93.92448405,-2.40274,-2.40274,-0.235863,-1.80045,-7.1706
93.92587436,-2.50871,-2.50871,-0.336862,-1.90436,-7.1566
93.92816938,-2.68301,-2.68301,-0.504213,-2.07589,-7.13047
93.93269426,-3.02437,-3.02438,-0.836265,-2.41352,-7.07064
93.93691874,-3.33941,-3.33941,-1.14849,-2.72716,-7.00494
93.9399354,-3.56167,-3.56167,-1.37256,-2.94972,-6.95226
93.94345639,-3.81759,-3.8176,-1.63493,-3.20743,-6.88477
93.94534172,-3.95288,-3.95288,-1.77572,-3.34432,-6.84599
93.9467708,-4.05448,-4.05448,-1.88244,-3.44746,-6.81539
93.94901887,-4.21251,-4.21251,-2.05031,-3.60845,-6.76516
93.95337522,-4.51166,-4.51166,-2.375,-3.91531,-6.66061
93.96208794,-5.07532,-5.07532,-3.01698,-4.50236,-6.42363
93.96574606,-5.29662,-5.29662,-3.28235,-4.73666,-6.31322
93.96774499,-5.41332,-5.41332,-3.42599,-4.86123,-6.2502
93.96965612,-5.52196,-5.52196,-3.5622,-4.97775,-6.18821
93.97151458,-5.62483,-5.62484,-3.69318,-5.08848,-6.12596
93.97231738,-5.66824,-5.66824,-3.74976,-5.13531,-6.09907
93.97292341,-5.70101,-5.70101,-3.79203,-5.17065,-6.07812
93.97349827,-5.73146,-5.73146,-3.83213,-5.20354,-6.05825
93.97434265,-5.77618,-5.77618,-3.89051,-5.25184,-6.02906
93.97522566,-5.82218,-5.82218,-3.95156,-5.30154,-5.99761
93.97697898,-5.91177,-5.91177,-4.0714,-5.39843,-5.93517
93.98024963,-6.07281,-6.07282,-4.29079,-5.57292,-5.8144
93.98637319,-6.35366,-6.35366,-4.68462,-5.87857,-5.57581
93.99101146,-6.5488,-6.5488,-4.96626,-6.09237,-5.38451
93.99307721,-6.63089,-6.63089,-5.08669,-6.18276,-5.29642
93.99432675,-6.67861,-6.67861,-5.15796,-6.23551,-5.24199
93.99551718,-6.72407,-6.72407,-5.22473,-6.28576,-5.19012
93.99703525,-6.78,-6.78,-5.30826,-6.34781,-5.12277
93.998999,-6.85004,-6.85004,-5.4137,-6.42577,-5.0343
94.0029265,-6.98231,-6.98231,-5.616,-6.57399,-4.85282
94.01078149,-7.21593,-7.21593,-5.98777,-6.83981,-4.47244
94.02151235,-7.46916,-7.46916,-6.42788,-7.13777,-3.91719
94.03357164,-7.66422,-7.66422,-6.83211,-7.38399,-3.2477
94.04800062,-7.77571,-7.77571,-7.1932,-7.55769,-2.38974
94.07143994,-7.68494,-7.68494,-7.50331,-7.56887,-0.88658
94.09587871,-7.25177,-7.25177,-7.47574,-7.24107,0.788403
94.10512072,-7.0012,-7.0012,-7.37428,-7.02981,1.44222
94.10769532,-6.92313,-6.92313,-7.33727,-6.96263,1.62584
94.11071282,-6.82723,-6.82722,-7.28916,-6.87942,1.84104
94.11377551,-6.72515,-6.72515,-7.23522,-6.79017,2.05946
94.1199009,-6.50705,-6.50705,-7.11215,-6.59751,2.49384
94.13215167,-6.01739,-6.01739,-6.80715,-6.15788,3.3409
94.15665322,-4.84368,-4.84367,-5.97786,-5.08129,4.83299
94.15776469,-4.7837,-4.7837,-5.93262,-5.02562,4.89367
94.15998765,-4.66375,-4.66374,-5.84213,-4.91428,5.0128
94.16173317,-4.56808,-4.56807,-5.76934,-4.82534,5.10396
94.16292041,-4.50209,-4.50208,-5.71876,-4.76393,5.16467
94.16417923,-4.43212,-4.43212,-5.66513,-4.69881,5.22789
94.16652268,-4.29982,-4.29981,-5.56288,-4.57551,5.34248
94.17120958,-4.02935,-4.02935,-5.35141,-4.32296,5.55997
94.18058338,-3.4662,-3.46619,-4.90169,-3.79522,5.95029
94.19122723,-2.79336,-2.79336,-4.35003,-3.16177,6.32409
94.20474671,-1.89312,-1.89311,-3.59142,-2.30988,6.69594
94.21905965,-0.89203,-0.892027,-2.72456,-1.35744,6.96707
94.24768554,1.20962,1.20962,-0.833207,0.662362,7.14583
94.25635053,1.86355,1.86356,-0.223661,1.29845,7.10609
94.25971314,2.1183,2.1183,0.0169546,1.54771,7.07914
94.26076714,2.19815,2.19816,0.0928048,1.62584,7.06912
94.26165939,2.26575,2.26575,0.157158,1.69217,7.06064
94.26263934,2.33999,2.33999,0.227981,1.76503,7.0501
94.26423824,2.46063,2.46063,0.343842,1.8839,7.03291
94.26686529,2.65884,2.65884,0.534991,2.07921,7.00093
94.27209725,3.04984,3.04985,0.91828,2.46709,6.92615
94.27630328,3.35998,3.35998,1.22858,2.77694,6.85546
94.27911098,3.56443,3.56443,1.43671,2.98236,6.80307
94.28040171,3.6575,3.65751,1.5324,3.07625,6.77739
94.28106514,3.70534,3.70534,1.58173,3.12451,6.76418
94.2831199,3.85208,3.85208,1.73451,3.27306,6.72116
94.28431474,3.93666,3.93666,1.82335,3.35866,6.69464
94.28594201,4.0509,4.0509,1.94434,3.47525,6.65853
94.28880774,4.24916,4.24916,2.15734,3.67802,6.59081
94.29453918,4.63269,4.63269,2.58142,4.07386,6.4431
94.2996722,4.95923,4.95924,2.95741,4.41524,6.29715
94.30389322,5.21405,5.21405,3.26257,4.68495,6.16764
94.30573923,5.32131,5.32131,3.39434,4.79948,6.10786
94.30686811,5.3851,5.3851,3.47493,4.86798,6.07129
94.30794536,5.44596,5.44597,3.55087,4.93334,6.035
94.30947161,5.52937,5.52938,3.65847,5.02386,5.98359
94.31034692,5.57721,5.57721,3.71946,5.07465,5.95313
94.31126478,5.62601,5.62601,3.78342,5.12791,5.92119
94.31168576,5.64839,5.64839,3.81243,5.15185,5.90655
94.31240229,5.6857,5.68571,3.86182,5.19259,5.88102
94.31315494,5.7249,5.7249,3.9137,5.23449,5.8542
94.31422817,5.77974,5.77974,3.98697,5.29424,5.81484
94.31633542,5.8849,5.88491,4.12923,5.40832,5.73756
94.31982798,6.05199,6.05199,4.35984,5.58995,5.60433
94.3268131,6.35992,6.35992,4.79827,5.9266,5.32215
94.33018233,6.49614,6.49614,4.99778,6.07656,5.17868
94.33193283,6.56379,6.56379,5.09811,6.15135,5.10179
94.33329327,6.61432,6.61432,5.17444,6.20742,5.04203
94.33456016,6.66137,6.66137,5.24422,6.25964,4.98492
94.33593188,6.71044,6.71044,5.31835,6.31432,4.92307
94.33867532,6.80476,6.80476,5.46231,6.41987,4.79646
94.34416218,6.97816,6.97816,5.73362,6.61585,4.53455
94.35513592,7.26474,7.26474,6.21315,6.94811,3.97767
94.36517295,7.45735,7.45735,6.58067,7.18311,3.43191
94.38058495,7.62654,7.62654,7.01719,7.41828,2.53296
94.39503575,7.64922,7.64922,7.28881,7.50344,1.63042
94.42393736,7.32206,7.32206,7.44776,7.30048,-0.30643
94.43756161,7.00244,7.00244,7.34975,7.03843,-1.26427
94.44493539,6.78713,6.78713,7.25183,6.85388,-1.78907
94.44748429,6.70597,6.70597,7.21078,6.78327,-1.97088
94.44983106,6.62827,6.62827,7.16977,6.71525,-2.13827
94.45452458,6.46458,6.46458,7.07873,6.57077,-2.47155
94.46391164,6.10506,6.10506,6.86137,6.24918,-3.12689
94.48268576,5.26619,5.26619,6.29264,5.48423,-4.34229
94.49310047,4.73573,4.73573,5.90329,4.99378,-4.9385
94.49805575,4.46784,4.46784,5.70022,4.7447,-5.19873
94.50280219,4.20242,4.20242,5.49541,4.49717,-5.43237
94.50692834,3.96497,3.96496,5.30942,4.27516,-5.62291
94.51153622,3.6927,3.6927,5.09327,4.02003,-5.82215
94.52075199,3.12716,3.12715,4.6354,3.48826,-6.17909
94.53111273,2.46032,2.46032,4.08216,2.85847,-6.51601
94.5465906,1.41055,1.41055,3.18661,1.86171,-6.89573
94.56929769,-0.221803,-0.221807,1.74453,0.300326,-7.19258
94.58250965,-1.21058,-1.21058,0.844211,-0.652865,-7.22609
94.58846412,-1.66271,-1.66272,0.425389,-1.09129,-7.20835
94.59040474,-1.81075,-1.81075,0.287272,-1.2352,-7.1982
94.59174275,-1.91281,-1.91282,0.191623,-1.33472,-7.18949
94.59304273,-2.01198,-2.01198,0.0983819,-1.43142,-7.18103
94.59391187,-2.07828,-2.07828,0.0358788,-1.49625,-7.17431
94.59480181,-2.14617,-2.14617,-0.0282544,-1.56263,-7.16743
94.59586372,-2.22717,-2.22718,-0.104951,-1.64183,-7.1581
94.59688406,-2.30484,-2.30484,-0.17882,-1.71807,-7.14914
94.59803584,-2.39251,-2.39252,-0.262401,-1.80413,-7.13755
94.59944971,-2.50013,-2.50014,-0.365282,-1.90978,-7.12333
94.60179602,-2.67809,-2.6781,-0.536662,-2.08511,-7.09659
94.60647207,-3.03032,-3.03033,-0.880414,-2.43387,-7.03449
94.61056129,-3.33481,-3.33481,-1.18314,-2.73732,-6.97065
94.61344223,-3.54686,-3.54686,-1.39741,-2.9498,-6.92038
94.61672839,-3.78569,-3.7857,-1.64254,-3.19037,-6.85777
94.61867169,-3.92521,-3.92521,-1.78779,-3.33155,-6.81813
94.62015939,-4.03102,-4.03102,-1.89898,-3.43895,-6.78647
94.62250363,-4.19581,-4.19582,-2.0742,-3.60685,-6.73432
94.62717635,-4.51624,-4.51624,-2.42264,-3.93566,-6.62216
94.6365218,-5.1168,-5.1168,-3.11019,-4.56194,-6.36591
94.6401813,-5.33563,-5.33563,-3.3747,-4.79409,-6.25414
94.6423311,-5.45949,-5.4595,-3.52845,-4.92651,-6.18554
94.64432899,-5.57136,-5.57136,-3.67,-5.04665,-6.11937
94.64537461,-5.62841,-5.62842,-3.74329,-5.1081,-6.08475
94.64595783,-5.66024,-5.66024,-3.78417,-5.14238,-6.0648
94.64651636,-5.69012,-5.69012,-3.82332,-5.1746,-6.04569
94.64706914,-5.71969,-5.71969,-3.86165,-5.2065,-6.02679
94.6479897,-5.76787,-5.76787,-3.92549,-5.25851,-5.99456
94.64895736,-5.81852,-5.81852,-3.99208,-5.31318,-5.96068
94.65071697,-5.90819,-5.9082,-4.11203,-5.41009,-5.89763
94.65423618,-6.08069,-6.08069,-4.34712,-5.59686,-5.76745
94.66127461,-6.39908,-6.39908,-4.79457,-5.94343,-5.49108
94.66501011,-6.5539,-6.5539,-5.01835,-6.11309,-5.3359
94.66685065,-6.62661,-6.62661,-5.12483,-6.19312,-5.2573
94.66861702,-6.69421,-6.69421,-5.22457,-6.26775,-5.18058
94.67023625,-6.75431,-6.75431,-5.31388,-6.3343,-5.10864
94.67179371,-6.81044,-6.81044,-5.39787,-6.39665,-5.03944
94.67490865,-6.91779,-6.91779,-5.56042,-6.51648,-4.89719
94.68113852,-7.11299,-7.11299,-5.86459,-6.73683,-4.60158
94.69230631,-7.39853,-7.39853,-6.34319,-7.06813,-4.0365
94.70279704,-7.59237,-7.59237,-6.71731,-7.30574,-3.46704
94.71752035,-7.74536,-7.74536,-7.12261,-7.52112,-2.61091
94.74034513,-7.71748,-7.71748,-7.48208,-7.59108,-1.17307
94.76183799,-7.41051,-7.41051,-7.53121,-7.37591,0.278664
94.77400418,-7.12122,-7.12122,-7.43819,-7.13795,1.1315
94.77979934,-6.95509,-6.95509,-7.36391,-6.99603,1.54285
94.78185611,-6.89183,-6.89183,-7.33296,-6.94132,1.68937
94.78377316,-6.8309,-6.8309,-7.302,-6.88832,1.82593
94.78760726,-6.70345,-6.70345,-7.23403,-6.77667,2.09878
94.79527545,-6.4268,-6.42679,-7.07437,-6.53127,2.64025
94.81061184,-5.79106,-5.79106,-6.66393,-5.95675,3.6812
94.822528,-5.22541,-5.22541,-6.26461,-5.43754,4.42683
94.83252393,-4.70575,-4.70575,-5.87808,-4.95618,4.99026
94.83655971,-4.48473,-4.48473,-5.70909,-4.75046,5.19956
94.84046224,-4.2652,-4.26519,-5.53888,-4.54565,5.39116
94.84438328,-4.0391,-4.03909,-5.36133,-4.33426,5.57292
94.84859819,-3.7901,-3.7901,-5.16336,-4.10098,5.75653
94.85702801,-3.27466,-3.27466,-4.74626,-3.61661,6.0884
94.86738063,-2.61212,-2.61212,-4.19746,-2.9914,6.43334
94.88140828,-1.66829,-1.66828,-3.3948,-2.09633,6.79355
94.90156152,-0.236418,-0.236414,-2.13803,-0.729637,7.10111
94.92081228,1.19194,1.19194,-0.841735,0.645445,7.17053
94.92801316,1.73667,1.73667,-0.335458,1.17414,7.1412
94.93050853,1.92626,1.92626,-0.157557,1.35883,7.12411
94.93226308,2.05956,2.05957,-0.0317965,1.48912,7.10963
94.93302094,2.11714,2.11715,0.0226876,1.5454,7.10337
94.93397708,2.18979,2.18979,0.0915591,1.6164,7.09428
94.93500696,2.26788,2.26788,0.165903,1.69303,7.08449
94.93615582,2.35499,2.35499,0.249026,1.77852,7.07216
94.93747845,2.45528,2.45528,0.344965,1.87694,7.05796
94.93958123,2.61419,2.61419,0.498005,2.03342,7.03276
94.94356329,2.91342,2.91342,0.789405,2.32932,6.97847
94.94848271,3.27882,3.27882,1.15189,2.69302,6.89967
94.95125448,3.48217,3.48217,1.35716,2.89663,6.84962
94.95469207,3.73122,3.73122,1.61249,3.14727,6.78196
94.95661731,3.86898,3.86898,1.75577,3.28656,6.74139
94.95792763,3.96192,3.96193,1.85329,3.38081,6.71206
94.95978693,4.09257,4.09258,1.99166,3.5137,6.67044
94.96317171,4.32631,4.32632,2.24329,3.75268,6.58907
94.96994127,4.77486,4.77486,2.74318,4.21631,6.40927
94.97511153,5.09781,5.09781,3.11997,4.55497,6.25691
94.97807619,5.27442,5.27443,3.33336,4.74224,6.16376
94.97952076,5.35806,5.35806,3.43626,4.83149,6.11649
94.98063776,5.42111,5.42112,3.51583,4.89911,6.07993
94.98167987,5.47994,5.47995,3.58923,4.96219,6.04465
94.98293329,5.54853,5.54853,3.6775,5.03606,6.00221
94.98382348,5.59724,5.59724,3.73949,5.08852,5.97113
94.98483595,5.65119,5.65119,3.81,5.14676,5.93577
94.98527558,5.67462,5.67462,3.84033,5.17205,5.92042
94.98604856,5.71491,5.71491,3.89367,5.21559,5.89274
94.986823,5.75527,5.75527,3.94655,5.2592,5.86501
94.98804131,5.81748,5.81748,4.02974,5.32647,5.82064
94.99047793,5.93855,5.93855,4.19348,5.45756,5.72989
94.99449956,6.12883,6.12883,4.45663,5.66412,5.57442
95.00254282,6.47478,6.47479,4.95096,6.04227,5.24278
95.00522868,6.58016,6.58016,5.10581,6.15834,5.126
95.00731397,6.65853,6.65853,5.22225,6.24501,5.03328
95.00920671,6.72708,6.72708,5.32503,6.32111,4.94761
95.01096317,6.78851,6.78851,5.41796,6.38956,4.86683
95.01447609,6.90509,6.90509,5.59689,6.52024,4.70166
95.02150192,7.11337,7.11337,5.9282,6.75693,4.35733
95.03250718,7.37365,7.37365,6.37905,7.06237,3.78246
95.04377751,7.55788,7.55788,6.75731,7.29362,3.15185
95.05864458,7.67621,7.67621,7.13058,7.47487,2.26183
95.08320472,7.5737,7.5737,7.44352,7.47704,0.672228
95.10633057,7.15595,7.15595,7.40491,7.15686,-0.924954
95.11483718,6.92668,6.92668,7.31133,6.963,-1.52961
95.11794279,6.83314,6.83314,7.26675,6.8823,-1.75179
95.12092542,6.73855,6.73854,7.21882,6.79998,-1.96517
95.12386259,6.64092,6.64092,7.1668,6.71438,-2.17506
95.12973692,6.43271,6.4327,7.04865,6.53004,-2.59239
95.14148558,5.96653,5.96653,6.75763,6.11085,-3.40585
95.1649829,4.85238,4.85238,5.97109,5.08809,-4.84494
95.16604742,4.79562,4.79561,5.92835,5.03538,-4.90365
95.16817646,4.68208,4.68208,5.84287,4.92995,-5.01902
95.1698787,4.58988,4.58988,5.77287,4.84421,-5.10905
95.17106276,4.52482,4.52482,5.7231,4.78363,-5.1704
95.17231546,4.45599,4.45598,5.67044,4.71954,-5.23417
95.17464956,4.32565,4.32564,5.56988,4.59802,-5.34995
95.17931777,4.059,4.05899,5.36171,4.34892,-5.56998
95.18865418,3.50302,3.50302,4.91824,3.82766,-5.96607
95.19933257,2.83262,2.83262,4.36895,3.19618,-6.34996
95.21281489,1.93913,1.93912,3.61625,2.35021,-6.73269
95.22715171,0.939071,0.939067,2.75034,1.39821,-7.01776
95.25582536,-1.16726,-1.16726,0.8553,-0.626484,-7.22504
95.26455195,-1.828,-1.82801,0.239859,-1.26909,-7.19376
95.26781639,-2.07645,-2.07645,0.00553283,-1.512,-7.17095
95.26871491,-2.14483,-2.14484,-0.0593278,-1.57886,-7.16342
95.26950333,-2.20484,-2.20484,-0.116356,-1.63775,-7.15682
95.2705218,-2.28235,-2.28235,-0.190176,-1.71381,-7.14715
95.27187257,-2.38492,-2.38493,-0.288335,-1.81469,-7.13433
95.27376216,-2.52841,-2.52841,-0.426113,-1.95581,-7.1142
95.2770392,-2.77607,-2.77607,-0.666265,-2.20056,-7.07471
95.28359326,-3.26549,-3.26549,-1.15049,-2.68758,-6.97854
95.28660644,-3.48723,-3.48724,-1.37463,-2.90986,-6.92671
95.28959833,-3.70481,-3.70481,-1.59793,-3.12878,-6.86989
95.29047038,-3.76758,-3.76758,-1.66302,-3.19259,-6.85332
95.29128353,-3.8261,-3.82611,-1.72383,-3.25159,-6.83668
95.29231469,-3.89947,-3.89947,-1.80094,-3.32642,-6.81557
95.29396477,-4.01687,-4.01687,-1.92434,-3.44539,-6.78033
95.29668741,-4.20742,-4.20743,-2.12795,-3.63987,-6.71917
95.30213268,-4.57726,-4.57727,-2.53369,-4.02049,-6.58576
95.31302322,-5.25897,-5.25898,-3.32938,-4.73565,-6.27539
95.31322262,-5.27064,-5.27064,-3.34395,-4.74809,-6.26971
95.31428292,-5.33268,-5.33269,-3.42013,-4.81425,-6.23629
95.31468037,-5.35555,-5.35556,-3.44868,-4.83873,-6.22376
95.31547526,-5.40129,-5.40129,-3.5054,-4.88767,-6.19813
95.31631487,-5.44857,-5.44857,-3.56531,-4.93845,-6.17107
95.31730168,-5.50414,-5.50414,-3.63512,-4.99814,-6.13833
95.31819344,-5.55304,-5.55304,-3.6982,-5.05083,-6.10874
95.31877508,-5.58493,-5.58493,-3.73895,-5.08519,-6.08944
95.31917831,-5.60704,-5.60704,-3.7672,-5.10902,-6.07566
95.31994862,-5.64826,-5.64826,-3.82116,-5.1535,-6.04934
95.32068372,-5.68759,-5.68759,-3.87216,-5.19595,-6.02421
95.32143617,-5.72692,-5.72693,-3.92437,-5.23844,-5.99788
95.32238705,-5.77663,-5.77663,-3.98984,-5.29214,-5.96461
95.32428881,-5.87347,-5.87347,-4.11949,-5.39685,-5.89653
95.32747573,-6.02977,-6.02977,-4.33258,-5.56618,-5.77886
95.33384958,-6.32055,-6.32055,-4.7404,-5.88264,-5.53036
95.33845265,-6.5128,-6.51281,-5.01769,-6.09329,-5.34022
95.34045136,-6.59171,-6.59171,-5.13327,-6.18017,-5.25491
95.34237571,-6.66509,-6.66509,-5.24165,-6.26124,-5.17124
95.34402968,-6.72615,-6.72616,-5.33252,-6.32892,-5.09813
95.34577799,-6.78869,-6.78869,-5.4263,-6.39845,-5.01967
95.3492746,-6.90759,-6.90759,-5.60704,-6.5314,-4.85917
95.35482846,-7.07965,-7.07965,-5.87611,-6.72593,-4.59466
95.36593616,-7.3626,-7.3626,-6.35094,-7.0544,-4.03222
95.37616237,-7.55183,-7.55183,-6.71567,-7.28618,-3.47731
95.39136427,-7.70945,-7.70945,-7.13321,-7.50794,-2.59327
95.41375143,-7.68178,-7.68178,-7.48405,-7.57554,-1.18262
95.43643555,-7.3537,-7.35369,-7.5294,-7.34326,0.350527
95.44807713,-7.07287,-7.07287,-7.43482,-7.11086,1.16741
95.45407487,-6.89954,-6.89954,-7.35569,-6.96219,1.59315
95.45616668,-6.83461,-6.83461,-7.3233,-6.90581,1.74211
95.45810577,-6.7724,-6.7724,-7.29111,-6.8515,1.8802
95.46198395,-6.64231,-6.64231,-7.22056,-6.73711,2.15597
95.46974031,-6.36,-6.36,-7.05526,-6.48585,2.70268
95.48525302,-5.71165,-5.71165,-6.63181,-5.89818,3.75064
95.49723321,-5.13881,-5.13881,-6.22361,-5.37102,4.49318
95.50446035,-4.76447,-4.76447,-5.94452,-5.02377,4.90304
95.5078964,-4.57921,-4.5792,-5.80342,-4.85129,5.0861
95.51055411,-4.43281,-4.43281,-5.69067,-4.71473,5.22198
95.51297474,-4.2972,-4.2972,-5.58531,-4.58805,5.34129
95.51523234,-4.16881,-4.16881,-5.48478,-4.46796,5.44878
95.51974755,-3.90667,-3.90666,-5.27732,-4.22232,5.65307
95.52877798,-3.36204,-3.36203,-4.83781,-3.71031,6.0206
95.53912485,-2.70701,-2.707,-4.29599,-3.09184,6.37669
95.55305005,-1.77897,-1.77897,-3.50756,-2.21121,6.74962
95.56877586,-0.67634,-0.676334,-2.54409,-1.15902,7.02765
95.58673302,0.638007,0.638013,-1.36283,0.103044,7.16445
95.59669593,1.38611,1.38611,-0.674676,0.826234,7.15895
95.60153852,1.75286,1.75286,-0.332663,1.18256,7.13566
95.60322394,1.8808,1.88081,-0.212556,1.30733,7.12443
95.60479901,2.00037,2.00037,-0.0998572,1.42392,7.11209
95.60570237,2.06894,2.06895,-0.0350297,1.49099,7.10501
95.60658949,2.13628,2.13629,0.0287626,1.55685,7.09696
95.60768033,2.21909,2.2191,0.107376,1.63784,7.08706
95.60867105,2.29411,2.29412,0.178934,1.71151,7.07694
95.60981662,2.38086,2.38086,0.261864,1.7967,7.06524
95.61115873,2.48249,2.48249,0.359267,1.8965,7.05026
95.61334626,2.64755,2.64756,0.518571,2.05918,7.02372
95.61754388,2.96234,2.96234,0.825993,2.37079,6.96555
95.62182928,3.28017,3.28017,1.14191,2.68738,6.89644
95.62489811,3.50503,3.50503,1.36922,2.91264,6.84097
95.62848209,3.76408,3.76409,1.6355,3.17361,6.76995
95.63036795,3.89866,3.89866,1.77587,3.30982,6.72991
95.63173122,3.99507,3.99508,1.87735,3.40771,6.69982
95.63384657,4.14311,4.14311,2.0348,3.55851,6.65126
95.63783881,4.41666,4.41667,2.33141,3.83888,6.55349
95.64582329,4.93589,4.93589,2.91881,4.37822,6.33438
95.65138444,5.27199,5.27199,3.32059,4.73346,6.16358
95.65382753,5.41242,5.41243,3.49465,4.88354,6.0839
95.65617517,5.54297,5.54298,3.66011,5.02382,6.00471
95.6582252,5.65341,5.65342,3.80297,5.14294,5.93348
95.65965068,5.72826,5.72827,3.90131,5.22381,5.88282
95.66178752,5.83754,5.83754,4.04702,5.34201,5.80516
95.66423219,5.95833,5.95834,4.21097,5.47288,5.71382
95.66878209,6.17149,6.17149,4.50722,5.70452,5.53685
95.67405279,6.39987,6.39987,4.83384,5.95411,5.32077
95.67695015,6.51707,6.51707,5.0051,6.08291,5.197
95.67839535,6.57286,6.57286,5.08817,6.1445,5.13368
95.67934661,6.60958,6.60959,5.14161,6.18503,5.09201
95.68028515,6.64434,6.64435,5.19433,6.22356,5.05002
95.68150461,6.68951,6.68951,5.26133,6.27362,4.99546
95.6831667,6.7489,6.7489,5.35078,6.33969,4.91983
95.68649089,6.86205,6.86205,5.5234,6.46624,4.76532
95.69313927,7.06598,7.06598,5.84455,6.6972,4.44363
95.70339273,7.3227,7.3227,6.27978,6.99614,3.91604
95.71471208,7.52576,7.52576,6.67859,7.24658,3.29216
95.72856912,7.66178,7.66178,7.05336,7.4415,2.47477
95.74668265,7.65836,7.65836,7.35955,7.51587,1.32933
95.77797287,7.19895,7.19895,7.4191,7.18979,-0.797901
95.78822761,6.92772,6.92772,7.31228,6.9616,-1.52451
95.79146371,6.83014,6.83013,7.2659,6.8775,-1.75579
95.79354376,6.76448,6.76448,7.23295,6.82048,-1.90445
95.79586218,6.68867,6.68867,7.19338,6.75425,-2.07014
95.800499,6.5289,6.52889,7.10539,6.61354,-2.40036
95.80977265,6.17779,6.17779,6.89487,6.30009,-3.05076
95.82831994,5.35761,5.35761,6.34239,5.55345,-4.26345
95.84036145,4.74605,4.74605,5.89419,4.98852,-4.95658
95.84571124,4.45537,4.45537,5.6733,4.71831,-5.23619
95.85085678,4.16547,4.16546,5.4488,4.44795,-5.48695
95.85586027,3.87433,3.87433,5.21959,4.17568,-5.71354
95.86122944,3.55227,3.55226,4.96206,3.87369,-5.93814
95.8719678,2.88036,2.88036,4.41307,3.24128,-6.33158
95.88273036,2.17281,2.1728,3.82013,2.5722,-6.65308
95.90072739,0.924793,0.924787,2.74351,1.3853,-7.03214
95.92450144,-0.818084,-0.818091,1.18426,-0.285824,-7.23809
95.9342922,-1.55865,-1.55866,0.502019,-1.00236,-7.22727
95.94068603,-2.04579,-2.04579,0.0457381,-1.47659,-7.19082
95.94280399,-2.20715,-2.20716,-0.107126,-1.63463,-7.17322
95.94359358,-2.26731,-2.26731,-0.16432,-1.69355,-7.16665
95.94443212,-2.33119,-2.3312,-0.225171,-1.75612,-7.15851
95.94575678,-2.4319,-2.43191,-0.321523,-1.85512,-7.14565
95.94808067,-2.60857,-2.60857,-0.491191,-2.02879,-7.12024
95.9524111,-2.93555,-2.93556,-0.809336,-2.35195,-7.06512
95.95677551,-3.26157,-3.26157,-1.13228,-2.67616,-6.99944
95.95988791,-3.49132,-3.49132,-1.36377,-2.90595,-6.94645
95.96351873,-3.75577,-3.75578,-1.63474,-3.1719,-6.87825
95.96539372,-3.89062,-3.89063,-1.77498,-3.30816,-6.84035
95.96678751,-3.98999,-3.99,-1.87923,-3.40886,-6.81102
95.96896615,-4.14367,-4.14367,-2.04218,-3.56512,-6.76319
95.97312629,-4.43083,-4.43084,-2.35282,-3.85895,-6.66524
95.98144657,-4.97474,-4.97474,-2.96776,-4.42314,-6.44383
95.9868683,-5.30381,-5.30382,-3.36119,-4.77045,-6.28162
95.98949343,-5.45534,-5.45534,-3.54897,-4.93203,-6.19808
95.99188159,-5.58855,-5.58855,-3.71785,-5.07478,-6.11874
95.99288154,-5.6427,-5.64271,-3.78781,-5.13299,-6.08552
95.99364287,-5.68394,-5.68394,-3.84107,-5.1773,-6.05938
95.99434349,-5.72093,-5.72093,-3.88958,-5.21711,-6.03533
95.9954089,-5.77718,-5.77718,-3.96334,-5.27765,-5.99789
95.99647439,-5.83228,-5.83228,-4.03643,-5.337,-5.96044
95.99860537,-5.93994,-5.93994,-4.18095,-5.45308,-5.88352
96.00286734,-6.14529,-6.14529,-4.46261,-5.67504,-5.72368
96.01139127,-6.51736,-6.51736,-4.99009,-6.08,-5.38079
96.0141792,-6.62802,-6.62802,-5.15147,-6.20139,-5.26203
96.01687953,-6.73012,-6.73012,-5.3022,-6.31388,-5.14397
96.01901138,-6.80722,-6.80722,-5.41729,-6.39922,-5.04869
96.02129849,-6.88652,-6.88652,-5.53698,-6.48738,-4.94448
96.02587271,-7.03459,-7.03459,-5.76496,-6.65329,-4.73001
96.03169043,-7.20277,-7.20277,-6.03369,-6.84437,-4.44592
96.04332587,-7.47222,-7.47222,-6.50274,-7.16038,-3.8419
96.05445605,-7.64757,-7.64757,-6.86824,-7.38111,-3.22234
96.07159182,-7.76385,-7.76385,-7.27606,-7.56842,-2.19784
96.09570184,-7.62501,-7.62501,-7.54121,-7.53032,-0.637196
96.11482378,-7.27554,-7.27554,-7.50322,-7.26018,0.677755
96.12351503,-7.04933,-7.04933,-7.41519,-7.06962,1.29188
96.12979625,-6.86075,-6.86075,-7.32484,-6.90657,1.73888
96.13164864,-6.80118,-6.80118,-7.29396,-6.85448,1.87095
96.13348379,-6.74045,-6.74044,-7.26151,-6.80114,2.00179
96.1371541,-6.61391,-6.61391,-7.19112,-6.68932,2.26284
96.14449473,-6.34115,-6.34114,-7.02878,-6.44569,2.78
96.15917597,-5.72087,-5.72086,-6.62123,-5.88256,3.77197
96.17054933,-5.17549,-5.17549,-6.2326,-5.3805,4.47988
96.18008737,-4.67726,-4.67726,-5.85997,-4.91805,5.01574
96.18424058,-4.44914,-4.44914,-5.68479,-4.70536,5.23054
96.18805975,-4.23368,-4.23368,-5.51705,-4.50403,5.41744
96.19299158,-3.94776,-3.94775,-5.29132,-4.23624,5.64372
96.19766294,-3.66924,-3.66923,-5.0683,-3.97478,5.84276
96.20700568,-3.09121,-3.0912,-4.59665,-3.43044,6.19776
96.21694609,-2.44772,-2.44771,-4.05937,-2.82199,6.51407
96.23362044,-1.31125,-1.31124,-3.08405,-1.74186,6.90645
96.25467626,0.205444,0.205451,-1.73832,-0.29047,7.1614
96.26778078,1.18456,1.18457,-0.845022,0.653044,7.18771
96.27365291,1.6294,1.6294,-0.432424,1.08405,7.16716
96.2754379,1.76522,1.76523,-0.305606,1.21603,7.15643
96.27654161,1.8492,1.84921,-0.226892,1.29765,7.14979
96.27760718,1.93028,1.93029,-0.150695,1.37671,7.14184
96.27882666,2.02307,2.02308,-0.0632578,1.4672,7.13273
96.2796989,2.08944,2.08945,-0.000566747,1.53192,7.12522
96.28064752,2.16163,2.16163,0.067752,1.60248,7.11704
96.28168209,2.24021,2.24022,0.142423,1.67944,7.10701
96.28275427,2.32165,2.32166,0.219982,1.7592,7.09661
96.28394964,2.41245,2.41246,0.306656,1.84811,7.08337
96.28564048,2.54055,2.54056,0.429607,1.97392,7.06464
96.28860334,2.7642,2.76421,0.645995,2.19436,7.02709
96.29452908,3.20685,3.20686,1.08189,2.63324,6.93782
96.29784001,3.45078,3.45078,1.327,2.87673,6.87979
96.30132587,3.70427,3.70428,1.58595,3.13113,6.81247
96.30313128,3.83404,3.83404,1.72037,3.26193,6.7751
96.30586253,4.02797,4.02798,1.92371,3.4582,6.71539
96.30835949,4.20248,4.20248,2.1096,3.63565,6.65747
96.31335342,4.54211,4.54211,2.48016,3.98361,6.53223
96.32334129,5.17396,5.17397,3.20903,4.64197,6.24522
96.32539848,5.2956,5.2956,3.3566,4.77075,6.17963
96.32599549,5.33012,5.33013,3.39942,4.80748,6.1606
96.32691839,5.38349,5.3835,3.46507,4.86425,6.13032
96.32760352,5.42226,5.42227,3.5138,4.90566,6.10785
96.32846153,5.47081,5.47082,3.57433,4.95751,6.07901
96.32946849,5.5264,5.5264,3.64535,5.01709,6.04516
96.33031962,5.57338,5.57338,3.70481,5.06745,6.01576
96.33125198,5.62365,5.62366,3.76995,5.12146,5.98356
96.33164102,5.64463,5.64464,3.79687,5.144,5.97012
96.33278262,5.70508,5.70509,3.87585,5.209,5.92963
96.33352027,5.74332,5.74333,3.92637,5.25015,5.90347
96.33451907,5.7951,5.7951,3.99476,5.30587,5.86695
96.33651668,5.89582,5.89582,4.12978,5.41438,5.79391
96.33975249,6.05267,6.05268,4.34405,5.58368,5.67111
96.34622411,6.34369,6.3437,4.75333,5.89928,5.41192
96.35083444,6.53292,6.53292,5.02722,6.10591,5.21645
96.35303414,6.61796,6.61797,5.15235,6.19926,5.12007
96.35501486,6.69169,6.69169,5.26183,6.28047,5.0316
96.3568752,6.75848,6.75848,5.36189,6.35432,4.94706
96.35892735,6.82943,6.82943,5.46921,6.43306,4.85222
96.36303163,6.96277,6.96277,5.67452,6.58207,4.65763
96.37124021,7.19552,7.19552,6.04938,6.84653,4.24953
96.38271239,7.44594,7.44594,6.49658,7.14205,3.63937
96.39490272,7.61785,7.61785,6.87668,7.36282,2.94401
96.41094131,7.69981,7.69981,7.23134,7.5101,1.96381
96.43787749,7.48641,7.4864,7.46779,7.40711,0.184502
96.45376698,7.16296,7.16296,7.40221,7.14835,-0.926169
96.46082912,6.97386,6.97386,7.32542,6.98774,-1.43003
96.46319835,6.90432,6.90432,7.2932,6.92771,-1.60015
96.46496207,6.85061,6.85061,7.26714,6.88106,-1.7268
96.46668369,6.79662,6.79662,7.24003,6.83395,-1.85041
96.47012693,6.68408,6.68408,7.18087,6.7351,-2.09765
96.4770134,6.44115,6.44114,7.04316,6.51933,-2.58896
96.49078635,5.88717,5.88717,6.69288,6.01876,-3.54133
96.49207173,5.83049,5.83049,6.65403,5.967,-3.62773
96.49464249,5.71534,5.71534,6.57634,5.86166,-3.79901
96.49978401,5.47668,5.47668,6.41021,5.64251,-4.13326
96.51006706,4.96618,4.96618,6.04028,5.17063,-4.75832
96.51432383,4.74221,4.74221,5.87268,4.9625,-4.99785
96.51665924,4.61627,4.61627,5.77719,4.84522,-5.12396
96.51888993,4.49401,4.494,5.68371,4.7312,-5.24071
96.52081333,4.38707,4.38706,5.60132,4.63136,-5.33845
96.52287639,4.27083,4.27083,5.51117,4.52273,-5.44031
96.5270025,4.03372,4.03372,5.32537,4.30077,-5.63505
96.53407982,3.61321,3.6132,4.99021,3.90606,-5.94223
96.54472468,2.95003,2.95003,4.44882,3.2811,-6.3428
96.55667333,2.16563,2.16563,3.79127,2.53848,-6.70702
96.57215395,1.09496,1.09496,2.86863,1.51961,-7.04797
96.59823219,-0.811838,-0.811845,1.16505,-0.309068,-7.29923
96.60823664,-1.56869,-1.5687,0.467353,-1.04174,-7.29005
96.61469644,-2.06094,-2.06095,0.00584655,-1.52115,-7.25377
96.61683416,-2.22384,-2.22385,-0.148624,-1.68072,-7.23609
96.61765309,-2.28624,-2.28625,-0.208012,-1.74185,-7.22932
96.61843471,-2.34581,-2.34581,-0.264797,-1.80019,-7.22171
96.61999795,-2.46481,-2.46481,-0.378649,-1.917,-7.20648
96.62312442,-2.70204,-2.70204,-0.607417,-2.15062,-7.17136
96.62937737,-3.17164,-3.17165,-1.06867,-2.61594,-7.08532
96.63279957,-3.42515,-3.42515,-1.32292,-2.86885,-7.02939
96.63635488,-3.68514,-3.68514,-1.58808,-3.12962,-6.96475
96.63816485,-3.81598,-3.81598,-1.72342,-3.26142,-6.92931
96.63941842,-3.90589,-3.9059,-1.81715,-3.35195,-6.90326
96.64100992,-4.01914,-4.01915,-1.93616,-3.46688,-6.87019
96.64371181,-4.20889,-4.2089,-2.13819,-3.65974,-6.81022
96.64911559,-4.57735,-4.57736,-2.5408,-4.03717,-6.67927
96.65992315,-5.25745,-5.25745,-3.33041,-4.74641,-6.37414
96.66013025,-5.26964,-5.26964,-3.34554,-4.75932,-6.36829
96.66125495,-5.33584,-5.33584,-3.42635,-4.82944,-6.33312
96.66160872,-5.35624,-5.35625,-3.45176,-4.85113,-6.32206
96.66287626,-5.42936,-5.42936,-3.54211,-4.92887,-6.28138
96.66368721,-5.47493,-5.47494,-3.59991,-4.97752,-6.25535
96.66491036,-5.54367,-5.54367,-3.68612,-5.05089,-6.21484
96.66603594,-5.60533,-5.60533,-3.76546,-5.11688,-6.17756
96.66642858,-5.62684,-5.62684,-3.79283,-5.13989,-6.1642
96.66761085,-5.69035,-5.69035,-3.87525,-5.20793,-6.12397
96.6693554,-5.7821,-5.7821,-3.99563,-5.3063,-6.06329
96.67135777,-5.88457,-5.88458,-4.13204,-5.41627,-5.99195
96.67459085,-6.04378,-6.04379,-4.3479,-5.58744,-5.873
96.68105702,-6.33971,-6.33971,-4.76059,-5.90698,-5.62144
96.685652,-6.53213,-6.53213,-5.0364,-6.1161,-5.43185
96.68784736,-6.61889,-6.61889,-5.16269,-6.21083,-5.33815
96.68982353,-6.69416,-6.69416,-5.27322,-6.2933,-5.2521
96.69167935,-6.76243,-6.76243,-5.37428,-6.36834,-5.16986
96.69372589,-6.83501,-6.83502,-5.4827,-6.44842,-5.07757
96.69781899,-6.97173,-6.97174,-5.69033,-6.6002,-4.88807
96.70600518,-7.21166,-7.21167,-6.07027,-6.87061,-4.49009
96.71750466,-7.47411,-7.47411,-6.52759,-7.17669,-3.89072
96.72967436,-7.65834,-7.65834,-6.91722,-7.40805,-3.2089
96.74574358,-7.75779,-7.75779,-7.2868,-7.5708,-2.24215
96.77193635,-7.58504,-7.58504,-7.54709,-7.50211,-0.535496
96.79074444,-7.21723,-7.21723,-7.48088,-7.20846,0.767644
96.7990583,-6.99219,-6.99218,-7.38593,-7.01584,1.35843
96.80159084,-6.91622,-6.91621,-7.34914,-6.94969,1.53976
96.80275941,-6.87969,-6.87968,-7.33059,-6.91767,1.62343
96.8038652,-6.84512,-6.84512,-7.31303,-6.88738,1.70271
96.80607677,-6.77345,-6.77345,-7.27519,-6.82423,1.86126
96.81049992,-6.62276,-6.62276,-7.19152,-6.69047,2.17774
96.81934621,-6.2928,-6.2928,-6.99296,-6.39398,2.80395
96.83703879,-5.52569,-5.52569,-6.47674,-5.69231,3.98954
96.8496651,-4.89625,-4.89624,-6.01579,-5.1085,4.74881
96.85547187,-4.585,-4.58499,-5.7789,-4.81798,5.0668
96.85871606,-4.40542,-4.40541,-5.63996,-4.64992,5.23464
96.8617594,-4.2334,-4.2334,-5.50547,-4.48867,5.38532
96.86468135,-4.06512,-4.06512,-5.37265,-4.3307,5.52378
96.87022341,-3.73787,-3.73786,-5.11107,-4.02288,5.77019
96.88130752,-3.05372,-3.05371,-4.55187,-3.37709,6.20185
96.89156188,-2.38827,-2.38826,-3.99414,-2.74632,6.53074
96.90669154,-1.35687,-1.35686,-3.10712,-1.76417,6.89597
96.92916439,0.260981,0.260987,-1.66935,-0.2136,7.18221
96.94215399,1.23187,1.23188,-0.781294,0.723563,7.2111
96.94800216,1.67478,1.67479,-0.369425,1.15342,7.19206
96.9499426,1.82231,1.82232,-0.231246,1.29709,7.1814
96.95135826,1.92994,1.92995,-0.130004,1.40191,7.17172
96.95274,2.035,2.035,-0.030858,1.50456,7.16227
96.95363933,2.10337,2.10338,0.0338418,1.57137,7.15493
96.95469139,2.18336,2.18337,0.109694,1.64953,7.14634
96.95568606,2.25883,2.25883,0.181566,1.72354,7.13707
96.95686382,2.34818,2.34819,0.266862,1.81119,7.1261
96.95830397,2.45744,2.45745,0.371439,1.91836,7.11125
96.96068985,2.6378,2.63781,0.54533,2.0959,7.08413
96.96545971,2.99586,2.99587,0.89514,2.44999,7.02063
96.96956525,3.30047,3.30048,1.19825,2.75305,6.95616
96.9724365,3.51105,3.51106,1.41114,2.96362,6.90574
96.97523775,3.71417,3.71418,1.61945,3.16762,6.85235
96.97629475,3.78996,3.78997,1.69805,3.24404,6.83087
96.97727683,3.86038,3.86039,1.77119,3.31504,6.81091
96.97855057,3.95091,3.95092,1.86604,3.40658,6.78329
96.9805066,4.08862,4.08863,2.0117,3.54622,6.74087
96.9841639,4.34136,4.34137,2.28365,3.80382,6.65514
96.99147851,4.82449,4.82449,2.8232,4.3017,6.46364
96.99703282,5.16814,5.16815,3.22653,4.66108,6.30072
96.99993962,5.33909,5.3391,3.43468,4.84179,6.20954
97.00146337,5.4261,5.4261,3.54283,4.9343,6.15962
97.00289821,5.50633,5.50634,3.64368,5.01988,6.11261
97.00400052,5.5666,5.5666,3.72115,5.08433,6.0752
97.00457276,5.59788,5.59789,3.76094,5.11778,6.05578
97.00499769,5.62058,5.62059,3.79049,5.1421,6.04136
97.00541668,5.64297,5.64297,3.81962,5.16608,6.02675
97.00604174,5.67636,5.67636,3.86271,5.20184,6.00497
97.00684325,5.71818,5.71818,3.91797,5.24668,5.97704
97.00776902,5.76648,5.76649,3.98093,5.29847,5.94383
97.00948389,5.8537,5.85371,4.09757,5.39207,5.88232
97.01274955,6.01371,6.01372,4.31475,5.56408,5.76085
97.01907509,6.30162,6.30163,4.71718,5.87496,5.51229
97.02361685,6.4908,6.4908,4.98935,6.08052,5.32324
97.02563635,6.57026,6.57027,5.10552,6.16727,5.23638
97.02700314,6.62181,6.62182,5.18235,6.22439,5.17627
97.02833738,6.67213,6.67214,5.25594,6.27891,5.11758
97.02975907,6.72374,6.72375,5.33283,6.33567,5.05385
97.03256675,6.82163,6.82163,5.48013,6.44375,4.92562
97.03818211,7.00139,7.00139,5.75737,6.64409,4.65994
97.04820002,7.26968,7.26968,6.19715,6.9496,4.15676
97.05883544,7.48189,7.48189,6.58998,7.20209,3.58402
97.07272579,7.6485,7.6485,6.99167,7.42231,2.78151
97.08854292,7.6896,7.6896,7.29899,7.52541,1.80122
97.12017718,7.3251,7.3251,7.45385,7.28503,-0.319757
97.13440339,6.97517,6.97517,7.32938,6.99027,-1.32389
97.14267747,6.72115,6.72114,7.20346,6.76796,-1.9145
97.14548192,6.62684,6.62684,7.15201,6.68433,-2.11484
97.14805327,6.53685,6.53685,7.10103,6.60409,-2.29853
97.15319599,6.34706,6.34706,6.98838,6.43368,-2.66331
97.16348142,5.92972,5.92972,6.72152,6.05459,-3.37593
97.18405228,4.95563,4.95562,6.03121,5.15531,-4.6645
97.18546877,4.88135,4.88135,5.97557,5.0861,-4.7456
97.18830175,4.73091,4.7309,5.8621,4.94577,-4.9044
97.19037002,4.61928,4.61927,5.77718,4.84151,-5.017
97.19164554,4.54963,4.54963,5.72388,4.7764,-5.08489
97.19378787,4.43128,4.43127,5.63274,4.66565,-5.19615
97.19571911,4.32311,4.3231,5.54885,4.56432,-5.29353
97.19958161,4.10268,4.10267,5.37627,4.35754,-5.48031
97.2073066,3.64612,3.64612,5.01243,3.92811,-5.82327
97.21970287,2.873,2.87299,4.3794,3.19778,-6.29225
97.23094649,2.13237,2.13237,3.7562,2.49495,-6.63359
97.24619513,1.07644,1.07644,2.84408,1.48817,-6.9724
97.27025809,-0.681442,-0.681449,1.27352,-0.199483,-7.22538
97.28161041,-1.5388,-1.53881,0.483687,-1.03002,-7.22748
97.28833967,-2.05128,-2.05129,0.0028509,-1.52963,-7.19403
97.29060089,-2.22349,-2.2235,-0.160655,-1.69852,-7.17652
97.2914698,-2.28967,-2.28967,-0.223725,-1.76342,-7.16979
97.29229709,-2.35267,-2.35268,-0.283887,-1.82522,-7.1621
97.29395165,-2.47854,-2.47855,-0.404524,-1.94891,-7.14671
97.29726078,-2.72939,-2.7294,-0.646978,-2.19629,-7.11072
97.30387905,-3.22538,-3.22539,-1.13593,-2.68854,-7.02109
97.30698924,-3.45518,-3.45519,-1.36731,-2.91816,-6.97091
97.31008542,-3.68124,-3.68125,-1.59846,-3.14484,-6.91523
97.31093234,-3.74245,-3.74245,-1.66169,-3.20684,-6.89999
97.31176283,-3.80246,-3.80247,-1.72382,-3.26714,-6.88381
97.31277183,-3.87458,-3.87458,-1.7993,-3.34039,-6.86414
97.31439564,-3.99063,-3.99064,-1.92078,-3.45752,-6.83105
97.31705159,-4.17749,-4.1775,-2.11948,-3.64736,-6.77402
97.3223635,-4.54072,-4.54073,-2.51552,-4.01912,-6.64934
97.33298731,-5.21322,-5.21323,-3.29299,-4.71918,-6.35862
97.33329495,-5.23147,-5.23147,-3.3155,-4.73842,-6.34924
97.3343593,-5.2946,-5.29461,-3.39208,-4.805,-6.3168
97.33472019,-5.31567,-5.31568,-3.41804,-4.82758,-6.3058
97.33510045,-5.33787,-5.33787,-3.4454,-4.85096,-6.29421
97.33546331,-5.35905,-5.35905,-3.47129,-4.87328,-6.28281
97.33613662,-5.3976,-5.39761,-3.51934,-4.91469,-6.26166
97.33708391,-5.45185,-5.45185,-3.58693,-4.97182,-6.23189
97.33798338,-5.50215,-5.50215,-3.65044,-5.02607,-6.20268
97.33875728,-5.54543,-5.54544,-3.70509,-5.07171,-6.17754
97.33929423,-5.57483,-5.57483,-3.74301,-5.10337,-6.1601
97.33966179,-5.59495,-5.59496,-3.76872,-5.12505,-6.14817
97.34004115,-5.61572,-5.61572,-3.79526,-5.14705,-6.13548
97.34045154,-5.63778,-5.63779,-3.82398,-5.17085,-6.12175
97.34127233,-5.68191,-5.68191,-3.88094,-5.21768,-6.0943
97.34201111,-5.72076,-5.72076,-3.93221,-5.25983,-6.06902
97.34309558,-5.77779,-5.77779,-4.00684,-5.32057,-6.0319
97.3452645,-5.88857,-5.88858,-4.1544,-5.43932,-5.95571
97.34868375,-6.05618,-6.05619,-4.38202,-5.61932,-5.83135
97.35552224,-6.36631,-6.36632,-4.8155,-5.95396,-5.56738
97.35885539,-6.50554,-6.50555,-5.0152,-6.10508,-5.43148
97.36057863,-6.5745,-6.5745,-5.11523,-6.18018,-5.35891
97.36191924,-6.62616,-6.62616,-5.19147,-6.23663,-5.30246
97.36316852,-6.6743,-6.6743,-5.26125,-6.28924,-5.24839
97.36452657,-6.72481,-6.72481,-5.33572,-6.34461,-5.18962
97.36724267,-6.82208,-6.82209,-5.48047,-6.45165,-5.06918
97.37267487,-7.00177,-7.00177,-5.75377,-6.65099,-4.81963
97.38353927,-7.30229,-7.30229,-6.23885,-6.99143,-4.28751
97.39360329,-7.51146,-7.51146,-6.61757,-7.2383,-3.75746
97.40889301,-7.70438,-7.70438,-7.06723,-7.4896,-2.89036
97.42331282,-7.75147,-7.75147,-7.35524,-7.59261,-2.01149
97.45215244,-7.47415,-7.47415,-7.54969,-7.42737,-0.115627
97.46767764,-7.12858,-7.12858,-7.44984,-7.14144,0.964209
97.47470544,-6.92874,-6.92874,-7.35883,-6.96829,1.46226
97.47712922,-6.85371,-6.8537,-7.32093,-6.90241,1.63498
97.47943348,-6.77956,-6.77955,-7.28188,-6.83693,1.79918
97.481574,-6.70826,-6.70826,-7.24299,-6.77365,1.95172
97.48585504,-6.55883,-6.55882,-7.15779,-6.64017,2.25606
97.49441711,-6.23341,-6.2334,-6.95829,-6.34628,2.85771
97.51154125,-5.48282,-5.48282,-6.4483,-5.65733,3.99651
97.52435849,-4.83946,-4.83945,-5.97434,-5.05902,4.75994
97.53004222,-4.53291,-4.53291,-5.73983,-4.77219,5.06765
97.53336956,-4.34769,-4.34769,-5.59585,-4.59845,5.23775
97.53650957,-4.16916,-4.16916,-5.4556,-4.43072,5.39111
97.53937447,-4.00321,-4.00321,-5.32401,-4.27459,5.52495
97.54510427,-3.66292,-3.66291,-5.05077,-3.95381,5.7757
97.55456584,-3.07792,-3.07791,-4.57153,-3.40065,6.14216
97.56732295,-2.24777,-2.24776,-3.8737,-2.61236,6.54551
97.58120914,-1.29667,-1.29666,-3.05262,-1.70498,6.86919
97.60073277,0.107534,0.107541,-1.80488,-0.357888,7.12657
97.61388038,1.08751,1.08752,-0.911143,0.587833,7.17261
97.61997011,1.54818,1.54819,-0.484193,1.03458,7.15983
97.62219198,1.7171,1.71711,-0.326536,1.19885,7.14931
97.62304909,1.78226,1.78227,-0.265466,1.26222,7.14525
97.62386286,1.84413,1.84413,-0.207363,1.3226,7.14013
97.62549039,1.96794,1.96794,-0.0908188,1.44335,7.12988
97.62634647,2.03306,2.03307,-0.0293404,1.50701,7.12348
97.62724854,2.10168,2.10169,0.0355705,1.57409,7.11674
97.62832274,2.1834,2.18341,0.113036,1.65398,7.10756
97.62933102,2.25993,2.25994,0.185911,1.72907,7.09894
97.63047723,2.34694,2.34694,0.268941,1.81443,7.08769
97.63186384,2.45218,2.45219,0.369645,1.91769,7.07407
97.63415135,2.62523,2.62524,0.536368,2.08805,7.04857
97.63864682,2.96313,2.96314,0.865967,2.42213,6.99017
97.64278922,3.27108,3.27109,1.17169,2.72837,6.92673
97.64574884,3.48859,3.4886,1.39109,2.94577,6.87581
97.64917302,3.73705,3.73706,1.64575,3.1953,6.81114
97.65009117,3.80286,3.80286,1.71403,3.26168,6.79252
97.65108532,3.87411,3.87412,1.78807,3.33355,6.77235
97.65251008,3.97532,3.97533,1.89418,3.43591,6.74223
97.65473827,4.13188,4.13189,2.06013,3.59478,6.69303
97.65905251,4.42829,4.4283,2.38068,3.89736,6.59063
97.66768099,4.98817,4.98817,3.01428,4.47652,6.35818
97.67322976,5.32121,5.32121,3.41348,4.82685,6.18962
97.67587309,5.47179,5.4718,3.60071,4.9868,6.10415
97.67780991,5.57868,5.57868,3.73607,5.1008,6.03902
97.67875617,5.6295,5.6295,3.8022,5.15514,6.0072
97.67961669,5.67572,5.67572,3.86157,5.20456,5.97737
97.68040529,5.71696,5.71697,3.91598,5.24871,5.95003
97.68142249,5.77016,5.77016,3.98522,5.30566,5.91381
97.68284617,5.84285,5.84285,4.08214,5.38356,5.86312
97.68569353,5.98366,5.98366,4.2722,5.53467,5.75836
97.69096718,6.22877,6.22878,4.61177,5.79865,5.55492
97.69503747,6.40432,6.40432,4.86151,5.98866,5.3897
97.69783532,6.51821,6.51821,5.02629,6.11249,5.27205
97.70011864,6.6071,6.60711,5.15635,6.20951,5.17361
97.70225619,6.68707,6.68707,5.27437,6.29709,5.07951
97.70421805,6.75771,6.75771,5.37955,6.37475,4.99153
97.70805233,6.8882,6.88821,5.57675,6.51903,4.81516
97.71572088,7.11945,7.11945,5.93941,6.77814,4.44552
97.72692264,7.38682,7.38682,6.39655,7.08695,3.86722
97.73849437,7.57649,7.57649,6.78124,7.3203,3.22529
97.75276554,7.69185,7.69185,7.13638,7.49052,2.3775
97.77534628,7.61706,7.61705,7.43685,7.5036,0.930195
97.79885799,7.22178,7.22177,7.42143,7.19946,-0.682412
97.80834033,6.97407,6.97406,7.3228,6.98812,-1.35519
97.81338373,6.82243,6.82243,7.24927,6.85568,-1.71598
97.81501477,6.7705,6.7705,7.22241,6.80993,-1.8329
97.81663345,6.7176,6.7176,7.19428,6.76315,-1.94895
97.8198708,6.6078,6.60779,7.1337,6.66554,-2.18069
97.8263455,6.37258,6.37258,6.99556,6.45452,-2.64106
97.8392949,5.84244,5.84243,6.65357,5.972,-3.53421
97.85153508,5.27204,5.27204,6.25301,5.44577,-4.3218
97.86154972,4.75831,4.7583,5.87195,4.96764,-4.90675
97.86575187,4.53062,4.53062,5.69818,4.75478,-5.13353
97.86935808,4.32979,4.32979,5.54275,4.56663,-5.3184
97.87215796,4.17052,4.17051,5.41816,4.41716,-5.4556
97.87516807,3.99612,3.99611,5.28048,4.25327,-5.59699
97.88118829,3.63787,3.63786,4.99387,3.91594,-5.8613
97.88807502,3.21332,3.21332,4.64823,3.5151,-6.13439
97.90184848,2.32143,2.32142,3.90396,2.6696,-6.59008
97.91443871,1.46141,1.4614,3.16649,1.85046,-6.90341
97.93577166,-0.0733821,-0.073389,1.81034,0.380205,-7.21585
97.94923693,-1.08177,-1.08178,0.894002,-0.591912,-7.27464
97.9555557,-1.5626,-1.56261,0.449698,-1.05781,-7.26596
97.95740535,-1.70413,-1.70413,0.318034,-1.1953,-7.25863
97.95825552,-1.76918,-1.76919,0.257288,-1.2585,-7.25526
97.95906954,-1.83146,-1.83147,0.199001,-1.31922,-7.25085
97.96069758,-1.95612,-1.95613,0.0820765,-1.44066,-7.24204
97.96153853,-2.02052,-2.02052,0.0215004,-1.50354,-7.23651
97.96243835,-2.08942,-2.08942,-0.0434491,-1.57082,-7.23059
97.96350741,-2.17127,-2.17128,-0.120788,-1.65076,-7.22241
97.96451842,-2.24869,-2.2487,-0.194098,-1.7265,-7.21469
97.96566557,-2.33635,-2.33635,-0.277474,-1.81243,-7.20445
97.96706775,-2.44349,-2.4435,-0.379662,-1.91747,-7.19194
97.96939171,-2.62059,-2.6206,-0.549662,-2.09156,-7.1681
97.97400074,-2.96964,-2.96965,-0.888952,-2.4362,-7.11216
97.97805738,-3.27361,-3.27362,-1.18965,-2.73804,-7.05347
97.98092564,-3.48623,-3.48623,-1.40323,-2.95018,-7.0067
97.98419766,-3.72591,-3.72591,-1.6476,-3.19041,-6.94806
97.98614348,-3.8668,-3.8668,-1.79322,-3.33219,-6.91054
97.98761396,-3.97232,-3.97233,-1.90326,-3.43868,-6.88088
97.98992266,-4.1362,-4.1362,-2.07602,-3.60459,-6.83209
97.99449508,-4.4533,-4.45331,-2.41744,-3.92761,-6.7275
98.00363993,-5.05025,-5.05026,-3.09159,-4.54406,-6.48733
98.00762303,-5.29273,-5.29274,-3.38005,-4.79825,-6.37001
98.00977031,-5.41858,-5.41858,-3.53385,-4.93116,-6.30361
98.01161372,-5.52372,-5.52373,-3.66471,-5.04269,-6.2444
98.01274551,-5.58667,-5.58668,-3.74423,-5.10965,-6.20804
98.01335693,-5.62068,-5.62068,-3.78718,-5.14582,-6.18775
98.01381915,-5.64576,-5.64577,-3.81966,-5.17268,-6.17242
98.01427917,-5.67073,-5.67074,-3.85167,-5.19942,-6.15716
98.01501194,-5.7105,-5.71051,-3.90266,-5.24129,-6.13234
98.01578347,-5.7513,-5.7513,-3.95581,-5.28538,-6.10621
98.01696729,-5.81389,-5.8139,-4.03736,-5.35177,-6.06539
98.01931244,-5.93407,-5.93408,-4.1965,-5.48009,-5.98265
98.02320632,-6.12466,-6.12466,-4.45417,-5.68402,-5.83987
98.03099408,-6.47332,-6.47332,-4.94009,-6.05917,-5.53461
98.03398468,-6.59586,-6.59587,-5.11534,-6.19186,-5.41052
98.03584646,-6.66902,-6.66902,-5.22106,-6.27135,-5.33138
98.03763854,-6.73719,-6.7372,-5.32029,-6.34563,-5.25386
98.03946861,-6.80455,-6.80456,-5.41909,-6.41925,-5.17335
98.04270057,-6.91798,-6.91798,-5.58745,-6.54379,-5.02791
98.0491645,-7.12379,-7.12379,-5.9017,-6.77205,-4.72488
98.05959415,-7.39731,-7.39731,-6.34825,-7.08248,-4.20347
98.07064698,-7.60925,-7.60926,-6.74265,-7.33444,-3.60982
98.08469048,-7.76507,-7.76507,-7.1299,-7.5422,-2.8002
98.10517467,-7.77192,-7.77192,-7.47211,-7.62624,-1.52403
98.1268614,-7.50708,-7.50708,-7.55535,-7.44355,-0.073484
98.14212246,-7.16092,-7.16092,-7.44744,-7.15474,0.993113
98.14842831,-6.98064,-6.98064,-7.36363,-6.99795,1.44161
98.15066842,-6.91148,-6.91148,-7.32843,-6.9371,1.60175
98.15280371,-6.84314,-6.84313,-7.29228,-6.87664,1.7544
98.15487629,-6.77458,-6.77457,-7.2548,-6.81572,1.90256
98.15902145,-6.631,-6.631,-7.17287,-6.68735,2.19837
98.16731177,-6.31879,-6.31878,-6.98167,-6.40522,2.784
98.1838924,-5.59991,-5.5999,-6.49478,-5.74535,3.89872
98.19636384,-4.98121,-4.98121,-6.04097,-5.17016,4.65786
98.20287,-4.63328,-4.63327,-5.77556,-4.84467,5.01834
98.20632695,-4.44171,-4.4417,-5.62681,-4.66496,5.19846
98.20946527,-4.26394,-4.26394,-5.48729,-4.49793,5.35466
98.21346204,-4.03245,-4.03244,-5.3036,-4.28007,5.54347
98.21730367,-3.80472,-3.80472,-5.12084,-4.0654,5.7145
98.22498692,-3.33474,-3.33474,-4.73784,-3.62134,6.0269
98.23410318,-2.75358,-2.75357,-4.25458,-3.07048,6.34781
98.24813807,-1.81434,-1.81433,-3.45431,-2.17662,6.73933
98.26889726,-0.343843,-0.343836,-2.16153,-0.769179,7.09686
98.28926262,1.16709,1.1671,-0.787752,0.688308,7.19847
98.29686053,1.74264,1.74264,-0.251538,1.2478,7.17436
98.29943191,1.93832,1.93833,-0.067441,1.43868,7.15868
98.30087668,2.04828,2.04828,0.0365188,1.54625,7.14795
98.30156405,2.10059,2.10059,0.0861025,1.59743,7.14284
98.30262688,2.18147,2.18148,0.162918,1.67656,7.13367
98.3037207,2.2646,2.26461,0.242155,1.75813,7.12423
98.30500616,2.36229,2.3623,0.335501,1.85398,7.11123
98.30692645,2.50791,2.50791,0.475387,1.99716,7.0918
98.31043169,2.77257,2.77258,0.731997,2.25829,7.0499
98.31625349,3.2073,3.20731,1.16129,2.68977,6.96563
98.31915238,3.42099,3.42099,1.37629,2.90311,6.91689
98.32281708,3.68774,3.68774,1.6489,3.17071,6.84892
98.32469564,3.8228,3.82281,1.78889,3.30677,6.81134
98.32612918,3.92497,3.92498,1.89572,3.40998,6.78144
98.32838157,4.0838,4.08381,2.06357,3.57091,6.73232
98.3327322,4.38384,4.38385,2.38703,3.87672,6.63013
98.34143345,4.95089,4.95089,3.02625,4.46207,6.39754
98.34710402,5.29271,5.29272,3.43418,4.82071,6.22613
98.34986853,5.45071,5.45071,3.62982,4.98808,6.13699
98.35173699,5.55413,5.55414,3.76026,5.09808,6.0743
98.35267228,5.60456,5.60456,3.82555,5.15184,6.04291
98.35352518,5.65054,5.65055,3.88433,5.20086,6.01341
98.35433805,5.69322,5.69322,3.94035,5.24641,5.9853
98.35534667,5.74617,5.74618,4.00892,5.30293,5.94946
98.3568044,5.82087,5.82087,4.10801,5.38274,5.89766
98.35971988,5.96546,5.96547,4.30221,5.53744,5.79053
98.36509734,6.21584,6.21584,4.64727,5.80627,5.58311
98.36922438,6.39394,6.39394,4.89916,5.99844,5.41543
98.37153435,6.48837,6.48838,5.03481,6.10075,5.31842
98.37358214,6.56898,6.56898,5.15165,6.18833,5.23054
98.37561485,6.64612,6.64613,5.26433,6.27243,5.14159
98.37707613,6.69983,6.69983,5.34333,6.33115,5.07661
98.37999868,6.80288,6.80288,5.49645,6.44425,4.94408
98.38584378,6.99162,6.99162,5.7839,6.65327,4.66899
98.39579962,7.26041,7.26041,6.21855,6.95713,4.17102
98.40660701,7.47797,7.47797,6.61481,7.21353,3.59099
98.42035608,7.64513,7.64513,7.0086,7.4311,2.79893
98.43678805,7.6881,7.6881,7.32095,7.53531,1.7822
98.46779039,7.33121,7.33121,7.45998,7.29421,-0.294044
98.48226263,6.977,6.97699,7.32929,6.99346,-1.3141
98.49036196,6.7291,6.7291,7.20362,6.77516,-1.89171
98.49313424,6.63629,6.63629,7.1521,6.69241,-2.08963
98.49568149,6.54755,6.54754,7.10104,6.61288,-2.27148
98.500776,6.36042,6.36042,6.98843,6.44406,-2.63277
98.510965,5.94904,5.94903,6.72245,6.06883,-3.33924
98.53134302,4.98901,4.98901,6.03687,5.1796,-4.62109
98.53912488,4.57637,4.57637,5.72293,4.79354,-5.0512
98.54376245,4.31906,4.31905,5.52274,4.55197,-5.28909
98.54729798,4.11745,4.11744,5.36379,4.36232,-5.46061
98.55107669,3.89699,3.89698,5.18803,4.15458,-5.63445
98.55863411,3.44144,3.44143,4.81907,3.72433,-5.95354
98.56828665,2.83308,2.83307,4.3156,3.14781,-6.30737
98.5829249,1.85982,1.85982,3.48862,2.22147,-6.73251
98.59736183,0.848049,0.848042,2.60527,1.25384,-7.02319
98.62139657,-0.920281,-0.920289,1.01171,-0.448636,-7.23312
98.63012564,-1.58186,-1.58187,0.398944,-1.09068,-7.22608
98.63585287,-2.0187,-2.0187,-0.0114947,-1.51672,-7.19788
98.63774144,-2.16275,-2.16275,-0.148184,-1.65794,-7.18416
98.63844996,-2.21679,-2.2168,-0.199627,-1.71091,-7.17901
98.63931228,-2.28256,-2.28257,-0.262345,-1.77539,-7.17158
98.64075543,-2.39264,-2.39264,-0.367564,-1.88343,-7.15913
98.64330509,-2.58657,-2.58657,-0.554208,-2.07432,-7.13375
98.6481571,-2.9532,-2.95321,-0.91178,-2.4368,-7.07572
98.65223499,-3.258,-3.25801,-1.21442,-2.73989,-7.01719
98.65504762,-3.46599,-3.466,-1.4241,-2.94767,-6.97167
98.65740035,-3.6383,-3.63831,-1.60002,-3.12046,-6.93039
98.65844914,-3.71439,-3.7144,-1.67844,-3.19701,-6.91079
98.65943662,-3.78603,-3.78603,-1.7524,-3.26909,-6.89234
98.66065938,-3.87402,-3.87402,-1.84399,-3.35755,-6.86792
98.66236942,-3.9961,-3.99611,-1.97207,-3.48128,-6.83377
98.66543109,-4.21153,-4.21154,-2.20126,-3.69997,-6.76795
98.67155445,-4.62808,-4.62809,-2.65741,-4.12638,-6.62219
98.67674326,-4.9637,-4.9637,-3.0398,-4.47385,-6.4842
98.68104882,-5.22823,-5.22824,-3.35277,-4.75068,-6.35981
98.68298324,-5.34263,-5.34264,-3.4915,-4.87131,-6.30053
98.6840996,-5.40685,-5.40685,-3.57157,-4.93936,-6.26631
98.68515908,-5.46779,-5.4678,-3.64666,-5.00395,-6.23256
98.68619849,-5.52594,-5.52594,-3.72033,-5.06579,-6.19945
98.6869224,-5.56643,-5.56644,-3.77114,-5.10886,-6.17569
98.68780412,-5.61468,-5.61469,-3.83302,-5.16026,-6.14676
98.68821269,-5.63704,-5.63705,-3.86146,-5.18408,-6.13336
98.68902982,-5.68085,-5.68085,-3.91833,-5.23079,-6.10588
98.68977598,-5.72085,-5.72085,-3.96976,-5.27344,-6.08078
98.69087902,-5.77885,-5.77885,-4.04578,-5.33533,-6.04246
98.69308512,-5.89209,-5.89209,-4.19568,-5.45627,-5.96583
98.69660352,-6.06525,-6.06525,-4.42935,-5.64156,-5.83824
98.70364031,-6.38495,-6.38496,-4.8732,-5.9853,-5.56693
98.70656744,-6.50765,-6.50765,-5.04777,-6.11795,-5.44783
98.70816096,-6.57194,-6.57194,-5.14012,-6.18767,-5.38096
98.70969556,-6.6322,-6.6322,-5.22719,-6.25316,-5.31657
98.71124919,-6.69156,-6.69157,-5.31347,-6.31783,-5.24944
98.71265902,-6.74401,-6.74402,-5.39015,-6.37511,-5.18852
98.71547866,-6.84488,-6.84488,-5.53901,-6.48567,-5.06341
98.72111795,-7.03058,-7.03058,-5.81941,-6.6909,-4.80387
98.73107093,-7.30668,-7.30668,-6.26052,-7.00203,-4.31679
98.74162116,-7.52821,-7.52821,-6.65573,-7.26144,-3.76237
98.7559324,-7.71383,-7.71383,-7.0763,-7.49952,-2.9532
98.77219593,-7.76825,-7.76825,-7.39637,-7.6146,-1.96302
98.80439769,-7.41394,-7.41394,-7.55501,-7.38063,0.165401
98.81952491,-7.04485,-7.04484,-7.41818,-7.06739,1.22153
98.82705185,-6.81511,-6.8151,-7.30134,-6.86513,1.75433
98.82971117,-6.72682,-6.72682,-7.25246,-6.78649,1.94299
98.8321708,-6.64197,-6.64197,-7.20381,-6.71052,2.11749
98.83709006,-6.46334,-6.46333,-7.09679,-6.54954,2.46474
98.84692857,-6.07159,-6.07158,-6.84491,-6.19265,3.14635
98.8666056,-5.16025,-5.16024,-6.19816,-5.34943,4.40007
98.87493592,-4.72556,-4.72556,-5.86903,-4.94303,4.87187
98.87946278,-4.47781,-4.47781,-5.67693,-4.71053,5.11008
98.88377713,-4.23454,-4.23454,-5.48554,-4.48173,5.32391
98.88697924,-4.04964,-4.04964,-5.33837,-4.30753,5.47419
98.8904997,-3.84224,-3.84223,-5.17168,-4.11184,5.63121
98.89754062,-3.41511,-3.4151,-4.8235,-3.70799,5.92033
98.90595154,-2.8846,-2.88459,-4.38281,-3.20491,6.2234
98.91992483,-1.95951,-1.95951,-3.59568,-2.32419,6.62818
98.93599346,-0.837706,-0.837699,-2.61424,-1.25089,6.94497
98.95361488,0.449145,0.449152,-1.4573,-0.0130725,7.11428
98.9661649,1.39134,1.39135,-0.589153,0.899366,7.12399
98.97146823,1.79364,1.79365,-0.212435,1.29116,7.10082
98.97339796,1.94038,1.94039,-0.074026,1.43455,7.08775
98.97464258,2.03502,2.03503,0.0155886,1.52704,7.07932
98.97541519,2.09377,2.09378,0.071347,1.58461,7.073
98.97647145,2.17409,2.1741,0.147728,1.66331,7.06436
98.97752275,2.25392,2.25393,0.223922,1.74164,7.05458
98.97874152,2.34646,2.34647,0.31246,1.83245,7.04323
98.98036568,2.4693,2.46931,0.430781,1.95352,7.02637
98.98317425,2.68173,2.68174,0.636236,2.16287,6.99381
98.98879141,3.10226,3.10227,1.04998,2.57993,6.91592
98.99262131,3.38518,3.38518,1.33392,2.8623,6.85315
98.99610657,3.63924,3.63925,1.59328,3.11723,6.7893
98.99790495,3.76889,3.76889,1.7274,3.24784,6.75386
99.00065794,3.96503,3.96504,1.93271,3.44617,6.69638
99.00318975,4.14263,4.14264,2.12153,3.62657,6.64009
99.00825338,4.48843,4.48844,2.49784,3.98025,6.51784
99.01838063,5.13219,5.1322,3.23766,4.64909,6.23563
99.02070458,5.27007,5.27008,3.40453,4.79454,6.16357
99.02239665,5.36802,5.36802,3.52508,4.89837,6.10967
99.02394749,5.45575,5.45575,3.63473,4.99174,6.05911
99.02564833,5.54971,5.54971,3.75381,5.09204,6.00204
99.02611997,5.57521,5.57522,3.78683,5.11932,5.98622
99.02649023,5.59523,5.59524,3.8125,5.14073,5.9738
99.02686594,5.61555,5.61555,3.83854,5.16246,5.96082
99.02740075,5.64391,5.64391,3.87561,5.19281,5.94234
99.02829294,5.69122,5.69123,3.93688,5.24346,5.91151
99.02911641,5.73373,5.73373,3.99342,5.28901,5.88231
99.03050823,5.80558,5.80558,4.08798,5.36599,5.83296
99.03329188,5.94402,5.94403,4.27415,5.51457,5.73113
99.03790453,6.16091,6.16091,4.57285,5.74803,5.55488
99.04174905,6.32998,6.32999,4.81143,5.9308,5.40095
99.04494451,6.46257,6.46257,5.00177,6.07474,5.26823
99.04721799,6.55255,6.55255,5.13251,6.17281,5.1712
99.04922575,6.62904,6.62905,5.24456,6.25645,5.08375
99.05047791,6.67535,6.67535,5.31284,6.30722,5.02837
99.05285764,6.7604,6.76041,5.43925,6.40079,4.9214
99.05761711,6.91899,6.91899,5.67946,6.57649,4.70079
99.06713604,7.19052,7.19052,6.11177,6.88267,4.23397
99.0774028,7.41597,7.41597,6.50894,7.14613,3.69428
99.09118382,7.61055,7.61055,6.93305,7.39269,2.91579
99.10525796,7.68424,7.68424,7.2401,7.52029,2.06328
99.13340625,7.47159,7.47159,7.48562,7.41591,0.220553
99.14944115,7.14485,7.14485,7.41204,7.15029,-0.893984
99.15668964,6.95,6.95,7.32924,6.98278,-1.40871
99.1590333,6.88087,6.88087,7.29597,6.92244,-1.57625
99.16061587,6.83191,6.83191,7.27107,6.87939,-1.68938
99.1621478,6.78451,6.78451,7.24696,6.83772,-1.79898
99.16521165,6.68484,6.68484,7.19349,6.74943,-2.01817
99.17133935,6.47133,6.47132,7.07119,6.55851,-2.45453
99.18359476,5.98993,5.98993,6.76698,6.12158,-3.30724
99.20810559,4.82912,4.82912,5.9365,5.04729,-4.81718
99.20922268,4.76932,4.76932,5.89088,4.99135,-4.87916
99.21145688,4.64972,4.64972,5.79966,4.87947,-5.00093
99.213009,4.56534,4.56534,5.7345,4.80045,-5.08354
99.21384621,4.51929,4.51928,5.69936,4.75727,-5.12703
99.21491044,4.46074,4.46074,5.65357,4.70239,-5.1823
99.21622451,4.38766,4.38765,5.59704,4.63383,-5.24898
99.21885266,4.23957,4.23956,5.48111,4.49476,-5.37857
99.22392047,3.94698,3.94698,5.24927,4.21949,-5.61476
99.23405609,3.33558,3.33558,4.75419,3.64237,-6.03561
99.24446039,2.67417,2.67417,4.20473,3.01548,-6.39876
99.25878882,1.71371,1.7137,3.38547,2.10099,-6.78842
99.27321553,0.696678,0.69667,2.49465,1.12792,-7.05436
99.29244856,-0.71922,-0.719228,1.21992,-0.234565,-7.2171
99.30174065,-1.42189,-1.4219,0.572386,-0.915131,-7.21863
99.30676556,-1.80499,-1.805,0.214623,-1.28795,-7.19891
99.30847954,-1.93598,-1.93599,0.0914588,-1.41586,-7.18891
99.31006752,-2.05734,-2.05735,-0.02312,-1.53438,-7.17784
99.31085082,-2.11721,-2.11721,-0.0797978,-1.59299,-7.17238
99.31187872,-2.19576,-2.19577,-0.154328,-1.66991,-7.16396
99.31291811,-2.2751,-2.2751,-0.229862,-1.74769,-7.15543
99.31415739,-2.36968,-2.36969,-0.320144,-1.84051,-7.14357
99.31586223,-2.49956,-2.49957,-0.44472,-1.9682,-7.12725
99.31884995,-2.72643,-2.72643,-0.664035,-2.19198,-7.09382
99.3248254,-3.17573,-3.17574,-1.10598,-2.63766,-7.01259
99.32800373,-3.41168,-3.41169,-1.34261,-2.87318,-6.96165
99.33118849,-3.64537,-3.64537,-1.5806,-3.1073,-6.90463
99.33197869,-3.70277,-3.70278,-1.63964,-3.16539,-6.89048
99.33290412,-3.77,-3.77001,-1.70897,-3.23288,-6.87251
99.33383029,-3.83662,-3.83662,-1.77834,-3.30043,-6.85452
99.33520708,-3.93565,-3.93565,-1.88148,-3.40028,-6.82664
99.33735001,-4.08788,-4.08789,-2.042,-3.5546,-6.78132
99.34140298,-4.37005,-4.37005,-2.34514,-3.84223,-6.68927
99.34950894,-4.90656,-4.90657,-2.94561,-4.39573,-6.48081
99.35532974,-5.26493,-5.26494,-3.36892,-4.77132,-6.3115
99.35788047,-5.4142,-5.41421,-3.55172,-4.92937,-6.23221
99.36003289,-5.53624,-5.53624,-3.70435,-5.0592,-6.16234
99.36123797,-5.60267,-5.60267,-3.78894,-5.13009,-6.12321
99.36188062,-5.63809,-5.63809,-3.83405,-5.16789,-6.10154
99.36335309,-5.71734,-5.71734,-3.93641,-5.25258,-6.05188
99.36548611,-5.82917,-5.82918,-4.08298,-5.37222,-5.97789
99.36800486,-5.95682,-5.95683,-4.25316,-5.50897,-5.88789
99.37238918,-6.16793,-6.16794,-4.54093,-5.73573,-5.72456
99.37765157,-6.40318,-6.40318,-4.87007,-5.98963,-5.51758
99.38034778,-6.51615,-6.51616,-5.03121,-6.11214,-5.40698
99.381729,-6.57158,-6.57159,-5.11165,-6.17246,-5.34885
99.38275152,-6.61262,-6.61262,-5.16987,-6.21711,-5.30582
99.38368132,-6.64848,-6.64848,-5.22281,-6.25627,-5.26582
99.38489111,-6.69514,-6.69515,-5.29019,-6.30722,-5.21378
99.38664117,-6.76032,-6.76033,-5.38565,-6.37863,-5.13712
99.39014128,-6.88447,-6.88447,-5.56965,-6.51528,-4.98015
99.39714151,-7.10807,-7.10808,-5.91119,-6.76414,-4.65206
99.40899594,-7.41257,-7.41257,-6.41299,-7.11219,-4.0557
99.41978306,-7.60964,-7.60964,-6.78862,-7.34973,-3.47132
99.43462471,-7.7588,-7.7588,-7.18286,-7.55562,-2.60885
99.45768525,-7.72053,-7.72053,-7.52165,-7.60672,-1.156
99.48032785,-7.37914,-7.37914,-7.54105,-7.3529,0.375341
99.49180424,-7.09591,-7.09591,-7.43571,-7.11357,1.18081
99.49789995,-6.9165,-6.91649,-7.34909,-6.95725,1.61345
99.50001032,-6.8498,-6.8498,-7.31422,-6.89851,1.7637
99.50196324,-6.78604,-6.78604,-7.27976,-6.84208,1.90274
99.50586909,-6.65277,-6.65276,-7.20461,-6.72341,2.18033
99.51368077,-6.36383,-6.36383,-7.02992,-6.46337,2.73044
99.52930415,-5.7013,-5.70129,-6.58698,-5.85749,3.78334
99.5413377,-5.1184,-5.1184,-6.16442,-5.31731,4.52554
99.54810798,-4.76414,-4.76413,-5.89676,-4.98675,4.90805
99.55141063,-4.58472,-4.58471,-5.75862,-4.81884,5.08388
99.55397243,-4.44268,-4.44268,-5.64815,-4.68569,5.21495
99.55631501,-4.31068,-4.31067,-5.54464,-4.5618,5.33065
99.55851744,-4.18476,-4.18475,-5.44519,-4.44349,5.43582
99.56292231,-3.92781,-3.92781,-5.24025,-4.2017,5.63597
99.57173206,-3.39455,-3.39454,-4.8071,-3.69848,5.99712
99.58207414,-2.73786,-2.73785,-4.26106,-3.07644,6.35676
99.59572568,-1.82582,-1.82582,-3.48317,-2.20873,6.72831
99.6112639,-0.734325,-0.734317,-2.52701,-1.16513,7.01181
99.63021768,0.656668,0.656676,-1.27409,0.172537,7.16228
99.6402295,1.41097,1.41098,-0.578531,0.9027,7.15686
99.64524771,1.7922,1.79221,-0.222141,1.27354,7.13245
99.64699037,1.92487,1.92488,-0.0972582,1.40305,7.12063
99.64861229,2.04835,2.04836,0.0194424,1.52359,7.10776
99.64934748,2.10432,2.10433,0.0724836,1.57838,7.10192
99.65042911,2.18667,2.18667,0.150675,1.65899,7.092
99.65142783,2.26259,2.26259,0.223034,1.73343,7.08284
99.65264125,2.35482,2.35483,0.311148,1.82386,7.0701
99.65416892,2.47053,2.47054,0.422384,1.93777,7.05406
99.65676469,2.66714,2.66715,0.61213,2.13132,7.02302
99.66195625,3.05678,3.05679,0.994092,2.51719,6.95
99.66600187,3.35658,3.35659,1.29369,2.81596,6.88312
99.6695129,3.61335,3.61336,1.55478,3.07327,6.81805
99.67125672,3.73951,3.73952,1.6848,3.2002,6.78334
99.6735466,3.90352,3.90353,1.85553,3.36576,6.73536
99.67533957,4.03049,4.0305,1.98921,3.49439,6.69592
99.67859317,4.25726,4.25726,2.23159,3.72513,6.62017
99.68510038,4.69401,4.69401,2.7134,4.17377,6.45283
99.69017088,5.01641,5.01641,3.08429,4.50909,6.30803
99.69441727,5.27249,5.2725,3.39039,4.77847,6.17724
99.69620738,5.37637,5.37638,3.51797,4.88861,6.11895
99.69761716,5.4564,5.4564,3.6174,4.97379,6.07304
99.69892345,5.52869,5.52869,3.70952,5.05099,6.02874
99.69974636,5.57422,5.57423,3.76688,5.09962,6.00083
99.70022214,5.59991,5.59991,3.80004,5.12711,5.98469
99.70061761,5.62125,5.62126,3.82761,5.14996,5.9709
99.7010151,5.64271,5.64272,3.85501,5.17292,5.95704
99.70176191,5.68221,5.68221,3.90651,5.21524,5.931
99.70251615,5.7221,5.7221,3.95851,5.25797,5.90414
99.70348683,5.77251,5.77251,4.02481,5.31201,5.86958
99.70542819,5.87117,5.87118,4.15604,5.41787,5.79884
99.70864944,6.02867,6.02868,4.36938,5.58717,5.67779
99.71509192,6.3211,6.32111,4.77684,5.90291,5.42216
99.71962579,6.50922,6.50923,5.04627,6.10735,5.2317
99.72176176,6.59286,6.59286,5.16791,6.19867,5.13899
99.72370767,6.6663,6.6663,5.27565,6.27913,5.0529
99.72555602,6.73365,6.73366,5.37528,6.35316,4.96972
99.72757634,6.80461,6.80461,5.48119,6.43143,4.87724
99.73161697,6.93821,6.93821,5.68396,6.57975,4.68749
99.73969824,7.17249,7.17249,6.05477,6.84378,4.28957
99.75118989,7.43092,7.43092,6.50553,7.1453,3.68379
99.76326192,7.60936,7.60936,6.88511,7.36989,3.00067
99.779307,7.70249,7.70249,7.24447,7.52541,2.02696
99.8059539,7.51097,7.51097,7.4875,7.43824,0.276952
99.82270205,7.17914,7.17913,7.42101,7.17154,-0.889233
99.83005388,6.9838,6.98379,7.33971,7.00452,-1.41261
99.83242823,6.91439,6.91438,7.30677,6.94422,-1.58278
99.83400388,6.86604,6.86604,7.28247,6.90189,-1.69571
99.8355261,6.81934,6.81933,7.25899,6.861,-1.80488
99.83857054,6.72108,6.72108,7.20683,6.77432,-2.02323
99.84465942,6.51054,6.51054,7.08731,6.58674,-2.45791
99.85683718,6.03553,6.03553,6.78927,6.15698,-3.30746
99.8811927,4.88891,4.8889,5.97311,5.09857,-4.81398
99.88230471,4.82969,4.82969,5.92813,5.0433,-4.87603
99.88452873,4.71127,4.71126,5.83818,4.93277,-4.99793
99.88608846,4.6267,4.62669,5.77335,4.85373,-5.08144
99.88680054,4.58809,4.58808,5.74375,4.81764,-5.11863
99.88803812,4.5199,4.51989,5.69105,4.75383,-5.18328
99.88915912,4.45814,4.45813,5.64331,4.69603,-5.24054
99.8914011,4.33267,4.33266,5.54557,4.57848,-5.35231
99.89588508,4.07623,4.07622,5.34362,4.33781,-5.56515
99.90485302,3.54237,3.54237,4.91476,3.83523,-5.95006
99.91585436,2.85195,2.85194,4.34559,3.18252,-6.35095
99.92877672,1.996,1.99599,3.62093,2.36962,-6.72473
99.94315372,0.994247,0.99424,2.75038,1.41366,-7.02031
99.96706692,-0.758496,-0.758503,1.17771,-0.270299,-7.24023
99.97706541,-1.51516,-1.51517,0.479203,-1.00333,-7.23346
99.9835556,-2.01021,-2.01021,0.0147782,-1.48561,-7.19863
99.98568959,-2.17298,-2.17299,-0.139668,-1.64515,-7.18153
99.98649147,-2.23414,-2.23415,-0.197912,-1.7051,-7.1751
99.9873125,-2.29677,-2.29677,-0.257654,-1.76648,-7.16736
99.98866822,-2.40017,-2.40018,-0.356532,-1.86798,-7.15457
99.991098,-2.58504,-2.58505,-0.534425,-2.04989,-7.12861
99.99571079,-2.93384,-2.93384,-0.874326,-2.39464,-7.07053
100,-3.25466,-3.25466,-1.19263,-2.71362,-7.00633
