"TIME","SIN1","SIN2","SIN3","SIN4","SIN5"
90,-7.74458,-7.74458,-7.25016,-7.60269,-2.84526
90.00168803,-7.75067,-7.75067,-7.28281,-7.61394,-2.74443
90.00506408,-7.75858,-7.75858,-7.3438,-7.6322,-2.54088
90.0118162,-7.75417,-7.75417,-7.44526,-7.64852,-2.12512
90.02532042,-7.66358,-7.66358,-7.56443,-7.59934,-1.26107
90.05232887,-7.17133,-7.17133,-7.47845,-7.18832,0.568232
90.06263979,-6.87777,-6.87777,-7.33434,-6.92499,1.29355
90.07270858,-6.53807,-6.53807,-7.1368,-6.61424,2.00628
90.07543891,-6.43712,-6.43712,-7.07371,-6.52103,2.19955
90.0781437,-6.33353,-6.33353,-7.0073,-6.42506,2.39057
90.08355328,-6.11597,-6.11597,-6.86311,-6.22261,2.76967
90.09437243,-5.64111,-5.64111,-6.53067,-5.77745,3.50678
90.11601073,-4.54631,-4.54631,-5.70145,-4.74052,4.81546
90.12304823,-4.15054,-4.15054,-5.38626,-4.36322,5.184
90.12986568,-3.75011,-3.75011,-5.06099,-3.98058,5.50996
90.13450442,-3.46859,-3.46859,-4.82892,-3.71111,5.7139
90.13977173,-3.14056,-3.14056,-4.55532,-3.39668,5.92807
90.15030635,-2.45998,-2.45998,-3.97788,-2.74297,6.30249
90.1623912,-1.6429,-1.6429,-3.2694,-1.95596,6.64562
90.1756645,-0.706763,-0.706763,-2.44005,-1.05156,6.91849
90.2022111,1.24744,1.24744,-0.651879,0.849415,7.14907
90.21027858,1.85611,1.85611,-0.0778472,1.44654,7.13721
90.2134441,2.0958,2.0958,0.150817,1.68268,7.12229
90.21459651,2.18306,2.18306,0.234498,1.76865,7.11509
90.21568635,2.26558,2.26558,0.313828,1.85007,7.10828
90.21721151,2.38068,2.38068,0.425138,1.96402,7.09714
90.22026184,2.61088,2.61088,0.648712,2.19193,7.07098
90.22636249,3.06649,3.06649,1.09916,2.64553,7.00334
90.22971652,3.31381,3.31381,1.34842,2.89309,6.95752
90.23324746,3.57105,3.57105,1.61172,3.15164,6.90276
90.23505296,3.70115,3.70115,1.74665,3.28287,6.87218
90.23787116,3.90189,3.90189,1.95727,3.48596,6.82103
90.24053102,4.0884,4.0884,2.15596,3.67539,6.76895
90.24585075,4.45117,4.45117,2.55184,4.0461,6.65388
90.2564902,5.12395,5.12395,3.32827,4.74298,6.38128
90.26048555,5.35631,5.35631,3.61271,4.98698,6.26453
90.26310798,5.50227,5.50227,3.79659,5.14103,6.18371
90.26440529,5.57251,5.57251,3.88627,5.21531,6.14215
90.26561999,5.63708,5.63708,3.97024,5.28368,6.10323
90.2672633,5.72261,5.72261,4.08231,5.37432,6.04899
90.26898253,5.80987,5.80987,4.19813,5.4669,5.9909
90.27242099,5.97778,5.97778,4.42494,5.64534,5.87068
90.27929792,6.28787,6.28787,4.85589,5.97639,5.6144
90.28223043,6.40985,6.40985,5.02963,6.10727,5.4988
90.28382524,6.47365,6.47365,5.12141,6.17592,5.4339
90.28516816,6.5254,6.5254,5.19715,6.23176,5.37926
90.28646979,6.57556,6.57556,5.2692,6.28588,5.32477
90.28780503,6.62519,6.62519,5.34173,6.33958,5.26886
90.29047552,6.7208,6.7208,5.48268,6.44335,5.15411
90.2958165,6.89752,6.89752,5.74878,6.63647,4.91596
90.30649846,7.19364,7.19364,6.22086,6.96573,4.40654
90.31651795,7.40275,7.40275,6.59338,7.20634,3.8907
90.33168258,7.59537,7.59537,7.03206,7.44723,3.04628
90.3461432,7.64329,7.64329,7.31299,7.54153,2.17683
90.37506442,7.36309,7.36309,7.48783,7.35321,0.289808
90.39158686,6.98817,6.98817,7.36338,7.02948,-0.858361
90.39915103,6.76651,6.76651,7.25351,6.8308,-1.39603
90.40145024,6.69306,6.69306,7.21365,6.76427,-1.56062
90.4028696,6.64585,6.64585,7.18703,6.72131,-1.66223
90.40423329,6.6005,6.6005,7.16145,6.68003,-1.75996
90.40696065,6.50599,6.50599,7.10619,6.59363,-1.95541
90.41241538,6.30597,6.30597,6.98366,6.40966,-2.34505
90.42332483,5.86356,5.86356,6.69193,5.99871,-3.11095
90.44514374,4.82308,4.82308,5.93357,5.01911,-4.51016
90.45373231,4.35954,4.35954,5.57363,4.57892,-4.99474
90.45845464,4.09246,4.09246,5.36162,4.32458,-5.24163
90.4629843,3.82864,3.82864,5.14928,4.07291,-5.46416
90.4681332,3.52013,3.52013,4.89764,3.77814,-5.70002
90.47309905,3.21427,3.21427,4.64496,3.48546,-5.91063
90.48303074,2.57988,2.57988,4.11173,2.8771,-6.28389
90.49297761,1.91661,1.91661,3.54265,2.23933,-6.59515
90.5109348,0.659476,0.659476,2.43653,1.02612,-7.00288
90.53277763,-0.948309,-0.948309,0.975944,-0.534235,-7.2388
90.54134709,-1.59637,-1.59637,0.37224,-1.16731,-7.25473
90.54669244,-2.00321,-2.00321,-0.011854,-1.56635,-7.24323
90.54832048,-2.12712,-2.12712,-0.129905,-1.68844,-7.23616
90.54903263,-2.18132,-2.18132,-0.181689,-1.74185,-7.23307
90.54989378,-2.24686,-2.24686,-0.244418,-1.80643,-7.22817
90.55147857,-2.36748,-2.36748,-0.36016,-1.92539,-7.21916
90.55427202,-2.57952,-2.57952,-0.565073,-2.13508,-7.1992
90.55982211,-2.99766,-2.99766,-0.975235,-2.55041,-7.14681
90.56408397,-3.31481,-3.31481,-1.29255,-2.86721,-7.0952
90.56746563,-3.56338,-3.56338,-1.54549,-3.11667,-7.04728
90.56919108,-3.68895,-3.68895,-1.67492,-3.24311,-7.02048
90.57139016,-3.84753,-3.84753,-1.83987,-3.40321,-6.98404
90.57296865,-3.96024,-3.96024,-1.95832,-3.5173,-6.95633
90.57572701,-4.15468,-4.15468,-2.1653,-3.71477,-6.90477
90.58124371,-4.5324,-4.5324,-2.57762,-4.10087,-6.78996
90.59227712,-5.22973,-5.22973,-3.38552,-4.82417,-6.51476
90.59586543,-5.43823,-5.43823,-3.6419,-5.04338,-6.41236
90.59811032,-5.56374,-5.56374,-3.80019,-5.17589,-6.34514
90.59934752,-5.63069,-5.63069,-3.88632,-5.2473,-6.30673
90.60051009,-5.6936,-5.6936,-3.96726,-5.31331,-6.27063
90.60203118,-5.7736,-5.7736,-4.07184,-5.39807,-6.22201
90.60415567,-5.88241,-5.88241,-4.21601,-5.51348,-6.15231
90.60840467,-6.09001,-6.09001,-4.49689,-5.73419,-6.00672
90.61690266,-6.46653,-6.46653,-5.02249,-6.13681,-5.69152
90.61965532,-6.57759,-6.57759,-5.18171,-6.25632,-5.58266
90.62232361,-6.68026,-6.68026,-5.33057,-6.3672,-5.47404
90.62448548,-6.75988,-6.75988,-5.44721,-6.4535,-5.38385
90.62683535,-6.84284,-6.84284,-5.57002,-6.54373,-5.28363
90.63153509,-6.99761,-6.99761,-5.80362,-6.71313,-5.0765
90.64041117,-7.24979,-7.24979,-6.20288,-6.99325,-4.66189
90.65261194,-7.51184,-7.51184,-6.66547,-7.29432,-4.04492
90.66553315,-7.68434,-7.68434,-7.04946,-7.50877,-3.33663
90.68341416,-7.74972,-7.74972,-7.40563,-7.63281,-2.27443
90.71121938,-7.47225,-7.47225,-7.56988,-7.44597,-0.4714
90.72894439,-7.06646,-7.06646,-7.43558,-7.09664,0.753292
90.73721477,-6.81875,-6.81875,-7.31113,-6.87474,1.33896
90.74017948,-6.72117,-6.72117,-7.25714,-6.78632,1.55051
90.74135517,-6.68089,-6.68089,-7.23403,-6.74965,1.63441
90.74245982,-6.64304,-6.64304,-7.21232,-6.7152,1.71335
90.74466913,-6.56489,-6.56489,-7.16621,-6.64379,1.87123
90.74908774,-6.40144,-6.40144,-7.06619,-6.49373,2.18635
90.75792497,-6.04685,-6.04685,-6.83569,-6.16549,2.80979
90.77559943,-5.2342,-5.2342,-6.25889,-5.40398,3.98976
90.7882668,-4.57245,-4.57245,-5.75527,-4.77786,4.74805
90.79405148,-4.2494,-4.2494,-5.50124,-4.47084,5.06322
90.7973117,-4.06186,-4.06186,-5.35168,-4.29229,5.231
90.80037473,-3.88223,-3.88223,-5.20711,-4.12108,5.38177
90.80326917,-3.70954,-3.70954,-5.06698,-3.95632,5.51814
90.80905807,-3.35595,-3.35595,-4.77681,-3.61852,5.77353
90.81929849,-2.70541,-2.70541,-4.23273,-2.99557,6.17087
90.83007563,-1.98914,-1.98914,-3.62031,-2.3077,6.51625
90.84539856,-0.922719,-0.922719,-2.68641,-1.28008,6.88249
90.86271489,0.337237,0.337237,-1.5535,-0.0608632,7.12435
90.87507925,1.26353,1.26353,-0.701028,0.83996,7.18773
90.88027905,1.65775,1.65775,-0.33279,1.22499,7.18758
90.88203316,1.79122,1.79122,-0.207366,1.35567,7.18332
90.8833413,1.89075,1.89075,-0.11347,1.45313,7.18015
90.88442618,1.9733,1.9733,-0.0353778,1.53418,7.17594
90.8853493,2.04353,2.04353,0.0312226,1.60315,7.17237
90.88638156,2.12208,2.12208,0.105859,1.68027,7.16718
90.88740341,2.19982,2.19982,0.179905,1.75673,7.16204
90.88857478,2.28879,2.28879,0.264982,1.84437,7.15459
90.89006232,2.40177,2.40177,0.373314,1.95566,7.14514
90.89256041,2.59095,2.59095,0.555938,2.14256,7.12566
90.89755658,2.96671,2.96671,0.923549,2.51527,7.07632
90.90170667,3.27527,3.27527,1.23098,2.82294,7.02494
90.90454584,3.48401,3.48401,1.44218,3.03197,6.9844
90.90690346,3.65563,3.65563,1.61805,3.20441,6.94744
90.90794761,3.73091,3.73091,1.69593,3.28026,6.92985
90.90893354,3.80198,3.80198,1.76957,3.35188,6.91324
90.91015687,3.88944,3.88944,1.86094,3.43991,6.89102
90.91188553,4.01202,4.01202,1.99005,3.5643,6.85962
90.91499646,4.22932,4.22932,2.22218,3.78507,6.79819
90.92121832,4.6489,4.6489,2.68385,4.21457,6.6604
90.92630843,4.9749,4.9749,3.05719,4.55168,6.53312
90.93055445,5.23316,5.23316,3.36422,4.82124,6.4171
90.93246575,5.34502,5.34502,3.50052,4.93879,6.36148
90.93356643,5.40767,5.40767,3.57902,5.0049,6.32945
90.93461061,5.4671,5.4671,3.65252,5.06762,6.29769
90.93599677,5.54379,5.54379,3.7501,5.14879,6.25552
90.93639743,5.56596,5.56596,3.77799,5.17225,6.24296
90.9375217,5.62684,5.62684,3.85627,5.23677,6.20771
90.93924385,5.71816,5.71816,3.97496,5.33363,6.15238
90.94117894,5.81804,5.81804,4.10668,5.43967,6.08856
90.94440775,5.9784,5.9784,4.32215,5.61019,5.97823
90.95086536,6.27625,6.27625,4.73413,5.92817,5.74341
90.9553151,6.46413,6.46413,5.00143,6.12986,5.57085
90.95731492,6.54401,6.54401,5.11681,6.21596,5.49048
90.95886414,6.60399,6.60399,5.20406,6.28075,5.42657
90.96028344,6.65748,6.65748,5.28234,6.33866,5.36802
90.96177554,6.71223,6.71223,5.36294,6.39806,5.30506
90.96475973,6.81716,6.81716,5.51905,6.51232,5.17638
90.97072812,7.00891,7.00891,5.81169,6.72286,4.90821
90.98068756,7.27572,7.27572,6.24459,7.02138,4.43001
90.99156556,7.4921,7.4921,6.641,7.27294,3.86632
91.00549783,7.65695,7.65695,7.03559,7.48349,3.0866
91.02231783,7.69244,7.69244,7.34666,7.57467,2.06873
91.05354167,7.31219,7.31219,7.46451,7.29679,0.00762126
91.06934455,6.90908,6.90908,7.30387,6.94423,-1.09973
91.07660317,6.67855,6.67855,7.182,6.7365,-1.61747
91.07921048,6.58898,6.58898,7.13098,6.65504,-1.80425
91.08163875,6.50245,6.50245,7.08011,6.57603,-1.97821
91.08649527,6.32067,6.32067,6.96887,6.40917,-2.32515
91.09620832,5.92351,5.92351,6.70942,6.04134,-3.00891
91.11563443,5.00456,5.00456,6.05083,5.17937,-4.28093
91.12804109,4.33655,4.33655,5.53777,4.54684,-4.99206
91.13407684,3.99007,3.99007,5.26329,4.21742,-5.304
91.13955557,3.66422,3.66422,5.00077,3.90696,-5.56612
91.14530023,3.31166,3.31166,4.71247,3.57044,-5.81931
91.15226933,2.8699,2.8699,4.3456,3.14795,-6.09735
91.16603343,1.95674,1.95674,3.57004,2.27204,-6.55576
91.17849098,1.08885,1.08885,2.81443,1.43664,-6.86911
91.19956653,-0.449192,-0.449192,1.43773,-0.0504785,-7.18593
91.2112419,-1.33005,-1.33005,0.628296,-0.907164,-7.24822
91.21655382,-1.73538,-1.73538,0.250216,-1.30314,-7.25027
91.21841226,-1.87767,-1.87767,0.116604,-1.44253,-7.24643
91.21975949,-1.98082,-1.98082,0.0193508,-1.54358,-7.24365
91.22051451,-2.03862,-2.03862,-0.0352909,-1.60037,-7.24101
91.22156718,-2.11922,-2.11922,-0.111633,-1.67954,-7.23734
91.2225961,-2.198,-2.198,-0.186427,-1.75692,-7.23258
91.22380616,-2.2905,-2.2905,-0.274603,-1.84801,-7.22698
91.22539124,-2.41168,-2.41168,-0.390447,-1.96734,-7.21794
91.2281195,-2.61962,-2.61962,-0.590695,-2.17273,-7.19912
91.23357602,-3.03234,-3.03234,-0.99409,-2.58214,-7.14919
91.23775642,-3.34464,-3.34464,-1.30538,-2.89368,-7.09995
91.24105521,-3.58809,-3.58809,-1.55212,-3.13764,-7.05444
91.24278841,-3.71474,-3.71474,-1.68212,-3.26498,-7.02819
91.24501669,-3.87604,-3.87604,-1.84924,-3.4276,-6.99211
91.24667103,-3.99458,-3.99458,-1.97335,-3.54743,-6.96363
91.24960325,-4.20182,-4.20182,-2.19333,-3.75764,-6.90965
91.25546769,-4.60334,-4.60334,-2.63122,-4.16778,-6.78845
91.26292329,-5.08349,-5.08349,-3.18002,-4.66398,-6.60936
91.26390516,-5.14376,-5.14376,-3.25124,-4.72685,-6.58309
91.26586889,-5.26252,-5.26252,-3.39366,-4.85102,-6.53054
91.26737678,-5.35183,-5.35183,-3.50203,-4.94449,-6.48858
91.26784924,-5.37936,-5.37936,-3.53599,-4.97377,-6.47543
91.2683205,-5.40681,-5.40681,-3.56961,-5.00244,-6.46186
91.26909873,-5.45134,-5.45134,-3.62513,-5.04977,-6.43946
91.26991448,-5.49802,-5.49802,-3.68282,-5.09844,-6.41598
91.27089564,-5.55299,-5.55299,-3.75221,-5.15698,-6.38685
91.27125229,-5.57298,-5.57298,-3.77743,-5.17781,-6.37626
91.27161182,-5.59279,-5.59279,-3.80257,-5.19882,-6.36559
91.27222582,-5.62662,-5.62662,-3.84552,-5.23469,-6.34678
91.27301187,-5.66913,-5.66913,-3.9005,-5.27966,-6.32271
91.2738761,-5.71586,-5.71586,-3.96015,-5.32912,-6.29624
91.27541448,-5.79714,-5.79714,-4.06634,-5.4152,-6.24775
91.27849123,-5.95435,-5.95435,-4.27455,-5.58192,-6.14749
91.2839018,-6.21399,-6.21399,-4.62751,-5.8581,-5.96071
91.28808153,-6.40019,-6.40019,-4.8872,-6.05701,-5.80745
91.29058775,-6.50593,-6.50593,-5.03696,-6.17037,-5.71187
91.29270569,-6.59189,-6.59189,-5.15981,-6.26276,-5.62896
91.29469972,-6.66999,-6.66999,-5.27223,-6.34694,-5.54915
91.29623854,-6.7284,-6.7284,-5.35685,-6.41005,-5.48641
91.29931618,-6.8404,-6.8404,-5.5207,-6.53149,-5.35797
91.30547147,-7.04524,-7.04524,-5.82768,-6.75532,-5.08955
91.31544577,-7.32347,-7.32347,-6.26922,-7.06473,-4.62327
91.32657709,-7.55654,-7.55654,-6.68332,-7.33319,-4.05977
91.34005851,-7.73138,-7.73138,-7.07688,-7.55157,-3.32133
91.35726921,-7.7881,-7.7881,-7.41146,-7.6645,-2.29971
91.38762749,-7.45859,-7.45859,-7.5606,-7.4335,-0.328239
91.40506257,-7.03381,-7.03381,-7.40055,-7.06397,0.87986
91.412932,-6.78826,-6.78826,-7.2714,-6.84288,1.43753
91.41545326,-6.7027,-6.7027,-7.22268,-6.76509,1.61742
91.41711281,-6.64396,-6.64396,-7.188,-6.71209,1.73582
91.41871458,-6.58726,-6.58726,-7.15452,-6.65962,1.85011
91.42191813,-6.46878,-6.46878,-7.08203,-6.55086,2.07854
91.42832524,-6.21709,-6.21709,-6.92092,-6.3184,2.53274
91.44113944,-5.65758,-5.65758,-6.53652,-5.79649,3.41623
91.46676784,-4.33702,-4.33702,-5.53861,-4.54869,4.95039
91.475824,-3.81006,-3.81006,-5.11636,-4.04678,5.40426
91.48402469,-3.30847,-3.30847,-4.70505,-3.56761,5.77011
91.49389183,-2.67726,-2.67726,-4.17639,-2.963,6.15236
91.50386181,-2.0117,-2.0117,-3.60743,-2.32377,6.47534
91.51871265,-0.975894,-0.975894,-2.70176,-1.32575,6.84139
91.53446984,0.170928,0.170928,-1.67399,-0.216504,7.08257
91.54661649,1.08108,1.08108,-0.840922,0.667379,7.16716
91.55222866,1.50732,1.50732,-0.445228,1.08284,7.17687
91.55509208,1.72583,1.72583,-0.240955,1.29621,7.17476
91.5560122,1.79605,1.79605,-0.174991,1.36502,7.17283
91.55692724,1.86588,1.86588,-0.109245,1.43345,7.17092
91.55793088,1.94254,1.94254,-0.0369718,1.50851,7.16775
91.55882263,2.01065,2.01065,0.0273828,1.57537,7.16493
91.55979483,2.08491,2.08491,0.0976876,1.64826,7.16078
91.56081685,2.16297,2.16297,0.171754,1.72488,7.15643
91.56190246,2.24578,2.24578,0.250604,1.80627,7.15048
91.56311036,2.33791,2.33791,0.338542,1.89691,7.14386
91.56494655,2.4777,2.4777,0.472621,2.0347,7.13168
91.56825853,2.72892,2.72892,0.715604,2.28299,7.10493
91.57488249,3.22572,3.22572,1.20528,2.77665,7.03332
91.57780398,3.44185,3.44185,1.42258,2.99262,6.99412
91.58069423,3.65334,3.65334,1.63823,3.20447,6.95014
91.58155641,3.71583,3.71583,1.70256,3.26767,6.93702
91.582353,3.77357,3.77357,1.762,3.32556,6.9237
91.58341554,3.84972,3.84972,1.84135,3.40277,6.90593
91.58516687,3.97523,3.97523,1.97215,3.52914,6.87498
91.58811174,4.18274,4.18274,2.19208,3.73939,6.8193
91.59400149,4.58474,4.58474,2.62967,4.14952,6.69451
91.60360556,5.19312,5.19312,3.32952,4.7787,6.45354
91.60698638,5.39187,5.39187,3.57059,4.9869,6.35781
91.6091882,5.51662,5.51662,3.72565,5.1182,6.29191
91.61024377,5.57474,5.57474,3.79921,5.17953,6.26032
91.6110338,5.61823,5.61823,3.85426,5.22543,6.23577
91.61176818,5.65759,5.65759,3.90487,5.26701,6.21295
91.61289848,5.71816,5.71816,3.98275,5.33101,6.17679
91.61407597,5.77986,5.77986,4.06307,5.39626,6.13914
91.61643095,5.90006,5.90006,4.22162,5.52351,6.06125
91.6211409,6.12807,6.12807,4.52936,5.76548,5.89784
91.62539562,6.32015,6.32015,4.79531,5.97011,5.74161
91.62888832,6.46817,6.46817,5.0041,6.12842,5.60737
91.63041199,6.52954,6.52954,5.09232,6.19429,5.54681
91.63136583,6.56795,6.56795,5.14628,6.23553,5.5089
91.63227964,6.60324,6.60324,5.19798,6.27352,5.47165
91.63365644,6.65641,6.65641,5.27409,6.33077,5.41552
91.63510059,6.71033,6.71033,5.35232,6.38897,5.3555
91.63798887,6.81386,6.81386,5.504,6.50111,5.23285
91.64376545,7.00391,7.00391,5.78897,6.70849,4.97735
91.65373785,7.27917,7.27917,6.2259,7.01409,4.50555
91.66447644,7.50168,7.50168,6.62127,7.26987,3.95642
91.67836149,7.67788,7.67788,7.02046,7.48985,3.18846
91.69467441,7.72837,7.72837,7.33176,7.59246,2.2119
91.72598989,7.37892,7.37892,7.47148,7.34274,0.161946
91.7425198,6.96899,6.96899,7.31049,6.98443,-0.991887
91.7499602,6.73584,6.73584,7.18671,6.77414,-1.52203
91.75258847,6.64647,6.64647,7.13553,6.69278,-1.71033
91.75506329,6.5591,6.5591,7.08387,6.61291,-1.88762
91.75820033,6.44396,6.44396,7.01363,6.50722,-2.11236
91.76447441,6.19934,6.19934,6.85753,6.28132,-2.55913
91.77702257,5.65538,5.65538,6.48498,5.77407,-3.42887
91.8021189,4.37026,4.37026,5.51702,4.56038,-4.94722
91.81101491,3.85533,3.85533,5.1058,4.07024,-5.40107
91.81905479,3.36582,3.36582,4.70577,3.60294,-5.76803
91.82807392,2.79193,2.79193,4.22716,3.05369,-6.12988
91.83715051,2.19024,2.19024,3.71568,2.47642,-6.44166
91.85325461,1.07156,1.07156,2.74225,1.39966,-6.86876
91.87187922,-0.288362,-0.288362,1.52514,0.084981,-7.1665
91.88377454,-1.18575,-1.18575,0.703096,-0.786565,-7.24875
91.8891554,-1.59702,-1.59702,0.321013,-1.18752,-7.25874
91.89066254,-1.71278,-1.71278,0.212926,-1.30055,-7.25813
91.89157931,-1.78319,-1.78319,0.146968,-1.36931,-7.25776
91.89246873,-1.8515,-1.8515,0.0828334,-1.43621,-7.25631
91.89342853,-1.92522,-1.92522,0.0134713,-1.5084,-7.25474
91.89434071,-1.99528,-1.99528,-0.0525941,-1.57702,-7.25226
91.89541701,-2.07795,-2.07795,-0.130723,-1.65816,-7.24934
91.8964009,-2.15351,-2.15351,-0.202308,-1.73234,-7.24553
91.89751675,-2.23914,-2.23914,-0.283679,-1.81647,-7.24121
91.89878954,-2.33682,-2.33682,-0.376728,-1.91244,-7.23507
91.90083387,-2.4934,-2.4934,-0.526683,-2.06654,-7.22332
91.90465624,-2.78497,-2.78497,-0.808595,-2.35468,-7.19512
91.90959731,-3.1584,-3.1584,-1.1756,-2.72526,-7.14676
91.91235442,-3.36462,-3.36462,-1.38148,-2.93079,-7.11399
91.91577422,-3.61767,-3.61767,-1.63765,-3.18393,-7.06765
91.91768494,-3.75755,-3.75755,-1.7811,-3.32432,-7.03902
91.91898774,-3.8522,-3.8522,-1.87891,-3.41951,-7.01776
91.92083759,-3.98548,-3.98548,-2.01779,-3.55385,-6.98757
91.92420709,-4.22453,-4.22453,-2.27057,-3.79566,-6.92683
91.93094608,-4.68519,-4.68519,-2.77293,-4.2652,-6.78781
91.93620136,-5.02559,-5.02559,-3.15967,-4.61564,-6.66345
91.94060248,-5.29589,-5.29589,-3.47854,-4.89643,-6.54874
91.94246384,-5.40586,-5.40586,-3.61175,-5.01136,-6.49672
91.94389516,-5.48805,-5.48805,-3.71318,-5.09758,-6.45671
91.94476177,-5.53782,-5.53782,-3.77459,-5.14978,-6.43134
91.94610971,-5.61326,-5.61326,-3.86918,-5.22906,-6.39188
91.94758843,-5.69434,-5.69434,-3.97206,-5.31437,-6.34728
91.94874858,-5.75676,-5.75676,-4.05208,-5.38007,-6.31096
91.95100936,-5.87543,-5.87543,-4.20614,-5.50509,-6.24017
91.95480556,-6.06609,-6.06609,-4.45863,-5.7063,-6.11496
91.96239796,-6.41614,-6.41614,-4.93569,-6.07738,-5.84504
91.96535179,-6.54126,-6.54126,-5.11034,-6.21067,-5.7331
91.96709684,-6.6123,-6.6123,-5.21043,-6.28655,-5.66517
91.96876204,-6.67813,-6.67813,-5.30373,-6.35701,-5.59913
91.97069334,-6.7521,-6.7521,-5.40926,-6.43636,-5.52107
91.97325921,-6.84644,-6.84644,-5.5451,-6.53789,-5.41493
91.97839095,-7.02176,-7.02176,-5.80234,-6.72768,-5.19454
91.98865443,-7.3195,-7.3195,-6.26182,-7.05484,-4.72267
91.99879004,-7.54506,-7.54506,-6.64603,-7.31005,-4.21806
92.01375184,-7.75602,-7.75602,-7.09083,-7.56571,-3.40899
92.02908881,-7.82476,-7.82476,-7.39857,-7.68108,-2.50827
92.05976274,-7.53918,-7.53918,-7.58166,-7.48898,-0.536063
92.07892657,-7.08923,-7.08923,-7.41401,-7.09642,0.786183
92.08763126,-6.81898,-6.81898,-7.26851,-6.85179,1.40261
92.08999009,-6.73884,-6.73884,-7.22177,-6.77854,1.57104
92.09253284,-6.64928,-6.64928,-7.16796,-6.69636,1.75259
92.09501917,-6.55861,-6.55861,-7.11201,-6.61288,1.93011
92.09999181,-6.36829,-6.36829,-6.99034,-6.43681,2.28424
92.10993711,-5.95301,-5.95301,-6.709,-6.04957,2.98209
92.1298277,-4.9944,-4.9944,-6.00326,-5.14557,4.27786
92.1425754,-4.2966,-4.2966,-5.45613,-4.48202,5.00103
92.14872365,-3.9382,-3.9382,-5.16703,-4.13999,5.31412
92.154334,-3.59966,-3.59966,-4.88971,-3.81632,5.57769
92.16001994,-3.24606,-3.24606,-4.5961,-3.47772,5.82312
92.16757063,-2.76127,-2.76127,-4.18767,-3.01271,6.11602
92.18007419,-1.92403,-1.92403,-3.46823,-2.20767,6.52071
92.19321884,-1.00316,-1.00316,-2.65908,-1.31955,6.84068
92.21317411,0.457169,0.457169,-1.34281,0.0943525,7.1256
92.22485597,1.3382,1.3382,-0.529404,0.951849,7.18224
92.23008131,1.73643,1.73643,-0.156475,1.34105,7.18165
92.23191662,1.8767,1.8767,-0.0242653,1.47849,7.17712
92.2329955,1.95915,1.95915,0.0537258,1.55928,7.17445
92.23380459,2.02099,2.02099,0.112339,1.62002,7.17135
92.23483565,2.09979,2.09979,0.187182,1.69742,7.1674
92.23591358,2.18218,2.18218,0.2656,1.77834,7.162
92.2371318,2.27511,2.27511,0.35443,1.86979,7.15591
92.23884244,2.40562,2.40562,0.479525,1.99823,7.14541
92.24185154,2.63438,2.63438,0.700526,2.22415,7.12298
92.24786974,3.08773,3.08773,1.14567,2.67382,7.06309
92.25099205,3.32015,3.32015,1.37802,2.90548,7.02418
92.25490369,3.60777,3.60777,1.67006,3.19334,6.96798
92.25675162,3.74207,3.74207,1.80829,3.32822,6.93856
92.25815286,3.8431,3.8431,1.91311,3.4299,6.91505
92.26034321,3.9995,3.9995,2.07695,3.58767,6.87621
92.26452537,4.29222,4.29222,2.3891,3.88427,6.79509
92.27288969,4.84876,4.84876,3.00652,4.45358,6.60595
92.27914782,5.23516,5.23516,3.4587,4.85384,6.44147
92.28187956,5.39492,5.39492,3.6527,5.02071,6.3636
92.2837859,5.50296,5.50296,3.78625,5.13398,6.3067
92.28467881,5.55227,5.55227,3.84881,5.18578,6.28005
92.28552513,5.59901,5.59901,3.90735,5.23488,6.25388
92.28630545,5.64102,5.64102,3.96133,5.27905,6.22976
92.28730559,5.69485,5.69485,4.02959,5.33566,6.1979
92.28869858,5.7681,5.7681,4.12467,5.41276,6.15351
92.29148458,5.91014,5.91014,4.31114,5.56243,6.06137
92.29665777,6.15859,6.15859,4.64529,5.82495,5.88082
92.30064457,6.3368,6.3368,4.89082,6.01397,5.73344
92.3032604,6.44757,6.44757,5.0457,6.13183,5.63291
92.305413,6.5351,6.5351,5.16922,6.22522,5.54792
92.30744252,6.61468,6.61468,5.2823,6.31033,5.46597
92.30911621,6.67817,6.67817,5.37311,6.37839,5.39706
92.31245812,6.79918,6.79918,5.54804,6.50858,5.25596
92.31914194,7.01843,7.01843,5.87342,6.74634,4.96007
92.32936298,7.29562,7.29562,6.31079,7.0523,4.47386
92.34074712,7.52278,7.52278,6.71527,7.31215,3.88717
92.35443085,7.68419,7.68419,7.08935,7.51361,3.12425
92.37266558,7.71536,7.71536,7.40231,7.5989,2.02164
92.40355919,7.31706,7.31706,7.46901,7.29188,-0.0199634
92.41988016,6.88889,6.88889,7.27715,6.91096,-1.16329
92.42735228,6.64489,6.64489,7.1386,6.68824,-1.69569
92.43004873,6.54967,6.54967,7.08096,6.60063,-1.88849
92.43255521,6.45786,6.45786,7.02383,6.51586,-2.06771
92.43756817,6.26504,6.26504,6.89958,6.33702,-2.4247
92.44759409,5.84395,5.84395,6.61219,5.94345,-3.12625
92.46764593,4.87089,4.87089,5.89122,5.02412,-4.41808
92.47599518,4.41688,4.41688,5.5358,4.59208,-4.89683
92.48055974,4.15722,4.15722,5.32835,4.34437,-5.14031
92.48490732,3.90281,3.90281,5.12252,4.10132,-5.35893
92.48816375,3.7079,3.7079,4.96323,3.91489,-5.51406
92.49179417,3.48636,3.48636,4.78062,3.70279,-5.67843
92.49905503,3.0306,3.0306,4.40015,3.26585,-5.98087
92.50796664,2.4496,2.4496,3.90674,2.70771,-6.30556
92.52161613,1.51854,1.51854,3.09909,1.81088,-6.70632
92.54251377,0.0145402,0.0145402,1.75719,0.356366,-7.09989
92.55898514,-1.22089,-1.22089,0.623019,-0.845147,-7.22711
92.56553985,-1.72104,-1.72104,0.155041,-1.3341,-7.2336
92.56779534,-1.89393,-1.89393,-0.0079807,-1.50358,-7.22951
92.56868236,-1.96192,-1.96192,-0.0723514,-1.57023,-7.22791
92.56948176,-2.0232,-2.0232,-0.130478,-1.63047,-7.22533
92.57051132,-2.10212,-2.10212,-0.205494,-1.70806,-7.22201
92.57167426,-2.19126,-2.19126,-0.29043,-1.79569,-7.21685
92.57300004,-2.29271,-2.29271,-0.387512,-1.8956,-7.21096
92.57506534,-2.45075,-2.45075,-0.539262,-2.05122,-7.19916
92.57896707,-2.74794,-2.74794,-0.827528,-2.3452,-7.17042
92.58373617,-3.108,-3.108,-1.18234,-2.70279,-7.12393
92.58644415,-3.31047,-3.31047,-1.38484,-2.90466,-7.09202
92.58979749,-3.55864,-3.55864,-1.63637,-3.15296,-7.04703
92.59172095,-3.69953,-3.69953,-1.78098,-3.29436,-7.0185
92.59301431,-3.79357,-3.79357,-1.87821,-3.3886,-6.99761
92.59481047,-3.92314,-3.92314,-2.01325,-3.51948,-6.96859
92.5980585,-4.15408,-4.15408,-2.25727,-3.75294,-6.91073
92.60455456,-4.6003,-4.6003,-2.74251,-4.20717,-6.77871
92.60997301,-4.95374,-4.95374,-3.14225,-4.5703,-6.65226
92.61448009,-5.23259,-5.23259,-3.46958,-4.85926,-6.53595
92.61651637,-5.35367,-5.35367,-3.6156,-4.9855,-6.47956
92.61767995,-5.42089,-5.42089,-3.6982,-5.05585,-6.44733
92.61878119,-5.4845,-5.4845,-3.77638,-5.12244,-6.41532
92.62016003,-5.56213,-5.56213,-3.87331,-5.20387,-6.37525
92.62143877,-5.63276,-5.63276,-3.96249,-5.27803,-6.33669
92.62225333,-5.67665,-5.67665,-4.01865,-5.32414,-6.31213
92.62362621,-5.75061,-5.75061,-4.11332,-5.40186,-6.26961
92.62637198,-5.89335,-5.89335,-4.29926,-5.55204,-6.18194
92.6310758,-6.12489,-6.12489,-4.6078,-5.79622,-6.0237
92.63487538,-6.30021,-6.30021,-4.84672,-5.98171,-5.88859
92.63804559,-6.43864,-6.43864,-5.03825,-6.12864,-5.77095
92.64029547,-6.53261,-6.53261,-5.16959,-6.22864,-5.68478
92.64252346,-6.62221,-6.62221,-5.29571,-6.32424,-5.5973
92.64381334,-6.67253,-6.67253,-5.36694,-6.37803,-5.54569
92.64639309,-6.76975,-6.76975,-5.50558,-6.48224,-5.44036
92.65155259,-6.95067,-6.95067,-5.76814,-6.67721,-5.22147
92.66187159,-7.25897,-7.25897,-6.2373,-7.01404,-4.75211
92.67196477,-7.49225,-7.49225,-6.6266,-7.27578,-4.25429
92.68670427,-7.71388,-7.71388,-7.07551,-7.53979,-3.46428
92.70110957,-7.79687,-7.79687,-7.37991,-7.6649,-2.62678
92.72992015,-7.58681,-7.58681,-7.60484,-7.53932,-0.796202
92.75301954,-7.07708,-7.07708,-7.43048,-7.09599,0.785252
92.76247534,-6.78462,-6.78462,-7.27088,-6.83013,1.45287
92.76503717,-6.69724,-6.69724,-7.21899,-6.74989,1.63527
92.76815105,-6.58654,-6.58654,-7.1511,-6.64782,1.85697
92.77133349,-6.46847,-6.46847,-7.07639,-6.53851,2.08342
92.77769837,-6.21783,-6.21783,-6.91111,-6.30519,2.53362
92.79042812,-5.66118,-5.66118,-6.51943,-5.78247,3.40933
92.81588763,-4.34889,-4.34889,-5.51107,-4.53621,4.93165
92.82491425,-3.82381,-3.82381,-5.08491,-4.03407,5.38403
92.83307105,-3.32511,-3.32511,-4.6713,-3.55595,5.74812
92.84233668,-2.73339,-2.73339,-4.171,-2.98738,6.10921
92.85164755,-2.11423,-2.11423,-3.63785,-2.39113,6.41667
92.86786222,-0.985897,-0.985897,-2.64452,-1.30142,6.82293
92.88680564,0.396761,0.396761,-1.39422,0.0392309,7.09499
92.89831584,1.26266,1.26266,-0.593459,0.882638,7.15585
92.90347378,1.65507,1.65507,-0.225668,1.26628,7.1579
92.90517663,1.78508,1.78508,-0.10312,1.39367,7.15457
92.90642972,1.88076,1.88076,-0.0126166,1.48742,7.15212
92.90740026,1.95486,1.95486,0.0576598,1.56021,7.14887
92.90835585,2.02782,2.02782,0.127,1.63189,7.14567
92.90936758,2.10506,2.10506,0.200569,1.70777,7.14113
92.91044119,2.18703,2.18703,0.278807,1.7884,7.13631
92.91164484,2.27876,2.27876,0.366723,1.87879,7.1292
92.91337208,2.4104,2.4104,0.493242,2.00851,7.11901
92.91641197,2.64125,2.64125,0.716877,2.23665,7.09599
92.92249174,3.0987,3.0987,1.16731,2.69078,7.03465
92.92552837,3.32448,3.32448,1.39364,2.91601,6.99643
92.92934655,3.605,3.605,1.6791,3.19694,6.9413
92.93119665,3.73937,3.73937,1.81766,3.33197,6.91176
92.93264491,3.84372,3.84372,1.92613,3.43704,6.88738
92.93492795,4.00655,4.00655,2.09712,3.60141,6.84669
92.93936444,4.31634,4.31634,2.42854,3.91555,6.75985
92.94823742,4.90282,4.90282,3.08303,4.51627,6.55604
92.95436034,5.27699,5.27699,3.52435,4.90449,6.39244
92.95706018,5.43325,5.43325,3.7155,5.06789,6.31445
92.9588,5.53094,5.53094,3.83703,5.17036,6.26194
92.95968191,5.57926,5.57926,3.89862,5.22111,6.23533
92.9605154,5.62492,5.62492,3.95604,5.26909,6.20926
92.96166075,5.68581,5.68581,4.03494,5.3337,6.17344
92.96288074,5.75068,5.75068,4.11807,5.40137,6.13437
92.96518251,5.86891,5.86891,4.27283,5.5259,6.05875
92.96978604,6.09347,6.09347,4.57326,5.76297,5.90021
92.97372382,6.27325,6.27325,4.81952,5.95341,5.75699
92.97698583,6.41377,6.41377,5.0152,6.10276,5.63312
92.97931373,6.50945,6.50945,5.14994,6.20476,5.54186
92.98127658,6.58719,6.58719,5.2602,6.28783,5.46309
92.98248436,6.63369,6.63369,5.32653,6.33763,5.41381
92.98477944,6.7193,6.7193,5.44944,6.42951,5.31846
92.9893696,6.87971,6.87971,5.68344,6.60254,5.12121
92.99854993,7.15778,7.15778,6.10636,6.90617,4.70147
93.00893489,7.40444,7.40444,6.51521,7.18228,4.1881
93.0223076,7.61768,7.61768,6.93653,7.43418,3.47128
93.0363107,7.71766,7.71766,7.25374,7.57533,2.65959
93.06431689,7.55725,7.55725,7.52097,7.49768,0.883775
93.08989836,7.01624,7.01624,7.35558,7.0309,-0.870271
93.09946821,6.7211,6.7211,7.19623,6.76296,-1.54876
93.10283086,6.60582,6.60582,7.12795,6.65714,-1.78893
93.10556218,6.50793,6.50793,7.06792,6.56689,-1.98401
93.10839811,6.40236,6.40236,7.00134,6.46921,-2.18634
93.11406997,6.17956,6.17956,6.85546,6.26202,-2.58868
93.1254137,5.68921,5.68921,6.51445,5.80239,-3.37382
93.14810116,4.54557,4.54557,5.64913,4.71869,-4.77369
93.15552348,4.12658,4.12658,5.31499,4.31898,-5.17072
93.16272155,3.70097,3.70097,4.96851,3.91197,-5.52168
93.16738804,3.41546,3.41546,4.73258,3.63846,-5.73079
93.17259018,3.08882,3.08882,4.45957,3.32516,-5.94693
93.18194727,2.48083,2.48083,3.94344,2.74092,-6.29176
93.19117349,1.85758,1.85758,3.40485,2.14071,-6.57765
93.20707589,0.735959,0.735959,2.41464,1.05741,-6.9474
93.22362048,-0.482729,-0.482729,1.31192,-0.124073,-7.17042
93.23525711,-1.36316,-1.36316,0.497952,-0.981757,-7.23054
93.24020159,-1.74126,-1.74126,0.143476,-1.35158,-7.23224
93.24197582,-1.87734,-1.87734,0.015124,-1.485,-7.22892
93.24296631,-1.95331,-1.95331,-0.0567767,-1.55948,-7.22706
93.24380444,-2.0176,-2.0176,-0.117747,-1.62267,-7.22439
93.24482336,-2.09575,-2.09575,-0.192023,-1.69949,-7.22114
93.24591932,-2.17981,-2.17981,-0.272099,-1.78212,-7.21636
93.24713936,-2.27325,-2.27325,-0.361459,-1.8741,-7.21104
93.24892019,-2.40963,-2.40963,-0.49229,-2.00842,-7.20123
93.25209449,-2.6519,-2.6519,-0.726595,-2.24783,-7.17938
93.25844311,-3.13182,-3.13182,-1.19881,-2.72427,-7.11907
93.26133925,-3.34817,-3.34817,-1.41559,-2.9401,-7.08426
93.26504644,-3.62197,-3.62197,-1.69405,-3.21427,-7.03311
93.26587033,-3.68214,-3.68214,-1.75594,-3.27472,-7.02052
93.26690057,-3.75738,-3.75738,-1.83344,-3.35032,-7.00478
93.26850936,-3.87389,-3.87389,-1.95447,-3.46763,-6.97872
93.27114138,-4.06231,-4.06231,-2.15249,-3.65787,-6.93317
93.27640543,-4.42957,-4.42957,-2.54714,-4.03072,-6.83129
93.28693353,-5.11426,-5.11426,-3.32227,-4.73428,-6.58562
93.29099121,-5.35807,-5.35807,-3.61406,-4.98803,-6.47624
93.29336556,-5.49502,-5.49502,-3.78243,-5.1313,-6.40851
93.29545444,-5.61188,-5.61188,-3.92885,-5.25385,-6.34668
93.29746961,-5.72135,-5.72135,-4.06833,-5.36881,-6.28508
93.29893647,-5.79906,-5.79906,-4.16864,-5.45048,-6.23903
93.3018702,-5.94958,-5.94958,-4.36589,-5.60889,-6.14395
93.30773766,-6.23166,-6.23166,-4.74482,-5.90665,-5.94203
93.31203981,-6.4228,-6.4228,-5.00783,-6.10927,-5.7842
93.31398865,-6.50508,-6.50508,-5.12252,-6.19676,-5.70952
93.31515142,-6.55246,-6.55246,-5.18905,-6.24726,-5.66497
93.31625769,-6.59754,-6.59754,-5.25235,-6.29531,-5.6212
93.31777873,-6.65754,-6.65754,-5.33711,-6.35939,-5.56104
93.31952318,-6.7244,-6.7244,-5.43211,-6.43095,-5.49042
93.32301208,-6.85191,-6.85191,-5.61526,-6.5679,-5.34537
93.32998988,-7.08228,-7.08228,-5.95527,-6.81736,-5.04046
93.3417758,-7.3977,-7.3977,-6.45365,-7.16561,-4.48285
93.35259293,-7.60674,-7.60674,-6.82975,-7.40542,-3.92671
93.3678369,-7.77335,-7.77335,-7.23137,-7.61622,-3.07771
93.39089801,-7.75108,-7.75108,-7.56134,-7.66166,-1.6696
93.41439484,-7.40594,-7.40594,-7.56589,-7.3851,-0.111946
93.43075708,-6.98373,-6.98373,-7.37889,-7.00969,1.02647
93.43746779,-6.76905,-6.76905,-7.25829,-6.81388,1.50207
93.43991401,-6.68495,-6.68495,-7.2081,-6.73661,1.67622
93.4422236,-6.60279,-6.60279,-7.15774,-6.66085,1.84065
93.44531477,-6.48871,-6.48871,-7.08589,-6.5553,2.06071
93.45149712,-6.24682,-6.24682,-6.9272,-6.33028,2.49831
93.46386181,-5.71053,-5.71053,-6.55196,-5.82709,3.35125
93.4885912,-4.44859,-4.44859,-5.5878,-4.62957,4.84954
93.48970831,-4.38506,-4.38506,-5.53686,-4.56889,4.91005
93.49194252,-4.25802,-4.25802,-5.43498,-4.44755,5.02882
93.49400242,-4.13911,-4.13911,-5.33897,-4.3339,5.13526
93.49575033,-4.03705,-4.03705,-5.25616,-4.2363,5.22311
93.49735253,-3.94258,-3.94258,-5.17915,-4.14591,5.30166
93.50055693,-3.75102,-3.75102,-5.02205,-3.9625,5.45323
93.50696574,-3.35785,-3.35785,-4.69582,-3.5856,5.73508
93.51709815,-2.71068,-2.71068,-4.14898,-2.96393,6.12521
93.5283758,-1.95682,-1.95682,-3.49855,-2.23798,6.48214
93.54281457,-0.947068,-0.947068,-2.60792,-1.26278,6.82363
93.5608291,0.368849,0.368849,-1.41833,0.0127902,7.0725
93.57299365,1.28384,1.28384,-0.57244,0.903868,7.13162
93.57818046,1.67847,1.67847,-0.202435,1.28971,7.13051
93.57995971,1.8143,1.8143,-0.0743263,1.42284,7.12654
93.58140043,1.92428,1.92428,0.0298091,1.53064,7.12167
93.58221794,1.98669,1.98669,0.0890505,1.59197,7.1189
93.58327242,2.06719,2.06719,0.165621,1.67109,7.11405
93.58426183,2.14273,2.14273,0.237621,1.74532,7.1095
93.58542976,2.23178,2.23178,0.3228,1.83295,7.10261
93.58682257,2.33797,2.33797,0.424639,1.93752,7.09439
93.58911159,2.51209,2.51209,0.592587,2.10937,7.07779
93.59360721,2.85219,2.85219,0.924347,2.44614,7.03673
93.59760324,3.15165,3.15165,1.2211,2.74394,6.99093
93.60044317,3.36239,3.36239,1.43287,2.9543,6.9531
93.6036823,3.60014,3.60014,1.67511,3.19246,6.90466
93.60462738,3.66877,3.66877,1.7458,3.26143,6.88922
93.60562588,3.74128,3.74128,1.82056,3.33429,6.8729
93.6070659,3.845,3.845,1.9284,3.43872,6.84808
93.60931435,4.00532,4.00532,2.09676,3.60056,6.80715
93.61372456,4.31324,4.31324,2.42616,3.91281,6.71925
93.62254499,4.89643,4.89643,3.07676,4.51012,6.51379
93.62867442,5.27126,5.27126,3.51862,4.899,6.34821
93.63137503,5.42768,5.42768,3.70988,5.06256,6.26941
93.6331214,5.52581,5.52581,3.83189,5.16549,6.21621
93.63399692,5.57381,5.57381,3.89306,5.21592,6.18954
93.63482248,5.61907,5.61907,3.94997,5.26348,6.16351
93.6358897,5.67593,5.67593,4.02353,5.32329,6.12986
93.63703157,5.73677,5.73677,4.10144,5.38728,6.09247
93.63919868,5.84855,5.84855,4.24748,5.50501,6.0215
93.6435329,6.06153,6.06153,4.53163,5.72979,5.87195
93.65076239,6.38644,6.38644,4.97775,6.07432,5.60381
93.6532977,6.49153,6.49153,5.12532,6.18629,5.50432
93.65497976,6.55875,6.55875,5.22052,6.25809,5.43677
93.65659243,6.62136,6.62136,5.3097,6.32509,5.37088
93.6582328,6.6832,6.6832,5.39835,6.39141,5.30273
93.6612513,6.79217,6.79217,5.55611,6.50867,5.1744
93.66728829,6.99154,6.99154,5.85163,6.72474,4.90664
93.67725781,7.26713,7.26713,6.28389,7.02833,4.43347
93.68816621,7.49306,7.49306,6.68004,7.28549,3.87401
93.70228973,7.67039,7.67039,7.07715,7.50401,3.09036
93.71935225,7.7159,7.7159,7.38669,7.59999,2.06464
93.7509286,7.34202,7.34202,7.48895,7.31913,-0.00960881
93.76683023,6.9391,6.9391,7.3168,6.96214,-1.11918
93.77417777,6.70651,6.70651,7.18825,6.75043,-1.64098
93.7768183,6.61597,6.61597,7.13465,6.66734,-1.82928
93.77927437,6.52857,6.52857,7.08136,6.58682,-2.00443
93.78418651,6.34482,6.34482,6.9651,6.41676,-2.35362
93.79401079,5.94289,5.94289,6.69488,6.04177,-3.04119
93.81365935,5.01144,5.01144,6.01232,5.16292,-4.31596
93.82415844,4.44811,4.44811,5.57345,4.62717,-4.91789
93.82925138,4.1593,4.1593,5.34276,4.35164,-5.18567
93.83412116,3.87425,3.87425,5.11182,4.07926,-5.42529
93.83807026,3.63698,3.63698,4.91736,3.85225,-5.60769
93.84252405,3.36312,3.36312,4.69059,3.58993,-5.80077
93.85143161,2.79677,2.79677,4.21448,3.04649,-6.14808
93.86177733,2.1102,2.1102,3.62595,2.38614,-6.48818
93.87684939,1.06181,1.06181,2.70669,1.37477,-6.86514
93.89972995,-0.614139,-0.614139,1.19309,-0.249425,-7.17659
93.91091065,-1.46049,-1.46049,0.408111,-1.0748,-7.21663
93.91647842,-1.88591,-1.88591,0.00753312,-1.49158,-7.20962
93.91843377,-2.03565,-2.03565,-0.134542,-1.63874,-7.20256
93.91912891,-2.08888,-2.08888,-0.185214,-1.69106,-7.20005
93.92004516,-2.15904,-2.15904,-0.252124,-1.76002,-7.1955
93.92128968,-2.25434,-2.25434,-0.343216,-1.8538,-7.18933
93.92319277,-2.39984,-2.39984,-0.482959,-1.99721,-7.17772
93.92647482,-2.64998,-2.64998,-0.725151,-2.24454,-7.153
93.93303894,-3.14524,-3.14524,-1.21337,-2.73654,-7.0859
93.93591348,-3.35947,-3.35947,-1.42855,-2.95044,-7.04916
93.93956122,-3.62822,-3.62822,-1.70252,-3.21979,-6.99617
93.94038079,-3.68793,-3.68793,-1.76407,-3.27983,-6.98306
93.94144076,-3.76514,-3.76514,-1.84379,-3.35748,-6.9661
93.94317655,-3.89046,-3.89046,-1.97434,-3.4838,-6.93669
93.94607062,-4.09672,-4.09672,-2.19201,-3.69233,-6.88416
93.95185875,-4.49729,-4.49729,-2.62538,-4.09981,-6.76619
93.96343503,-5.23513,-5.23513,-3.47259,-4.8608,-6.48013
93.96719578,-5.45484,-5.45484,-3.74041,-5.09025,-6.37304
93.96949743,-5.58407,-5.58407,-3.90194,-5.22571,-6.30414
93.97139905,-5.68776,-5.68776,-4.03376,-5.33459,-6.24532
93.97322184,-5.78453,-5.78453,-4.15857,-5.43633,-6.18735
93.97494572,-5.87371,-5.87371,-4.27508,-5.5302,-6.13111
93.9783935,-6.04544,-6.04544,-4.50313,-5.71125,-6.01455
93.98528906,-6.36315,-6.36315,-4.93594,-6.04755,-5.76552
93.98801496,-6.47941,-6.47941,-5.09775,-6.17118,-5.66129
93.98960027,-6.54464,-6.54464,-5.18927,-6.2407,-5.59869
93.99109582,-6.60458,-6.60458,-5.27381,-6.30469,-5.53963
93.99286524,-6.67351,-6.67351,-5.37159,-6.37843,-5.46793
93.99475586,-6.74479,-6.74479,-5.4734,-6.45487,-5.38988
93.9985371,-6.88009,-6.88009,-5.66905,-6.60052,-5.22936
94.00609958,-7.12183,-7.12183,-6.0298,-6.86321,-4.89122
94.01780659,-7.42109,-7.42109,-6.51134,-7.19551,-4.32509
94.02922661,-7.62646,-7.62646,-6.89374,-7.43377,-3.72604
94.04498186,-7.77256,-7.77256,-7.28345,-7.62606,-2.83132
94.06943185,-7.69676,-7.69676,-7.58108,-7.62262,-1.31142
94.09543253,-7.23603,-7.23603,-7.50447,-7.23786,0.439502
94.10727381,-6.90216,-6.90216,-7.33957,-6.93788,1.27023
94.11434792,-6.66746,-6.66746,-7.20357,-6.72312,1.77155
94.11674391,-6.58215,-6.58215,-7.15127,-6.64449,1.94166
94.11893189,-6.50174,-6.50174,-7.10082,-6.57017,2.097
94.12330785,-6.334,-6.334,-6.99236,-6.4145,2.40643
94.13205977,-5.97166,-5.97166,-6.74596,-6.07598,3.01619
94.14956361,-5.14675,-5.14675,-6.14138,-5.29759,4.15941
94.16181065,-4.49531,-4.49531,-5.63421,-4.67805,4.86819
94.16717883,-4.19149,-4.19149,-5.39094,-4.38808,5.15021
94.17232954,-3.8902,-3.8902,-5.14611,-4.10005,5.40239
94.17602165,-3.6686,-3.6686,-4.96396,-3.88793,5.57187
94.18014122,-3.41603,-3.41603,-4.7544,-3.64591,5.74999
94.18838036,-2.89515,-2.89515,-4.31617,-3.146,6.07255
94.19810489,-2.25533,-2.25533,-3.76798,-2.5306,6.39705
94.20908965,-1.50327,-1.50327,-3.11141,-1.8055,6.69212
94.22753431,-0.182959,-0.182959,-1.93123,-0.528237,7.02144
94.24705141,1.26996,1.26996,-0.593758,0.886058,7.14934
94.25399121,1.79594,1.79594,-0.0986219,1.4013,7.14104
94.25657929,1.9928,1.9928,0.0883832,1.59477,7.13018
94.25744365,2.05854,2.05854,0.151102,1.65939,7.12655
94.25842456,2.13315,2.13315,0.222422,1.73287,7.12091
94.25945665,2.21165,2.21165,0.29762,1.81019,7.11498
94.26106218,2.33344,2.33344,0.414909,1.93047,7.10412
94.26367628,2.53172,2.53172,0.606639,2.12631,7.08337
94.26890448,2.92522,2.92522,0.992617,2.51678,7.03056
94.27300187,3.23012,3.23012,1.29712,2.82086,6.97873
94.27660273,3.49484,3.49484,1.56586,3.08602,6.9257
94.27832689,3.62032,3.62032,1.69488,3.21212,6.89784
94.28055912,3.78132,3.78132,1.86193,3.37431,6.85944
94.28221385,3.89948,3.89948,1.98575,3.49365,6.82927
94.28514639,4.10611,4.10611,2.20508,3.703,6.77231
94.29101147,4.50682,4.50682,2.64162,4.1116,6.64513
94.30274162,5.24195,5.24195,3.49356,4.87213,6.33933
94.30652657,5.45856,5.45856,3.76059,5.09908,6.22625
94.30883809,5.58553,5.58553,3.92118,5.23261,6.15381
94.31105221,5.70327,5.70327,4.07287,5.35667,6.08205
94.31301545,5.80452,5.80452,4.20542,5.4635,6.01651
94.31513662,5.91062,5.91062,4.34637,5.57561,5.9437
94.31937896,6.11283,6.11283,4.62029,5.78979,5.79197
94.32491211,6.35708,6.35708,4.95925,6.04962,5.58208
94.32732431,6.45675,6.45675,5.10004,6.15608,5.48638
94.32870309,6.51125,6.51125,5.1785,6.2151,5.43016
94.33001897,6.56327,6.56327,5.25199,6.27021,5.37651
94.33187414,6.63368,6.63368,5.35328,6.34588,5.29909
94.33371959,6.70139,6.70139,5.45141,6.41882,5.22065
94.3374105,6.82983,6.82983,5.63999,6.55778,5.05958
94.34479231,7.05909,7.05909,5.98782,6.80826,4.72118
94.35579544,7.33326,7.33326,6.43671,7.11455,4.17855
94.36737066,7.53566,7.53566,6.82186,7.35131,3.56151
94.38237545,7.66954,7.66954,7.19173,7.53039,2.69793
94.40758543,7.58138,7.58138,7.49447,7.51859,1.11206
94.43163798,7.1514,7.1514,7.42515,7.16034,-0.523572
94.44248477,6.85169,6.85169,7.28291,6.89233,-1.28981
94.4533294,6.49037,6.49037,7.0748,6.56208,-2.0614
94.4562497,6.38277,6.38277,7.00768,6.46273,-2.26918
94.45914325,6.272,6.272,6.93666,6.36008,-2.47452
94.46493034,6.03847,6.03847,6.7815,6.14266,-2.88153
94.47650451,5.52562,5.52562,6.42043,5.66146,-3.66924
94.48822258,4.94758,4.94758,5.98884,5.11483,-4.41136
94.49770674,4.43899,4.43899,5.59312,4.63133,-4.95548
94.50163751,4.21793,4.21793,5.41731,4.42061,-5.16414
94.50540723,4.00057,4.00057,5.24245,4.21314,-5.35414
94.50857205,3.81418,3.81418,5.09105,4.03503,-5.50596
94.51213066,3.60047,3.60047,4.91593,3.83062,-5.66841
94.51924787,3.16063,3.16063,4.55076,3.40928,-5.96794
94.52862698,2.55731,2.55731,4.04063,2.83009,-6.3126
94.54269622,1.60729,1.60729,3.21871,1.91536,-6.72607
94.55744494,0.56151,0.56151,2.2915,0.904953,-7.02909
94.57430999,-0.683573,-0.683573,1.16072,-0.302729,-7.21603
94.58367936,-1.39241,-1.39241,0.503842,-0.99349,-7.24763
94.58831258,-1.74593,-1.74593,0.172253,-1.33925,-7.24447
94.5899134,-1.86841,-1.86841,0.0567187,-1.45933,-7.23998
94.59109107,-1.95852,-1.95852,-0.0285693,-1.54767,-7.23667
94.59191722,-2.02173,-2.02173,-0.0885401,-1.60978,-7.23327
94.59294393,-2.10029,-2.10029,-0.163227,-1.68698,-7.22905
94.59399583,-2.18077,-2.18077,-0.239921,-1.76607,-7.22351
94.59520052,-2.27281,-2.27281,-0.327967,-1.85673,-7.21716
94.59682963,-2.39728,-2.39728,-0.447381,-1.97934,-7.20681
94.59965085,-2.61219,-2.61219,-0.655071,-2.19166,-7.18541
94.60529329,-3.03865,-3.03865,-1.07345,-2.61476,-7.1295
94.60907773,-3.32132,-3.32132,-1.35598,-2.89663,-7.08232
94.61259467,-3.58089,-3.58089,-1.61958,-3.15657,-7.03157
94.61439216,-3.71219,-3.71219,-1.75463,-3.28849,-7.00309
94.61724362,-3.91818,-3.91818,-1.96887,-3.49606,-6.95441
94.61997053,-4.11215,-4.11215,-2.17376,-3.69228,-6.9039
94.62542434,-4.48952,-4.48952,-2.58195,-4.07627,-6.79141
94.63633196,-5.18896,-5.18896,-3.38218,-4.79754,-6.52185
94.6399639,-5.40368,-5.40368,-3.64228,-5.02187,-6.41909
94.64252431,-5.54907,-5.54907,-3.82306,-5.17444,-6.34283
94.64375737,-5.61672,-5.61672,-3.90895,-5.24616,-6.30465
94.64491139,-5.68003,-5.68003,-3.98934,-5.31221,-6.26892
94.64643638,-5.76137,-5.76137,-4.09424,-5.39788,-6.21973
94.64804739,-5.84536,-5.84536,-4.20383,-5.48642,-6.16777
94.65126943,-6.00749,-6.00749,-4.41884,-5.65761,-6.05915
94.6577135,-6.30914,-6.30914,-4.82938,-5.97726,-5.82791
94.66145489,-6.4707,-6.4707,-5.05452,-6.14927,-5.68525
94.66321166,-6.54316,-6.54316,-5.15665,-6.22665,-5.61617
94.66490676,-6.61106,-6.61106,-5.25292,-6.2993,-5.5477
94.66643942,-6.67075,-6.67075,-5.33804,-6.3633,-5.4858
94.6680633,-6.73224,-6.73224,-5.42624,-6.42936,-5.41856
94.67118839,-6.84553,-6.84553,-5.5904,-6.55149,-5.28609
94.67687231,-7.0347,-7.0347,-5.87085,-6.75687,-5.03507
94.68691629,-7.31624,-7.31624,-6.31175,-7.06749,-4.56101
94.69751597,-7.54121,-7.54121,-6.70383,-7.32371,-4.02081
94.71223033,-7.73297,-7.73297,-7.12703,-7.55971,-3.20891
94.72913401,-7.78482,-7.78482,-7.44334,-7.66311,-2.19732
94.76202165,-7.40124,-7.40124,-7.56077,-7.37934,-0.044487
94.77843001,-6.98205,-6.98205,-7.38169,-7.0089,1.09788
94.78597574,-6.7407,-6.7407,-7.24794,-6.78959,1.63252
94.78868609,-6.64676,-6.64676,-7.19217,-6.7035,1.8253
94.79120984,-6.55598,-6.55598,-7.13666,-6.61999,2.00481
94.79625735,-6.36511,-6.36511,-7.01553,-6.44354,2.36249
94.80635238,-5.9476,-5.9476,-6.73397,-6.05441,3.06576
94.82654242,-4.98049,-4.98049,-6.02301,-5.1426,4.36197
94.8354114,-4.50295,-4.50295,-5.65093,-4.68885,4.86747
94.84016031,-4.23477,-4.23477,-5.43736,-4.43334,5.11815
94.84468616,-3.97158,-3.97158,-5.22493,-4.18218,5.34258
94.84799426,-3.7747,-3.7747,-5.06433,-3.99405,5.49757
94.85160904,-3.55536,-3.55536,-4.88386,-3.78428,5.65828
94.85883861,-3.10427,-3.10427,-4.50789,-3.35221,5.95346
94.86713087,-2.56772,-2.56772,-4.05315,-2.83726,6.25016
94.88185788,-1.57017,-1.57017,-3.18888,-1.87712,6.6702
94.89928345,-0.327945,-0.327945,-2.08346,-0.676915,6.99497
94.91754824,1.02807,1.02807,-0.843774,0.639571,7.14047
94.92502903,1.59498,1.59498,-0.314767,1.1929,7.14345
94.92869436,1.87431,1.87431,-0.0515837,1.46627,7.13309
94.93002959,1.97606,1.97606,0.0448944,1.56621,7.1271
94.93084133,2.03792,2.03792,0.103693,1.62697,7.12345
94.93181581,2.11219,2.11219,0.174418,1.69992,7.11792
94.93290959,2.19554,2.19554,0.253975,1.78191,7.1117
94.93415251,2.29012,2.29012,0.344596,1.87508,7.10286
94.93596865,2.42831,2.42831,0.477406,2.01121,7.08993
94.93919714,2.67302,2.67302,0.714586,2.25303,7.06132
94.94565411,3.15733,3.15733,1.19249,2.73408,6.98697
94.94860839,3.37608,3.37608,1.41249,2.95248,6.9454
94.95153895,3.59078,3.59078,1.63142,3.16736,6.89887
94.95239665,3.65304,3.65304,1.69549,3.23025,6.88526
94.95321233,3.71224,3.71224,1.75643,3.28955,6.87108
94.95424405,3.78635,3.78635,1.83359,3.36456,6.85315
94.95587708,3.90364,3.90364,1.95573,3.48251,6.82329
94.95856335,4.09369,4.09369,2.15665,3.67473,6.77113
94.96393589,4.4635,4.4635,2.55682,4.05095,6.65567
94.97468097,5.1496,5.1496,3.34152,4.75824,6.38143
94.97873077,5.38743,5.38743,3.62992,5.00674,6.26333
94.98139717,5.53724,5.53724,3.81687,5.16405,6.18125
94.98270042,5.60845,5.60845,3.90693,5.23898,6.13952
94.9839241,5.67409,5.67409,3.99149,5.30813,6.10034
94.98552242,5.75808,5.75808,4.10046,5.39667,6.04763
94.98720313,5.84427,5.84427,4.21367,5.48762,5.99092
94.99056456,6.01027,6.01027,4.43546,5.66308,5.87363
94.99728741,6.31756,6.31756,4.85735,5.98921,5.62392
95.00023009,6.44187,6.44187,5.0321,6.12176,5.50836
95.00182188,6.50656,6.50656,5.12392,6.19092,5.44385
95.00307483,6.55573,6.55573,5.19479,6.2436,5.39308
95.00426251,6.60233,6.60233,5.26083,6.29354,5.34361
95.00556173,6.65162,6.65162,5.33179,6.3465,5.2895
95.00811386,6.74509,6.74509,5.4674,6.44718,5.18052
95.0132181,6.91871,6.91871,5.7241,6.63533,4.95462
95.0234266,7.21329,7.21329,6.18228,6.95937,4.47238
95.03357288,7.43732,7.43732,6.56742,7.21323,3.95494
95.0481047,7.64105,7.64105,7.0011,7.46049,3.15329
95.06227015,7.70977,7.70977,7.29305,7.57232,2.30991
95.09060105,7.48228,7.48228,7.50379,7.4312,0.476906
95.1088129,7.09129,7.09129,7.3852,7.09493,-0.782655
95.11705313,6.854,6.854,7.26808,6.88202,-1.36751
95.12033986,6.74912,6.74912,7.21053,6.78678,-1.60268
95.12373507,6.63492,6.63492,7.14479,6.68248,-1.84597
95.12826202,6.47365,6.47365,7.04741,6.53431,-2.16986
95.13731591,6.12129,6.12129,6.82011,6.20777,-2.81094
95.1554237,5.30499,5.30499,6.24189,5.44188,-4.02349
95.16817262,4.64676,4.64676,5.74082,4.81842,-4.78766
95.17389549,4.33002,4.33002,5.49165,4.51714,-5.09999
95.17737233,4.13149,4.13149,5.33322,4.32796,-5.27912
95.18030474,3.96061,3.96061,5.19559,4.16497,-5.42363
95.18330847,3.78243,3.78243,5.05091,3.99486,-5.56542
95.18931591,3.41694,3.41694,4.75068,3.64546,-5.83057
95.19990497,2.74508,2.74508,4.18798,3.00171,-6.2404
95.21106233,2.00226,2.00226,3.55179,2.28798,-6.59513
95.22589992,0.966434,0.966434,2.64375,1.28956,-6.9476
95.24789022,-0.646452,-0.646452,1.18825,-0.272276,-7.22682
95.25871701,-1.46577,-1.46577,0.4294,-1.07061,-7.25964
95.26417938,-1.88287,-1.88287,0.0372979,-1.47888,-7.25046
95.2660917,-2.02921,-2.02921,-0.101318,-1.62259,-7.24285
95.26675816,-2.08021,-2.08021,-0.149779,-1.67267,-7.24019
95.26771837,-2.15369,-2.15369,-0.219731,-1.74483,-7.23509
95.26891294,-2.2451,-2.2451,-0.306957,-1.83473,-7.22874
95.27063644,-2.37658,-2.37658,-0.433187,-1.96444,-7.21772
95.27351488,-2.59618,-2.59618,-0.644955,-2.18107,-7.19563
95.27927175,-3.03146,-3.03146,-1.07163,-2.61271,-7.13782
95.28271502,-3.28887,-3.28887,-1.32856,-2.86925,-7.09464
95.28611277,-3.54009,-3.54009,-1.58306,-3.1206,-7.04578
95.28787591,-3.66918,-3.66918,-1.7155,-3.25016,-7.01799
95.29029882,-3.84487,-3.84487,-1.8975,-3.42696,-6.97714
95.2923061,-3.98874,-3.98874,-2.04827,-3.57217,-6.94097
95.29613235,-4.25815,-4.25815,-2.33534,-3.8452,-6.86623
95.30378487,-4.7736,-4.7736,-2.90459,-4.37213,-6.69446
95.30960364,-5.1409,-5.1409,-3.33013,-4.7519,-6.54431
95.31159453,-5.26109,-5.26109,-3.47393,-4.87714,-6.48859
95.31232473,-5.30422,-5.30422,-3.52624,-4.92224,-6.46815
95.31324597,-5.35863,-5.35863,-3.59223,-4.97913,-6.44153
95.31365756,-5.38248,-5.38248,-3.62171,-5.00413,-6.42964
95.31436789,-5.42365,-5.42365,-3.67208,-5.04729,-6.40848
95.31573627,-5.50133,-5.50133,-3.7691,-5.12891,-6.3677
95.31612006,-5.52312,-5.52312,-3.79604,-5.1518,-6.35627
95.31738601,-5.59345,-5.59345,-3.88487,-5.2258,-6.31743
95.31901842,-5.68226,-5.68226,-3.99828,-5.31932,-6.26624
95.32041061,-5.75637,-5.75637,-4.09404,-5.39741,-6.22159
95.32319499,-5.90016,-5.90016,-4.28262,-5.5491,-6.12962
95.32786578,-6.12852,-6.12852,-4.58907,-5.79057,-5.96743
95.33170767,-6.30453,-6.30453,-4.83078,-5.97732,-5.8267
95.33490638,-6.4431,-6.4431,-5.02408,-6.12483,-5.70458
95.33717828,-6.53718,-6.53718,-5.1567,-6.22526,-5.61515
95.33921194,-6.61836,-6.61836,-5.27196,-6.31215,-5.53322
95.34048207,-6.66763,-6.66763,-5.3423,-6.36498,-5.48117
95.34288889,-6.75797,-6.75797,-5.47217,-6.4621,-5.38069
95.34770252,-6.92687,-6.92687,-5.71906,-6.64466,-5.17263
95.35732978,-7.2181,-7.2181,-6.16385,-6.96353,-4.72921
95.36754401,-7.45993,-7.45993,-6.56707,-7.23523,-4.22095
95.38148658,-7.68036,-7.68036,-7.00709,-7.49721,-3.46933
95.39561303,-7.77727,-7.77727,-7.32575,-7.63689,-2.64617
95.42386594,-7.60784,-7.60784,-7.59248,-7.55331,-0.849686
95.4510043,-7.01834,-7.01834,-7.40447,-7.04455,1.00843
95.46067079,-6.71166,-6.71166,-7.23555,-6.76597,1.69032
95.46438676,-6.58078,-6.58078,-7.15677,-6.64577,1.95349
95.46789724,-6.4508,-6.4508,-7.0755,-6.52581,2.20212
95.4749182,-6.17317,-6.17317,-6.89363,-6.26799,2.6948
95.48896013,-5.55099,-5.55099,-6.45578,-5.68462,3.6434
95.50002024,-5.00156,-5.00156,-6.04425,-5.1651,4.33666
95.50929879,-4.50285,-4.50285,-5.65594,-4.69118,4.86624
95.51316508,-4.28528,-4.28528,-5.48289,-4.48386,5.07075
95.5168659,-4.07191,-4.07191,-5.31129,-4.28029,5.2567
95.51964531,-3.90849,-3.90849,-5.17867,-4.12421,5.38996
95.52263075,-3.73002,-3.73002,-5.03274,-3.95361,5.52706
95.52860164,-3.36433,-3.36433,-4.73039,-3.60361,5.78306
95.53538165,-2.93564,-2.93564,-4.37075,-3.19263,6.04519
95.54894167,-2.03956,-2.03956,-3.60319,-2.33132,6.4815
95.56337263,-1.03626,-1.03626,-2.72202,-1.36369,6.82014
95.5789853,0.0965216,0.0965216,-1.70341,-0.267315,7.04406
95.5912683,1.01477,1.01477,-0.860655,0.624726,7.11837
95.5972407,1.46771,1.46771,-0.439089,1.06627,7.12259
95.60166603,1.805,1.805,-0.122334,1.39593,7.11247
95.60308422,1.91309,1.91309,-0.0200753,1.50205,7.10643
95.60412982,1.99288,1.99288,0.0555349,1.58028,7.10198
95.60503512,2.06195,2.06195,0.121141,1.64802,7.09701
95.60604491,2.139,2.139,0.194471,1.72372,7.09146
95.60713117,2.22188,2.22188,0.273526,1.80516,7.0842
95.608373,2.31642,2.31642,0.364117,1.89826,7.0759
95.61028058,2.46165,2.46165,0.503699,2.04128,7.06091
95.61375098,2.72471,2.72471,0.758868,2.30121,7.02847
95.61951043,3.15694,3.15694,1.18535,2.73036,6.96011
95.62240468,3.37158,3.37158,1.40087,2.94448,6.91898
95.62606435,3.63979,3.63979,1.67427,3.2131,6.86055
95.62694256,3.70341,3.70341,1.73988,3.27704,6.84525
95.62792706,3.77473,3.77473,1.81353,3.34872,6.82809
95.62936692,3.87819,3.87819,1.92125,3.45292,6.80174
95.63163402,4.03943,4.03943,2.09086,3.61571,6.75807
95.63603274,4.34563,4.34563,2.41911,3.92636,6.66579
95.6448302,4.92512,4.92512,3.06747,4.52038,6.45197
95.65094888,5.29758,5.29758,3.5083,4.90733,6.28073
95.65213601,5.36681,5.36681,3.59268,4.97978,6.24527
95.65253128,5.38947,5.38947,3.62077,5.00356,6.23346
95.65332183,5.4348,5.4348,3.67642,5.05112,6.20907
95.65469653,5.51196,5.51196,3.7732,5.13225,6.16665
95.65508018,5.53349,5.53349,3.79996,5.15489,6.15481
95.65578645,5.57226,5.57226,3.84923,5.19571,6.13238
95.65637747,5.60469,5.60469,3.89014,5.22987,6.11361
95.65718439,5.64803,5.64803,3.946,5.27554,6.08742
95.65803081,5.69349,5.69349,4.00387,5.32345,6.05995
95.6595045,5.77083,5.77083,4.10463,5.40503,6.01106
95.66245188,5.92055,5.92055,4.30222,5.56313,5.91028
95.6675503,6.16431,6.16431,4.63202,5.82128,5.72669
95.67151601,6.34087,6.34087,4.87682,6.00899,5.57592
95.67482849,6.47979,6.47979,5.07253,6.15721,5.44474
95.67626803,6.53775,6.53775,5.15497,6.21923,5.38585
95.67761308,6.5906,6.5906,5.23053,6.27587,5.33082
95.67902981,6.64492,6.64492,5.30857,6.33419,5.27116
95.68057095,6.70244,6.70244,5.39168,6.39608,5.20625
95.68365323,6.81259,6.81259,5.55248,6.51499,5.0726
95.68981778,7.01355,7.01355,5.85327,6.73361,4.79391
95.69978736,7.28449,7.28449,6.2836,7.03356,4.31241
95.71080111,7.50716,7.50716,6.68118,7.28889,3.73885
95.72488688,7.67688,7.67688,7.07398,7.50117,2.94712
95.74224304,7.7133,7.7133,7.38365,7.59077,1.89248
95.77372694,7.32189,7.32189,7.47497,7.29547,-0.191026
95.78908799,6.92673,6.92673,7.30653,6.94634,-1.26521
95.79687912,6.67751,6.67751,7.16949,6.72012,-1.81771
95.79961697,6.58236,6.58236,7.11326,6.63299,-2.01225
95.80214582,6.4911,6.4911,7.05768,6.54911,-2.19195
95.80720353,6.29916,6.29916,6.93628,6.3718,-2.5493
95.81731895,5.87902,5.87902,6.65369,5.98051,-3.24941
95.83754979,4.90485,4.90485,5.93879,5.06283,-4.52696
95.84546171,4.47767,4.47767,5.60692,4.65739,-4.96811
95.85024657,4.20746,4.20746,5.3926,4.40027,-5.21566
95.85456874,3.95612,3.95612,5.19055,4.16073,-5.42585
95.85881253,3.70293,3.70293,4.98462,3.9191,-5.61978
95.86471425,3.34079,3.34079,4.68626,3.57297,-5.86946
95.8765177,2.58422,2.58422,4.05024,2.84811,-6.30149
95.88740794,1.85134,1.85134,3.41996,2.14387,-6.62246
95.90483612,0.620027,0.620027,2.33463,0.956533,-6.98541
95.9289339,-1.16735,-1.16735,0.705986,-0.778229,-7.19126
95.93705621,-1.78533,-1.78533,0.127244,-1.3825,-7.18453
95.93990965,-2.00356,-2.00356,-0.079256,-1.59666,-7.1732
95.94090197,-2.07945,-2.07945,-0.151425,-1.67114,-7.16791
95.94186202,-2.15288,-2.15288,-0.221404,-1.74338,-7.16279
95.94288433,-2.23106,-2.23106,-0.296083,-1.82031,-7.15597
95.94471024,-2.37055,-2.37055,-0.42986,-1.95771,-7.1438
95.94783938,-2.60891,-2.60891,-0.660227,-2.19318,-7.11779
95.95409766,-3.08131,-3.08131,-1.1246,-2.66205,-7.04979
95.95733414,-3.32267,-3.32267,-1.36639,-2.90286,-7.00634
95.96057801,-3.56192,-3.56192,-1.60963,-3.14223,-6.95719
95.96140374,-3.62225,-3.62225,-1.67155,-3.20316,-6.9436
95.96227782,-3.68611,-3.68611,-1.73724,-3.26712,-6.92922
95.96322366,-3.75454,-3.75454,-1.80832,-3.33634,-6.91263
95.96469636,-3.8611,-3.8611,-1.919,-3.44349,-6.88681
95.96703899,-4.02845,-4.02845,-2.09506,-3.61259,-6.84284
95.97162868,-4.34914,-4.34914,-2.43919,-3.93825,-6.74855
95.98080808,-4.95447,-4.95447,-3.11854,-4.55962,-6.52836
95.9825799,-5.06439,-5.06439,-3.2477,-4.67372,-6.48028
95.98612353,-5.2784,-5.2784,-3.50374,-4.89682,-6.38048
95.9883088,-5.40593,-5.40593,-3.65982,-5.03045,-6.31627
95.99025488,-5.51631,-5.51631,-3.79739,-5.14648,-6.25704
95.99066445,-5.53897,-5.53897,-3.82606,-5.17034,-6.24457
95.99178284,-5.60084,-5.60084,-3.90435,-5.23549,-6.20943
95.99252567,-5.64099,-5.64099,-3.95582,-5.2778,-6.18609
95.99349785,-5.69353,-5.69353,-4.02319,-5.33317,-6.15446
95.99544221,-5.79587,-5.79587,-4.15624,-5.44112,-6.09122
95.9986504,-5.95852,-5.95852,-4.37146,-5.61293,-5.98238
96.00506679,-6.26136,-6.26136,-4.78301,-5.93395,-5.75094
96.00948355,-6.45279,-6.45279,-5.04981,-6.13787,-5.58118
96.01141656,-6.53227,-6.53227,-5.16205,-6.22282,-5.50423
96.01328401,-6.6066,-6.6066,-5.26774,-6.30245,-5.4284
96.01496182,-6.67135,-6.67135,-5.36039,-6.37195,-5.35902
96.01676499,-6.73879,-6.73879,-5.45756,-6.44453,-5.28317
96.02037134,-6.86707,-6.86707,-5.64463,-6.58313,-5.12749
96.02698773,-7.07969,-7.07969,-5.96363,-6.81485,-4.82853
96.03719398,-7.35061,-7.35061,-6.39683,-7.11568,-4.33502
96.04858173,-7.57221,-7.57221,-6.79851,-7.37126,-3.74091
96.06290994,-7.73243,-7.73243,-7.18468,-7.57496,-2.93409
96.08482485,-7.73059,-7.73059,-7.52517,-7.64035,-1.59084
96.10766551,-7.42621,-7.42621,-7.5688,-7.40563,-0.0776888
96.12356654,-7.0413,-7.0413,-7.41827,-7.06828,1.02601
96.13010703,-6.84325,-6.84325,-7.31435,-6.88947,1.48823
96.13248722,-6.76558,-6.76558,-7.27057,-6.81876,1.65722
96.13473525,-6.68957,-6.68957,-7.22637,-6.74928,1.81682
96.13763163,-6.58791,-6.58791,-7.16539,-6.656,2.02246
96.14342441,-6.37232,-6.37232,-7.03008,-6.45701,2.43178
96.15500995,-5.89406,-5.89406,-6.70766,-6.01133,3.23263
96.17818105,-4.76579,-4.76579,-5.86988,-4.94646,4.66731
96.17975612,-4.68037,-4.68037,-5.80309,-4.86526,4.75557
96.18290627,-4.50729,-4.50729,-5.66693,-4.70062,4.92781
96.18486239,-4.39815,-4.39815,-5.58045,-4.59671,5.03146
96.18657122,-4.30169,-4.30169,-5.50359,-4.50481,5.1197
96.18761429,-4.242,-4.242,-5.45573,-4.4479,5.17247
96.18920469,-4.15098,-4.15098,-5.38274,-4.36113,5.25139
96.19238551,-3.9657,-3.9657,-5.23295,-4.18432,5.4037
96.19842577,-3.60443,-3.60443,-4.93728,-3.8391,5.67352
96.20847708,-2.9776,-2.9776,-4.41424,-3.23876,6.06865
96.21950979,-2.25569,-2.25569,-3.79828,-2.54545,6.42759
96.23328928,-1.3104,-1.3104,-2.97301,-1.63481,6.76922
96.25031288,-0.0874335,-0.0874335,-1.87841,-0.452271,7.0318
96.26381805,0.91699,0.91699,-0.958855,0.52282,7.11746
96.27076549,1.44249,1.44249,-0.47016,1.03494,7.11997
96.27567529,1.81607,1.81607,-0.119165,1.40008,7.10501
96.27725246,1.93608,1.93608,-0.00548533,1.51795,7.09687
96.27818645,2.00723,2.00723,0.0620339,1.58774,7.09205
96.27909638,2.07655,2.07655,0.12795,1.65574,7.08621
96.28010695,2.15354,2.15354,0.201306,1.73141,7.07974
96.2812561,2.24108,2.24108,0.28491,1.81745,7.07096
96.28259029,2.34246,2.34246,0.38222,1.91735,7.06077
96.28470949,2.50348,2.50348,0.537298,2.07603,7.04189
96.28874769,2.80866,2.80866,0.834411,2.37792,6.99907
96.29313281,3.13701,3.13701,1.15914,2.70419,6.94254
96.29624117,3.36729,3.36729,1.39043,2.93399,6.89619
96.29984634,3.63116,3.63116,1.65951,3.19837,6.836
96.30172832,3.76734,3.76734,1.80023,3.33529,6.80185
96.30306623,3.86338,3.86338,1.90028,3.43206,6.77645
96.30513012,4.01015,4.01015,2.0546,3.58029,6.73544
96.30899896,4.28022,4.28022,2.34337,3.85422,6.65267
96.31673665,4.79605,4.79605,2.91558,4.3822,6.46453
96.32261489,5.16234,5.16234,3.34248,4.76166,6.30184
96.32451671,5.27557,5.27557,3.47883,4.87991,6.24515
96.32516576,5.3134,5.3134,3.52499,4.91955,6.2258
96.32609506,5.36756,5.36756,3.59108,4.9763,6.1973
96.32650692,5.39109,5.39109,3.62036,5.00103,6.18467
96.32733064,5.43816,5.43816,3.67832,5.05049,6.15865
96.32868292,5.51377,5.51377,3.77347,5.13013,6.11594
96.32905952,5.53483,5.53483,3.79972,5.15231,6.10405
96.32981122,5.57588,5.57588,3.85213,5.19562,6.0796
96.33053532,5.61543,5.61543,3.9022,5.23734,6.05604
96.33128272,5.65531,5.65531,3.95389,5.27944,6.03118
96.33221938,5.70529,5.70529,4.01815,5.33221,6.00003
96.33409272,5.80267,5.80267,4.14542,5.43511,5.93619
96.33723946,5.96024,5.96024,4.35505,5.60187,5.82536
96.34353293,6.25359,6.25359,4.75613,5.91344,5.5905
96.34793039,6.44168,6.44168,5.0202,6.11422,5.41615
96.34988651,6.52095,6.52095,5.13307,6.19915,5.33592
96.35146067,6.58281,6.58281,5.22174,6.26556,5.26969
96.35295065,6.63977,6.63977,5.30388,6.32684,5.20701
96.35444675,6.69544,6.69544,5.3846,6.38685,5.14266
96.35743894,6.80217,6.80217,5.54095,6.5023,5.01121
96.36342332,6.99741,6.99741,5.83399,6.71512,4.73767
96.3733873,7.26912,7.26912,6.26637,7.01651,4.25207
96.38424522,7.49026,7.49026,6.66131,7.27059,3.6825
96.39833276,7.66283,7.66283,7.05866,7.48666,2.88619
96.41525039,7.70396,7.70396,7.36813,7.58075,1.85444
96.44677228,7.32587,7.32587,7.477,7.30089,-0.235363
96.46177128,6.94744,6.94744,7.32175,6.96835,-1.28501
96.46968122,6.69875,6.69875,7.1879,6.74351,-1.84588
96.47243211,6.60453,6.60453,7.13311,6.65752,-2.04126
96.4749677,6.51428,6.51428,7.07893,6.57481,-2.22136
96.48003887,6.32427,6.32427,6.96024,6.39979,-2.57937
96.49018122,5.90763,5.90763,6.68268,6.01271,-3.28025
96.51046591,4.93914,4.93914,5.97635,5.10206,-4.55639
96.51832453,4.51778,4.51778,5.6505,4.70278,-4.99199
96.5229257,4.25981,4.25981,5.44678,4.45766,-5.22882
96.52676276,4.03864,4.03864,5.26987,4.2472,-5.4153
96.53071133,3.80556,3.80556,5.08137,4.02511,-5.59664
96.53705154,3.42024,3.42024,4.76552,3.65736,-5.866
96.54787265,2.73333,2.73333,4.19096,3.00016,-6.26574
96.55938038,1.96598,1.96598,3.53409,2.26375,-6.61008
96.57546654,0.838884,0.838884,2.54509,1.17825,-6.95555
96.60133837,-1.06991,-1.06991,0.812718,-0.671682,-7.19
96.60995148,-1.72428,-1.72428,0.201412,-1.3108,-7.18167
96.61231697,-1.9052,-1.9052,0.0307766,-1.48808,-7.17128
96.61329517,-1.98001,-1.98001,-0.0400989,-1.56139,-7.16698
96.61407644,-2.03976,-2.03976,-0.0968265,-1.62012,-7.16241
96.61511568,-2.11924,-2.11924,-0.172441,-1.69823,-7.15633
96.61629851,-2.2097,-2.2097,-0.258713,-1.78714,-7.14798
96.61769012,-2.31593,-2.31593,-0.360489,-1.89184,-7.13814
96.61987456,-2.48266,-2.48266,-0.520829,-2.05618,-7.11985
96.62408768,-2.80252,-2.80252,-0.831911,-2.37269,-7.0772
96.62843408,-3.12951,-3.12951,-1.15507,-2.69775,-7.02317
96.6315339,-3.36031,-3.36031,-1.38672,-2.92817,-6.97846
96.63513675,-3.62539,-3.62539,-1.65685,-3.19391,-6.9201
96.63700905,-3.76161,-3.76161,-1.79754,-3.33093,-6.88709
96.63836852,-3.85973,-3.85973,-1.89969,-3.42986,-6.86197
96.64047843,-4.0106,-4.0106,-2.05823,-3.58232,-6.82111
96.64446762,-4.29048,-4.29048,-2.35752,-3.86643,-6.73764
96.652446,-4.82426,-4.82426,-2.95048,-4.4134,-6.54683
96.65849319,-5.20146,-5.20146,-3.39156,-4.80481,-6.38143
96.66118886,-5.36116,-5.36116,-3.58515,-4.97197,-6.30201
96.66277352,-5.45244,-5.45244,-3.6976,-5.06788,-6.25332
96.66381401,-5.51106,-5.51106,-3.77144,-5.12962,-6.22135
96.66435852,-5.54174,-5.54174,-3.80966,-5.16193,-6.20409
96.6653054,-5.59413,-5.59413,-3.87612,-5.21717,-6.17408
96.66687631,-5.67949,-5.67949,-3.98536,-5.30724,-6.12319
96.66820311,-5.75009,-5.75009,-4.07675,-5.38178,-6.07932
96.67082012,-5.88541,-5.88541,-4.25445,-5.52483,-5.99044
96.67531156,-6.10585,-6.10585,-4.55049,-5.75838,-5.83075
96.67994291,-6.3179,-6.3179,-4.84235,-5.98388,-5.6568
96.68366736,-6.47743,-6.47743,-5.06601,-6.15422,-5.5102
96.68535465,-6.54651,-6.54651,-5.16391,-6.2282,-5.4413
96.68689083,-6.60769,-6.60769,-5.25111,-6.29385,-5.37857
96.68839731,-6.66612,-6.66612,-5.33483,-6.35668,-5.31506
96.69002829,-6.72763,-6.72763,-5.4235,-6.42295,-5.24631
96.69329025,-6.84524,-6.84524,-5.59483,-6.55013,-5.10457
96.69981417,-7.05896,-7.05896,-5.91446,-6.78314,-4.80853
96.70984951,-7.33236,-7.33236,-6.34879,-7.08666,-4.32194
96.72115276,-7.56099,-7.56099,-6.75758,-7.34983,-3.73132
96.73546189,-7.73218,-7.73218,-7.15618,-7.5655,-2.92477
96.75371072,-7.7643,-7.7643,-7.47631,-7.65503,-1.81284
96.78583775,-7.34497,-7.34497,-7.54934,-7.33595,0.315352
96.79939548,-6.99363,-6.99363,-7.39798,-7.02604,1.26146
96.80706294,-6.75136,-6.75136,-7.26618,-6.80685,1.80281
96.80968338,-6.66154,-6.66154,-7.21362,-6.72484,1.98813
96.81209164,-6.57595,-6.57595,-7.16204,-6.6464,2.15845
96.81690815,-6.39626,-6.39626,-7.04961,-6.48091,2.49728
96.82654117,-6.00411,-6.00411,-6.78876,-6.11674,3.16226
96.84580721,-5.09822,-5.09822,-6.13108,-5.26549,4.38708
96.8542004,-4.65538,-4.65538,-5.79001,-4.84602,4.8619
96.85871061,-4.40597,-4.40597,-5.59361,-4.6091,5.0989
96.86301028,-4.16118,-4.16118,-5.3982,-4.37616,5.31173
96.86618464,-3.9762,-3.9762,-5.24895,-4.19993,5.46054
96.86964208,-3.77078,-3.77078,-5.0817,-4.004,5.61468
96.87655696,-3.34816,-3.34816,-4.73308,-3.60029,5.89891
96.88457826,-2.83938,-2.83938,-4.3061,-3.11323,6.18957
96.89899093,-1.88051,-1.88051,-3.48279,-2.19251,6.60981
96.91553024,-0.719634,-0.719634,-2.45853,-1.0734,6.93449
96.93313728,0.572144,0.572144,-1.2883,0.177369,7.09999
96.943758,1.37192,1.37192,-0.54781,0.955739,7.11191
96.94863006,1.74221,1.74221,-0.200372,1.3176,7.0956
96.95034181,1.87264,1.87264,-0.0772344,1.44541,7.08599
96.95171101,1.97697,1.97697,0.0216255,1.54765,7.07831
96.95249087,2.03639,2.03639,0.0780714,1.60602,7.07285
96.95354076,2.11639,2.11639,0.154215,1.68462,7.06551
96.95456616,2.19452,2.19452,0.228746,1.76138,7.05719
96.95577202,2.28623,2.28623,0.316594,1.85165,7.04739
96.9573328,2.40494,2.40494,0.430611,1.96853,7.03308
96.96000166,2.60729,2.60729,0.626348,2.1684,7.00551
96.96533938,3.00891,3.00891,1.02042,2.56673,6.93875
96.96938636,3.30973,3.30973,1.32115,2.86669,6.87792
96.97286013,3.56474,3.56474,1.58034,3.12214,6.81876
96.97459987,3.69115,3.69115,1.71046,3.24919,6.78674
96.97694539,3.85992,3.85992,1.8859,3.41928,6.74107
96.97883556,3.99439,3.99439,2.02727,3.55521,6.7022
96.9823453,4.23994,4.23994,2.28947,3.80443,6.62519
96.98936478,4.71158,4.71158,2.80998,4.28715,6.4526
96.9947601,5.0535,5.0535,3.20426,4.641,6.30343
96.99927604,5.3237,5.3237,3.52862,4.92343,6.16777
97.00124386,5.43658,5.43658,3.66804,5.04218,6.10562
97.00344364,5.55913,5.55913,3.82225,5.17152,6.03398
97.00473491,5.62927,5.62927,3.91187,5.24566,5.99058
97.00574091,5.68258,5.68258,3.98094,5.30208,5.95677
97.00677636,5.73746,5.73746,4.05204,5.36014,5.9207
97.00884726,5.84392,5.84392,4.19216,5.47293,5.84854
97.01298908,6.0472,6.0472,4.46536,5.68872,5.69749
97.0212727,6.41651,6.41651,4.97774,6.08287,5.37298
97.02401883,6.52814,6.52814,5.13682,6.20272,5.25892
97.02621931,6.61379,6.61379,5.26014,6.29496,5.16523
97.02824669,6.68974,6.68974,5.37044,6.377,5.07715
97.03010213,6.75678,6.75678,5.46863,6.44963,4.99508
97.03381299,6.88382,6.88382,5.65729,6.5879,4.82681
97.04123473,7.11,7.11,6.00502,6.83676,4.47435
97.05173293,7.36713,7.36713,6.43224,7.12646,3.94131
97.06366287,7.57126,7.57126,6.82865,7.36826,3.28993
97.07841225,7.69682,7.69682,7.19105,7.54111,2.42405
97.10465441,7.58853,7.58853,7.49809,7.51747,0.747836
97.12836714,7.14545,7.14545,7.41783,7.14986,-0.878437
97.13730062,6.89674,6.89674,7.30185,6.92911,-1.51037
97.14042604,6.79948,6.79948,7.25043,6.84155,-1.73307
97.14283973,6.72085,6.72085,7.20697,6.77039,-1.90505
97.14536739,6.63532,6.63532,7.158,6.69263,-2.08516
97.15042271,6.45465,6.45465,7.04968,6.5274,-2.44385
97.16053335,6.05626,6.05626,6.79251,6.15945,-3.14844
97.18075462,5.12223,5.12223,6.12531,5.2849,-4.4433
97.18901643,4.69047,4.69047,5.79621,4.87703,-4.91329
97.19356323,4.44112,4.44112,5.60169,4.64075,-5.15386
97.19789073,4.19649,4.19649,5.40808,4.40852,-5.36966
97.20121075,4.00414,4.00414,5.2541,4.22567,-5.52641
97.20498637,3.78067,3.78067,5.0734,4.01298,-5.6955
97.2125376,3.31938,3.31938,4.69484,3.57313,-6.00536
97.22200409,2.71582,2.71582,4.18951,2.99613,-6.34202
97.23686514,1.71791,1.71791,3.33295,2.03883,-6.75773
97.25207824,0.641559,0.641559,2.3842,1.00213,-7.04372
97.26981313,-0.667918,-0.667918,1.19989,-0.264736,-7.20356
97.27949402,-1.40137,-1.40137,0.522107,-0.978041,-7.2135
97.28427952,-1.76711,-1.76711,0.1798,-1.33516,-7.19857
97.28593892,-1.89427,-1.89427,0.0600606,-1.45965,-7.18982
97.28710382,-1.98353,-1.98353,-0.0242912,-1.54704,-7.18368
97.28792271,-2.04628,-2.04628,-0.0837277,-1.60862,-7.17829
97.28895085,-2.12507,-2.12507,-0.158508,-1.68594,-7.17152
97.29000628,-2.20595,-2.20595,-0.235448,-1.76531,-7.16338
97.29121337,-2.29829,-2.29829,-0.323659,-1.85617,-7.15406
97.29285531,-2.42391,-2.42391,-0.443999,-1.97976,-7.13963
97.29570664,-2.64135,-2.64135,-0.653892,-2.19438,-7.11106
97.30140931,-3.07266,-3.07266,-1.07674,-2.62201,-7.04075
97.30518124,-3.35446,-3.35446,-1.35833,-2.90294,-6.98469
97.30875747,-3.61835,-3.61835,-1.62638,-3.1672,-6.92459
97.31056629,-3.75039,-3.75039,-1.76229,-3.29989,-6.89164
97.31184119,-3.84278,-3.84278,-1.85808,-3.39263,-6.86684
97.3135445,-3.96525,-3.96525,-1.98606,-3.51652,-6.8337
97.31651292,-4.1758,-4.1758,-2.209,-3.72972,-6.77143
97.32244975,-4.58381,-4.58381,-2.65282,-4.14576,-6.6336
97.33116056,-5.14303,-5.14303,-3.29295,-4.7233,-6.40007
97.33344456,-5.2811,-5.2811,-3.45815,-4.86751,-6.33246
97.3352018,-5.38478,-5.38478,-3.58425,-4.97624,-6.27876
97.33565618,-5.41104,-5.41104,-3.61662,-5.00386,-6.26487
97.33646611,-5.45783,-5.45783,-3.67432,-5.05309,-6.23922
97.33825447,-5.55894,-5.55894,-3.80071,-5.1597,-6.18256
97.33974924,-5.64148,-5.64148,-3.90537,-5.24685,-6.13379
97.34144247,-5.73284,-5.73284,-4.02274,-5.34341,-6.07731
97.34334617,-5.83293,-5.83293,-4.15309,-5.44928,-6.01224
97.34650851,-5.99317,-5.99317,-4.36546,-5.61903,-5.90056
97.35283319,-6.29181,-6.29181,-4.77193,-5.9365,-5.664
97.35725427,-6.48364,-6.48364,-5.03976,-6.14145,-5.48841
97.35920118,-6.56376,-6.56376,-5.15314,-6.22735,-5.40845
97.3610747,-6.63839,-6.63839,-5.25948,-6.30755,-5.33001
97.3628502,-6.70688,-6.70688,-5.35774,-6.38134,-5.25434
97.36446324,-6.76725,-6.76725,-5.44491,-6.44652,-5.18448
97.36768931,-6.88268,-6.88268,-5.61341,-6.57163,-5.04165
97.37414146,-7.09252,-7.09252,-5.92794,-6.80099,-4.74382
97.38494033,-7.38167,-7.38167,-6.39031,-7.12334,-4.21082
97.39581013,-7.59524,-7.59524,-6.77729,-7.37098,-3.63333
97.41041335,-7.7622,-7.7622,-7.1767,-7.58453,-2.79884
97.43438294,-7.74899,-7.74899,-7.5414,-7.64874,-1.3065
97.45616819,-7.44187,-7.44187,-7.56943,-7.41172,0.155708
97.47145017,-7.0673,-7.0673,-7.4228,-7.08553,1.22279
97.47824509,-6.8602,-6.8602,-7.31473,-6.89964,1.70374
97.4807182,-6.77879,-6.77879,-7.26897,-6.8259,1.87922
97.48302205,-6.70015,-6.70015,-7.22332,-6.75436,2.04268
97.48762975,-6.53496,-6.53496,-7.12347,-6.6033,2.36839
97.49684514,-6.17401,-6.17401,-6.89037,-6.27024,3.00993
97.51527593,-5.3381,-5.3381,-6.29749,-5.48888,4.20696
97.52751647,-4.70425,-4.70425,-5.81495,-4.89061,4.90665
97.53294281,-4.40421,-4.40421,-5.57926,-4.6062,5.18763
97.53814914,-4.10605,-4.10605,-5.34117,-4.32299,5.43847
97.5424064,-3.8551,-3.8551,-5.13809,-4.08423,5.62978
97.54719627,-3.56542,-3.56542,-4.90088,-3.80823,5.8304
97.55677602,-2.96439,-2.96439,-4.40018,-3.23429,6.18666
97.56731365,-2.27251,-2.27251,-3.81133,-2.57169,6.51105
97.57953387,-1.43431,-1.43431,-3.08261,-1.76649,6.80072
97.60130144,0.134306,0.134306,-1.6805,-0.252855,7.09313
97.61482708,1.14691,1.14691,-0.750872,0.729544,7.13376
97.62101083,1.61664,1.61664,-0.31269,1.18733,7.11697
97.6226114,1.73882,1.73882,-0.19802,1.30666,7.10861
97.62355663,1.81097,1.81097,-0.130079,1.37713,7.10368
97.6244676,1.88051,1.88051,-0.064456,1.44524,7.0978
97.62539368,1.9512,1.9512,0.00239656,1.51448,7.09182
97.62631315,2.02139,2.02139,0.0689087,1.58323,7.0849
97.62738746,2.1034,2.1034,0.146791,1.66372,7.07682
97.62838733,2.17972,2.17972,0.219435,1.73864,7.06815
97.62951756,2.26586,2.26586,0.301733,1.82332,7.05835
97.63084099,2.36673,2.36673,0.398334,1.92248,7.04561
97.63298976,2.53013,2.53013,0.555701,2.08348,7.02288
97.63709243,2.84053,2.84053,0.857804,2.3904,6.97249
97.64131857,3.15729,3.15729,1.17098,2.70506,6.91111
97.64434872,3.38203,3.38203,1.39656,2.92928,6.86123
97.64788685,3.64132,3.64132,1.66082,3.18905,6.79685
97.64881193,3.70834,3.70834,1.72991,3.25643,6.77871
97.64976789,3.7776,3.7776,1.80142,3.32607,6.75996
97.6511047,3.87368,3.87368,1.90142,3.42288,6.73263
97.65316962,4.0207,4.0207,2.05588,3.5714,6.6886
97.65703908,4.29112,4.29112,2.3448,3.84577,6.60026
97.66477798,4.80749,4.80749,2.91727,4.37472,6.4012
97.67065474,5.17392,5.17392,3.34418,4.75484,6.2305
97.6737162,5.35496,5.35496,3.56303,4.94438,6.135
97.67532157,5.447,5.447,3.67663,5.0412,6.08258
97.67683278,5.53135,5.53135,3.7825,5.13018,6.03324
97.67750542,5.56889,5.56889,3.82963,5.16979,6.01049
97.67871933,5.63499,5.63499,3.91385,5.23964,5.96945
97.68062643,5.73648,5.73648,4.04484,5.34698,5.9033
97.68253611,5.83529,5.83529,4.17424,5.45159,5.83542
97.68635546,6.02465,6.02465,4.42715,5.65243,5.69476
97.69399417,6.37153,6.37153,4.90479,6.02206,5.3944
97.69700684,6.49685,6.49685,5.08189,6.15634,5.26907
97.69876022,6.56685,6.56685,5.18181,6.23155,5.19438
97.70040734,6.63065,6.63065,5.27348,6.30026,5.12305
97.70229702,6.70155,6.70155,5.37604,6.3768,5.03985
97.7043124,6.77447,6.77447,5.48241,6.45576,4.94954
97.70834316,6.912,6.912,5.68607,6.60542,4.7641
97.71640468,7.15414,7.15414,6.05867,6.8721,4.37463
97.72771096,7.42068,7.42068,6.50639,7.17368,3.78895
97.73980158,7.61273,7.61273,6.89138,7.40394,3.11536
97.75554195,7.7221,7.7221,7.25105,7.56389,2.17319
97.78161779,7.56882,7.56882,7.50612,7.49499,0.480619
97.79992552,7.22343,7.22343,7.43933,7.20832,-0.784668
97.80796834,7.01196,7.01196,7.3475,7.02235,-1.35507
97.8110948,6.92014,6.92014,7.30168,6.94038,-1.57858
97.81436969,6.81842,6.81842,7.24777,6.84893,-1.81306
97.8187362,6.67422,6.67422,7.16666,6.71832,-2.12534
97.82746922,6.35726,6.35726,6.97354,6.42826,-2.74421
97.84493527,5.616,5.616,6.46926,5.73969,-3.92129
97.85743357,5.00294,5.00294,6.01622,5.16365,-4.68282
97.86401208,4.65404,4.65404,5.74813,4.83407,-5.0477
97.86741582,4.46673,4.46673,5.60167,4.65674,-5.22534
97.87059089,4.28802,4.28802,5.46044,4.48731,-5.38373
97.87388397,4.09875,4.09875,5.30938,4.30766,-5.54052
97.87878398,3.80998,3.80998,5.07623,4.03318,-5.76006
97.888584,3.2084,3.2084,4.58118,3.45998,-6.15165
97.89937906,2.51141,2.51141,3.99404,2.79382,-6.51197
97.91435449,1.4922,1.4922,3.11349,1.81612,-6.89201
97.93153286,0.260619,0.260619,2.0202,0.629651,-7.1606
97.94605714,-0.821913,-0.821913,1.03587,-0.417799,-7.25141
97.95384974,-1.41443,-1.41443,0.487736,-0.993581,-7.24961
97.95825241,-1.75152,-1.75152,0.172542,-1.32227,-7.23325
97.95972225,-1.86434,-1.86434,0.0664836,-1.43255,-7.22478
97.96108686,-1.96908,-1.96908,-0.0323244,-1.53493,-7.21691
97.96187974,-2.02994,-2.02994,-0.0898803,-1.59456,-7.21131
97.96293426,-2.11088,-2.11088,-0.166589,-1.67387,-7.20385
97.96393621,-2.18779,-2.18779,-0.239639,-1.74923,-7.19565
97.96511733,-2.27832,-2.27832,-0.325951,-1.83816,-7.18598
97.96658199,-2.39058,-2.39058,-0.433279,-1.94844,-7.17252
97.96903972,-2.57849,-2.57849,-0.614069,-2.13348,-7.1473
97.97395516,-2.95195,-2.95195,-0.978002,-2.50269,-7.08703
97.97792348,-3.25033,-3.25033,-1.2738,-2.79913,-7.02893
97.98060137,-3.44968,-3.44968,-1.47434,-2.99773,-6.985
97.98169237,-3.53027,-3.53027,-1.55605,-3.07865,-6.96581
97.98238055,-3.58111,-3.58111,-1.60774,-3.12934,-6.95372
97.98341251,-3.65674,-3.65674,-1.68525,-3.20537,-6.93454
97.98442106,-3.73066,-3.73066,-1.76101,-3.27921,-6.91581
97.98558619,-3.81508,-3.81508,-1.84852,-3.36452,-6.89273
97.98713103,-3.92702,-3.92702,-1.96461,-3.47687,-6.86213
97.98981524,-4.11864,-4.11864,-2.16631,-3.67034,-6.80526
97.99518367,-4.49164,-4.49164,-2.56823,-4.04925,-6.68061
98.00592052,-5.18434,-5.18434,-3.35678,-4.76256,-6.38896
98.00994896,-5.4237,-5.4237,-3.64547,-5.01245,-6.2652
98.01260447,-5.57479,-5.57479,-3.83289,-5.17098,-6.17944
98.01389608,-5.64631,-5.64631,-3.92277,-5.24617,-6.13618
98.01510554,-5.71209,-5.71209,-4.00694,-5.31541,-6.09567
98.01660298,-5.79197,-5.79197,-4.1098,-5.39954,-6.04361
98.01818379,-5.87443,-5.87443,-4.2172,-5.48646,-5.98865
98.02134541,-6.03373,-6.03373,-4.42796,-5.65461,-5.87431
98.02766865,-6.33051,-6.33051,-4.83069,-5.96904,-5.63254
98.03192899,-6.51442,-6.51442,-5.08621,-6.16483,-5.45999
98.03389096,-6.59483,-6.59483,-5.19933,-6.25073,-5.37795
98.03573234,-6.66787,-6.66787,-5.3028,-6.32893,-5.2995
98.03772103,-6.74414,-6.74414,-5.4116,-6.4108,-5.21322
98.03988476,-6.82406,-6.82406,-5.52656,-6.49683,-5.11754
98.04421222,-6.97437,-6.97437,-5.74617,-6.65945,-4.92063
98.05286714,-7.23728,-7.23728,-6.14587,-6.94734,-4.50547
98.06390179,-7.50038,-7.50038,-6.58199,-7.24301,-3.93713
98.07676913,-7.70673,-7.70673,-6.98958,-7.48824,-3.2234
98.0926448,-7.8157,-7.8157,-7.34624,-7.64622,-2.27541
98.12065265,-7.63456,-7.63456,-7.5952,-7.55252,-0.458098
98.13890702,-7.27191,-7.27191,-7.50465,-7.24658,0.803866
98.1470666,-7.04983,-7.04983,-7.40141,-7.0496,1.38188
98.14925617,-6.98407,-6.98407,-7.36722,-6.99054,1.53818
98.15167856,-6.90838,-6.90838,-7.32625,-6.92224,1.7111
98.15404753,-6.83144,-6.83144,-7.28307,-6.8525,1.88032
98.15878546,-6.66909,-6.66909,-7.18757,-6.70447,2.218
98.16826133,-6.31154,-6.31154,-6.96091,-6.37523,2.88491
98.18721306,-5.47382,-5.47382,-6.37228,-5.59308,4.13533
98.20027679,-4.80741,-4.80741,-5.86678,-4.96442,4.8952
98.20601826,-4.49276,-4.49276,-5.6199,-4.66627,5.19683
98.21152632,-4.17926,-4.17926,-5.3696,-4.36857,5.46526
98.21549155,-3.94683,-3.94683,-5.18153,-4.14749,5.64559
98.21999436,-3.67635,-3.67635,-4.96024,-3.88989,5.83743
98.22899999,-3.11588,-3.11588,-4.49421,-3.35503,6.18108
98.23939595,-2.43898,-2.43898,-3.91957,-2.70732,6.51314
98.25131354,-1.62774,-1.62774,-3.21625,-1.9288,6.81054
98.27174223,-0.166144,-0.166144,-1.91503,-0.520379,7.11912
98.2893281,1.14579,1.14579,-0.712916,0.751078,7.18658
98.2963497,1.67931,1.67931,-0.214195,1.27103,7.16323
98.29841789,1.83724,1.83724,-0.0654322,1.42539,7.15024
98.29963084,1.92986,1.92986,0.0221704,1.51592,7.14262
98.30052807,1.99837,1.99837,0.0871287,1.58308,7.13567
98.30153798,2.07548,2.07548,0.160397,1.65868,7.12785
98.30256783,2.15412,2.15412,0.235275,1.73578,7.11869
98.3037368,2.24327,2.24327,0.320459,1.82328,7.1083
98.30516937,2.35251,2.35251,0.425122,1.9306,7.09413
98.30752738,2.53187,2.53187,0.598014,2.10724,7.06835
98.31222945,2.88742,2.88742,0.944843,2.45862,7.00789
98.31622002,3.18614,3.18614,1.24107,2.75522,6.94722
98.31900128,3.39225,3.39225,1.44836,2.96067,6.89991
98.32140458,3.56872,3.56872,1.62797,3.13712,6.85574
98.32245654,3.64525,3.64525,1.70659,3.21386,6.83518
98.32343465,3.71641,3.71641,1.77978,3.28521,6.81606
98.32465673,3.80464,3.80464,1.87123,3.37357,6.79061
98.3263641,3.92696,3.92696,1.999,3.49702,6.75504
98.32942405,4.14314,4.14314,2.22778,3.71541,6.6866
98.33554395,4.56161,4.56161,2.68288,4.14107,6.53556
98.34377002,5.08796,5.08796,3.28408,4.68293,6.30352
98.34640406,5.24668,5.24668,3.4734,4.84809,6.22191
98.34834444,5.36043,5.36043,3.61158,4.96698,6.15971
98.34878012,5.38542,5.38542,3.64237,4.99318,6.14575
98.3495519,5.42969,5.42969,3.69691,5.03959,6.12013
98.35131599,5.52871,5.52871,3.82044,5.14365,6.06158
98.35166277,5.54775,5.54775,3.84472,5.16369,6.04976
98.35257449,5.59781,5.59781,3.90784,5.21637,6.0187
98.35335354,5.6397,5.6397,3.96177,5.26049,5.99165
98.35416696,5.68343,5.68343,4.01736,5.30655,5.9634
98.35554163,5.75575,5.75575,4.11131,5.38277,5.91473
98.35829096,5.89605,5.89605,4.29576,5.5308,5.81485
98.36293439,6.12024,6.12024,4.59737,5.76791,5.63853
98.36672207,6.29149,6.29149,4.83314,5.94964,5.48774
98.369879,6.4264,6.4264,5.02183,6.09329,5.35737
98.37212131,6.51795,6.51795,5.15126,6.19106,5.26222
98.37422446,6.60065,6.60065,5.26904,6.27959,5.17107
98.37551002,6.64969,6.64969,5.3393,6.33221,5.11446
98.37794743,6.73955,6.73955,5.46901,6.42889,5.0053
98.38282225,6.90712,6.90712,5.71516,6.61017,4.77992
98.39257189,7.19415,7.19415,6.15695,6.92502,4.30212
98.40272969,7.42577,7.42577,6.54828,7.18621,3.76801
98.41683077,7.63527,7.63527,6.97876,7.43766,2.9704
98.43101779,7.71745,7.71745,7.28245,7.56286,2.10877
98.45939183,7.51422,7.51422,7.51454,7.44634,0.244977
98.47598934,7.17791,7.17791,7.42526,7.16041,-0.913217
98.48337795,6.97851,6.97851,7.3335,6.98322,-1.44007
98.48584262,6.90536,6.90536,7.29588,6.91744,-1.617
98.48763627,6.85009,6.85009,7.26634,6.86752,-1.74577
98.4893831,6.79465,6.79465,7.23585,6.81727,-1.87117
98.49287676,6.67908,6.67908,7.16982,6.71204,-2.12183
98.49986408,6.42958,6.42958,7.01793,6.48306,-2.61983
98.51383871,5.86063,5.86063,6.63764,5.95454,-3.5836
98.52512476,5.33651,5.33651,6.25897,5.46257,-4.31044
98.53457618,4.85582,4.85582,5.89491,5.00858,-4.86755
98.53861292,4.63934,4.63934,5.72676,4.80348,-5.08856
98.54107331,4.50425,4.50425,5.62066,4.6753,-5.21775
98.54340978,4.37381,4.37381,5.51744,4.55144,-5.33641
98.54569177,4.24445,4.24445,5.41434,4.4285,-5.44851
98.55024548,3.98069,3.98069,5.20203,4.17755,-5.66132
98.55935291,3.43183,3.43183,4.75215,3.65424,-6.04524
98.57006126,2.75266,2.75266,4.18239,3.00484,-6.428
98.58364387,1.84423,1.84423,3.40138,2.13338,-6.81002
98.59914729,0.752402,0.752402,2.43865,1.08215,-7.10799
98.61824775,-0.655373,-0.655373,1.16397,-0.279309,-7.27818
98.62831319,-1.41802,-1.41802,0.457708,-1.02085,-7.28212
98.63330428,-1.79956,-1.79956,0.0996869,-1.39335,-7.2625
98.63504353,-1.93285,-1.93285,-0.0261971,-1.52382,-7.25194
98.63585829,-1.99529,-1.99529,-0.0853547,-1.58493,-7.247
98.63678936,-2.06665,-2.06665,-0.153093,-1.65494,-7.24017
98.63780513,-2.14449,-2.14449,-0.227153,-1.73133,-7.23273
98.63900409,-2.23638,-2.23638,-0.314778,-1.82148,-7.22241
98.64046117,-2.34776,-2.34776,-0.421561,-1.93105,-7.20987
98.64285053,-2.53041,-2.53041,-0.597331,-2.11079,-7.186
98.64762924,-2.89335,-2.89335,-0.951115,-2.46951,-7.12894
98.65161095,-3.19281,-3.19281,-1.24789,-2.76687,-7.07201
98.65435755,-3.3974,-3.3974,-1.45348,-2.97078,-7.02782
98.65653422,-3.55816,-3.55816,-1.61688,-3.13148,-6.98996
98.6575759,-3.63445,-3.63445,-1.69508,-3.20794,-6.9707
98.6585605,-3.70656,-3.70656,-1.76909,-3.2802,-6.95249
98.66137904,-3.9106,-3.9106,-1.98097,-3.48534,-6.89683
98.6642393,-4.11445,-4.11445,-2.19598,-3.69107,-6.83617
98.66995982,-4.51042,-4.51042,-2.62411,-4.09318,-6.70246
98.68140085,-5.2405,-5.2405,-3.46144,-4.84499,-6.38698
98.68512421,-5.4585,-5.4585,-3.72674,-5.07239,-6.27071
98.68741705,-5.58756,-5.58756,-3.88779,-5.20753,-6.19585
98.68886774,-5.66712,-5.66712,-3.98861,-5.29097,-6.14676
98.69028514,-5.74328,-5.74328,-4.08622,-5.37092,-6.09879
98.69181407,-5.82369,-5.82369,-4.19043,-5.45541,-6.04551
98.69487193,-5.97923,-5.97923,-4.39514,-5.61906,-5.93581
98.70098764,-6.2698,-6.2698,-4.78732,-5.92577,-5.70406
98.7053454,-6.46053,-6.46053,-5.05102,-6.12802,-5.52909
98.70724442,-6.53946,-6.53946,-5.16155,-6.21198,-5.45031
98.70907464,-6.61316,-6.61316,-5.26543,-6.29055,-5.37296
98.71067752,-6.67582,-6.67582,-5.35427,-6.35747,-5.30409
98.71237076,-6.74009,-6.74009,-5.44596,-6.42628,-5.2302
98.71562248,-6.85806,-6.85806,-5.61602,-6.55299,-5.08507
98.72099829,-7.03743,-7.03743,-5.88041,-6.74694,-4.83606
98.7317499,-7.33829,-7.33829,-6.34933,-7.07753,-4.3057
98.74190236,-7.55235,-7.55235,-6.72113,-7.32032,-3.76753
98.75655498,-7.74362,-7.74362,-7.13964,-7.55403,-2.93274
98.7792146,-7.77485,-7.77485,-7.51969,-7.65228,-1.52672
98.80026893,-7.52844,-7.52844,-7.59079,-7.46856,-0.118494
98.81596311,-7.18069,-7.18069,-7.47315,-7.16713,0.978516
98.8223925,-6.99911,-6.99911,-7.38386,-7.00435,1.43617
98.82465977,-6.92979,-6.92979,-7.34678,-6.94162,1.59841
98.82683153,-6.86088,-6.86088,-7.30858,-6.87901,1.75381
98.82879387,-6.79653,-6.79653,-7.27183,-6.82034,1.89423
98.83271854,-6.66204,-6.66204,-7.19208,-6.69713,2.17465
98.84056788,-6.37042,-6.37042,-7.00803,-6.42789,2.7304
98.85626656,-5.70166,-5.70166,-6.54588,-5.80312,3.79427
98.86835815,-5.11326,-5.11326,-6.10821,-5.24811,4.54413
98.87511847,-4.75794,-4.75794,-5.83376,-4.91134,4.92819
98.87842192,-4.57772,-4.57772,-5.69213,-4.74017,5.10508
98.8810231,-4.43289,-4.43289,-5.57724,-4.60245,5.23892
98.88342695,-4.29682,-4.29682,-5.46849,-4.47297,5.35824
98.88564889,-4.16919,-4.16919,-5.3658,-4.35142,5.46482
98.89009279,-3.90875,-3.90875,-5.15433,-4.10315,5.66761
98.89898057,-3.36821,-3.36821,-4.70797,-3.58688,6.0333
98.90932213,-2.70857,-2.70857,-4.15139,-2.95524,6.39411
98.92310259,-1.78396,-1.78396,-3.35267,-2.06721,6.77
98.93877222,-0.67871,-0.67871,-2.37384,-1.00195,7.05529
98.95686972,0.653306,0.653306,-1.16396,0.287178,7.20161
98.96680491,1.40329,1.40329,-0.468113,1.01663,7.20013
98.97166573,1.77329,1.77329,-0.12044,1.37788,7.17864
98.97335681,1.9023,1.9023,0.00154383,1.50421,7.16756
98.97427738,1.97253,1.97253,0.0681551,1.57298,7.16153
98.9751653,2.04027,2.04027,0.132533,1.63931,7.15458
98.97618155,2.1178,2.1178,0.206366,1.71539,7.14663
98.97732035,2.20468,2.20468,0.289289,1.80065,7.13635
98.97859926,2.30203,2.30203,0.38264,1.89639,7.12481
98.9805924,2.45375,2.45375,0.528583,2.0456,7.10438
98.98428734,2.7337,2.7337,0.800508,2.3219,7.06076
98.98943903,3.12037,3.12037,1.18221,2.70525,6.98757
98.9922415,3.32846,3.32846,1.39092,2.91244,6.94178
98.99573269,3.58484,3.58484,1.65167,3.16866,6.87889
98.99763353,3.72291,3.72291,1.79391,3.30709,6.84195
98.99895096,3.81787,3.81787,1.89249,3.40249,6.81458
99.00088608,3.95615,3.95615,2.0373,3.54171,6.77439
99.00444745,4.20645,4.20645,2.30342,3.79468,6.69418
99.01157019,4.68735,4.68735,2.83159,4.28452,6.51463
99.01705698,5.03676,5.03676,3.23236,4.64413,6.35925
99.02165033,5.31285,5.31285,3.5619,4.93094,6.21798
99.0237075,5.43131,5.43131,3.70738,5.05474,6.15145
99.02578196,5.54736,5.54736,3.85252,5.17639,6.08234
99.02712431,5.62062,5.62062,3.94551,5.2533,6.03627
99.02804594,5.66968,5.66968,4.00864,5.30484,6.00464
99.02918253,5.73018,5.73018,4.0865,5.36841,5.96416
99.03145571,5.84737,5.84737,4.23977,5.49168,5.88321
99.0358142,6.06122,6.06122,4.52555,5.71709,5.72039
99.04318133,6.39137,6.39137,4.97984,6.06672,5.4264
99.04574117,6.49701,6.49701,5.12858,6.17913,5.31879
99.04748538,6.56635,6.56635,5.22706,6.2531,5.2439
99.04916286,6.63105,6.63105,5.31953,6.32226,5.17067
99.05083394,6.69357,6.69357,5.40947,6.38925,5.09659
99.05406102,6.80891,6.80891,5.57717,6.51323,4.95034
99.06051516,7.01837,7.01837,5.88983,6.74018,4.64563
99.07097647,7.29851,7.29851,6.33508,7.04919,4.11878
99.08198574,7.51504,7.51504,6.72424,7.29677,3.52305
99.09665119,7.68122,7.68122,7.11972,7.50526,2.66992
99.11429002,7.70133,7.70133,7.41377,7.57716,1.56525
99.14747914,7.24134,7.24134,7.45394,7.21449,-0.682367
99.15854918,6.94853,6.94853,7.32209,6.95377,-1.46783
99.16370888,6.78921,6.78921,7.23654,6.8093,-1.83728
99.16564682,6.72572,6.72572,7.20052,6.75136,-1.97605
99.1678922,6.64975,6.64975,7.1562,6.6818,-2.13682
99.17238294,6.49019,6.49019,7.05934,6.535,-2.45717
99.18136444,6.14167,6.14167,6.83358,6.21173,-3.08791
99.19932744,5.33452,5.33452,6.26028,5.45432,-4.26559
99.2110936,4.73106,4.73106,5.80082,4.8831,-4.94733
99.21632543,4.44465,4.44465,5.57599,4.61098,-5.2233
99.22134832,4.15986,4.15986,5.34881,4.3399,-5.47083
99.2256839,3.90665,3.90665,5.14409,4.09852,-5.67063
99.23052389,3.61625,3.61625,4.90644,3.82132,-5.87874
99.24020387,3.0126,3.0126,4.40372,3.24394,-6.24925
99.25082265,2.3181,2.3181,3.81266,2.57789,-6.58737
99.26699736,1.20393,1.20393,2.84065,1.50582,-6.96857
99.29000314,-0.472118,-0.472118,1.33218,-0.114639,-7.24058
99.30216813,-1.39065,-1.39065,0.482572,-1.00824,-7.25896
99.30784949,-1.82443,-1.82443,0.0750081,-1.43222,-7.23838
99.3098628,-1.9786,-1.9786,-0.0709231,-1.5833,-7.22632
99.31051846,-2.02881,-2.02881,-0.118606,-1.63251,-7.22239
99.31158604,-2.11055,-2.11055,-0.196398,-1.71281,-7.21456
99.3126271,-2.19027,-2.19027,-0.272433,-1.79111,-7.20693
99.31404133,-2.29836,-2.29836,-0.375991,-1.89749,-7.19519
99.31622374,-2.46516,-2.46516,-0.536376,-2.06164,-7.1749
99.32041426,-2.7838,-2.7838,-0.846146,-2.37646,-7.12868
99.32468829,-3.10596,-3.10596,-1.16425,-2.69614,-7.07176
99.32774685,-3.33423,-3.33423,-1.39303,-2.92356,-7.02504
99.33131324,-3.59738,-3.59738,-1.66066,-3.18672,-6.96431
99.33318687,-3.73413,-3.73413,-1.80157,-3.32392,-6.92974
99.33453902,-3.83206,-3.83206,-1.90326,-3.42238,-6.90365
99.3366356,-3.98252,-3.98252,-2.06093,-3.57399,-6.86135
99.34058917,-4.26109,-4.26109,-2.35781,-3.85585,-6.77547
99.34849632,-4.79314,-4.79314,-2.94611,-4.39893,-6.58028
99.35449879,-5.17054,-5.17054,-3.38456,-4.78862,-6.41168
99.35629514,-5.27856,-5.27856,-3.51397,-4.901,-6.35744
99.35689477,-5.3139,-5.3139,-3.55717,-4.93788,-6.33934
99.35777895,-5.36602,-5.36602,-3.62036,-4.99227,-6.31193
99.35819475,-5.39007,-5.39007,-3.65007,-5.01743,-6.29904
99.35902635,-5.43817,-5.43817,-3.70899,-5.06775,-6.27253
99.36030023,-5.51035,-5.51035,-3.79923,-5.14342,-6.23191
99.36065958,-5.53071,-5.53071,-3.82446,-5.16476,-6.22046
99.36145055,-5.57453,-5.57453,-3.87999,-5.21076,-6.19451
99.36215721,-5.61368,-5.61368,-3.92921,-5.25185,-6.17133
99.36289756,-5.65372,-5.65372,-3.98077,-5.29391,-6.14648
99.36400102,-5.7134,-5.7134,-4.05699,-5.3566,-6.10944
99.36613404,-5.8255,-5.8255,-4.20264,-5.47447,-6.03591
99.36969926,-6.00524,-6.00524,-4.44064,-5.66376,-5.90843
99.3768297,-6.3371,-6.3371,-4.89241,-6.01462,-5.63678
99.37975804,-6.4629,-6.4629,-5.06772,-6.14821,-5.51886
99.38135065,-6.52879,-6.52879,-5.16038,-6.21835,-5.45269
99.3828887,-6.59075,-6.59075,-5.24798,-6.28443,-5.38879
99.38431908,-6.64692,-6.64692,-5.32779,-6.34443,-5.32755
99.38584251,-6.70521,-6.70521,-5.41104,-6.40681,-5.26234
99.38887178,-6.81642,-6.81642,-5.57137,-6.52618,-5.12899
99.3949303,-7.02027,-7.02027,-5.87205,-6.74651,-4.85146
99.40492275,-7.30294,-7.30294,-6.31232,-7.05682,-4.36358
99.41585783,-7.5368,-7.5368,-6.71749,-7.32158,-3.78919
99.43002978,-7.72468,-7.72468,-7.12681,-7.55036,-2.9874
99.44720239,-7.78263,-7.78263,-7.45163,-7.65874,-1.9395
99.47896561,-7.42858,-7.42858,-7.57858,-7.39802,0.166049
99.4944342,-7.04917,-7.04917,-7.42475,-7.0634,1.248
99.50211461,-6.81271,-6.81271,-7.29758,-6.8489,1.79247
99.50482911,-6.72173,-6.72173,-7.24474,-6.76562,1.98524
99.50733954,-6.63426,-6.63426,-7.19229,-6.68524,2.16352
99.5123604,-6.45001,-6.45001,-7.0773,-6.51509,2.51804
99.52240211,-6.04569,-6.04569,-6.80808,-6.1386,3.21277
99.54248552,-5.10447,-5.10447,-6.12177,-5.25201,4.48262
99.55049106,-4.68236,-4.68236,-5.79526,-4.8514,4.9302
99.55491592,-4.43821,-4.43821,-5.60238,-4.61909,5.16018
99.55913361,-4.19869,-4.19869,-5.41066,-4.39085,5.36679
99.56289324,-3.97981,-3.97981,-5.23347,-4.18202,5.54051
99.56707737,-3.7305,-3.7305,-5.02951,-3.94388,5.72247
99.57544563,-3.21483,-3.21483,-4.60113,-3.45046,6.05162
99.58536175,-2.57645,-2.57645,-4.06009,-2.83815,6.38334
99.59956975,-1.61599,-1.61599,-3.22708,-1.91419,6.75139
99.62217761,0.0010991,0.00109911,-1.78154,-0.351659,7.08435
99.63800099,1.18182,1.18182,-0.694952,0.795663,7.13749
99.6446804,1.6885,1.6885,-0.220012,1.29052,7.11629
99.64680281,1.85023,1.85023,-0.0672536,1.44894,7.10421
99.6481358,1.95181,1.95181,0.0290951,1.54843,7.09501
99.64896013,2.01463,2.01463,0.0888265,1.61014,7.08932
99.6499674,2.09138,2.09138,0.161959,1.68554,7.08117
99.65103313,2.17259,2.17259,0.239506,1.76532,7.07256
99.65225812,2.26579,2.26579,0.328851,1.85702,7.06097
99.65393249,2.39317,2.39317,0.45132,1.98239,7.04513
99.65683728,2.61343,2.61343,0.664689,2.1999,7.01303
99.66264686,3.05019,3.05019,1.09441,2.63302,6.93511
99.66600672,3.29981,3.29981,1.3445,2.8818,6.88179
99.669409,3.54973,3.54973,1.59861,3.13186,6.82169
99.67118778,3.67908,3.67908,1.73177,3.26169,6.78785
99.67372477,3.86167,3.86167,1.92168,3.44546,6.73673
99.67590627,4.01668,4.01668,2.08498,3.60198,6.69013
99.68022135,4.317,4.317,2.40726,3.90662,6.59083
99.6888515,4.88631,4.88631,3.04418,4.48995,6.36449
99.6949289,5.25755,5.25755,3.48293,4.87532,6.18337
99.69760146,5.41225,5.41225,3.67259,5.03722,6.09814
99.69936473,5.51127,5.51127,3.79609,5.1412,6.0397
99.70023457,5.55894,5.55894,3.85701,5.19133,6.01087
99.70104449,5.60332,5.60332,3.91301,5.23802,5.98321
99.70199177,5.65386,5.65386,3.97852,5.29125,5.95085
99.70298637,5.70693,5.70693,4.04667,5.34714,5.91587
99.70468126,5.79497,5.79497,4.1617,5.43994,5.85626
99.70807103,5.96452,5.96452,4.38717,5.61895,5.73241
99.71447603,6.26188,6.26188,4.79374,5.93406,5.48465
99.7189248,6.45111,6.45111,5.05927,6.13561,5.3022
99.72103415,6.53595,6.53595,5.18,6.2263,5.21277
99.72295381,6.61046,6.61046,5.28687,6.30615,5.12977
99.7247789,6.67895,6.67895,5.38582,6.37973,5.04947
99.7267741,6.7512,6.7512,5.49106,6.45757,4.96015
99.73076451,6.88758,6.88758,5.69268,6.60517,4.77678
99.73874533,7.12809,7.12809,6.06188,6.86839,4.39179
99.75029618,7.40099,7.40099,6.51912,7.17477,3.79391
99.76223655,7.59097,7.59097,6.89874,7.40007,3.1289
99.77827082,7.70225,7.70225,7.26361,7.5596,2.16906
99.803862,7.55329,7.55329,7.51286,7.48822,0.508001
99.82220206,7.21092,7.21092,7.4476,7.20097,-0.75908
99.83033979,6.99831,6.99831,7.35509,7.01254,-1.33624
99.83318918,6.91528,6.91528,7.31364,6.93792,-1.53998
99.83436659,6.87935,6.87935,7.29478,6.90546,-1.62417
99.83547738,6.84545,6.84545,7.277,6.87483,-1.70373
99.83769897,6.77506,6.77506,7.23864,6.81094,-1.86285
99.84214214,6.6267,6.6267,7.15376,6.67552,-2.18059
99.85102848,6.30059,6.30059,6.9521,6.37499,-2.80956
99.86880117,5.53801,5.53801,6.42716,5.66257,-4.00105
99.88149522,4.90877,4.90877,5.95763,5.06856,-4.76483
99.88723898,4.60203,4.60203,5.72025,4.77766,-5.07979
99.89054724,4.41942,4.41942,5.57672,4.60416,-5.25128
99.89366491,4.24354,4.24354,5.43707,4.43685,-5.40586
99.89656558,4.07669,4.07669,5.3034,4.27797,-5.54356
99.90220881,3.74359,3.74359,5.03331,3.96036,-5.79496
99.91088778,3.21057,3.21057,4.59316,3.45104,-6.14062
99.92466647,2.31748,2.31748,3.83696,2.59502,-6.59096
99.93763281,1.43029,1.43029,3.06625,1.74172,-6.90709
99.95815891,-0.0481607,-0.0481608,1.74596,0.313781,-7.20031
99.97163185,-1.05754,-1.05754,0.821197,-0.66571,-7.25772
99.97804479,-1.54588,-1.54588,0.36668,-1.14155,-7.24811
99.98083166,-1.7593,-1.7593,0.166545,-1.34991,-7.23661
99.98188121,-1.83968,-1.83968,0.0907891,-1.42866,-7.23086
99.98283116,-1.91243,-1.91243,0.0220527,-1.49994,-7.22565
99.98370586,-1.97948,-1.97948,-0.0413748,-1.56558,-7.21992
99.98467678,-2.0539,-2.0539,-0.111928,-1.63861,-7.21355
99.98570391,-2.13263,-2.13263,-0.186733,-1.71588,-7.20569
99.9868052,-2.21704,-2.21704,-0.267125,-1.79872,-7.19725
99.98802407,-2.31028,-2.31028,-0.356318,-1.89041,-7.18616
99.98992331,-2.45557,-2.45557,-0.495738,-2.03331,-7.16887
99.99338496,-2.71933,-2.71933,-0.751144,-2.29376,-7.13113
100,-3.21788,-3.21788,-1.2431,-2.78851,-7.04109
