"TIME","SIN1","SIN2","SIN3","SIN4","SIN5"
90,5.72538,5.72477,1.57874,4.44883,3.11716
90.00100562,5.68343,5.68281,1.64967,4.50396,3.05759
90.0021549,5.63494,5.63432,1.73072,4.56619,2.98916
90.00445346,5.53625,5.53561,1.89264,4.68801,2.85112
90.00629372,5.45537,5.45472,2.02228,4.78292,2.73949
90.00682441,5.43205,5.4314,2.05966,4.80974,2.70701
90.00735333,5.40827,5.40762,2.09683,4.83648,2.67465
90.00821056,5.36975,5.36909,2.15705,4.87893,2.62219
90.0091134,5.32917,5.32851,2.22049,4.92364,2.56641
90.01044906,5.26812,5.26745,2.31391,4.98831,2.4839
90.0130463,5.14728,5.1466,2.49557,5.1105,2.32174
90.01745644,4.9358,4.93509,2.80125,5.30756,2.04233
90.0262767,4.48998,4.48924,3.39847,5.66411,1.46919
90.03670673,3.92562,3.92483,4.06847,6.02352,0.76908
90.04972377,3.16931,3.16846,4.82281,6.38042,-0.133702
90.05442306,2.88274,2.88188,5.06963,6.48457,-0.466795
90.05897738,2.59866,2.59778,5.29457,6.57318,-0.792646
90.06234329,2.38487,2.38398,5.45166,6.63092,-1.0351
90.06563025,2.17308,2.17218,5.59765,6.68101,-1.27302
90.06642928,2.12105,2.12015,5.63177,6.69201,-1.33085
90.06743354,2.05565,2.05475,5.67466,6.70584,-1.4038
90.06995503,1.89004,1.88913,5.77876,6.73744,-1.58697
90.07202058,1.75319,1.75228,5.86097,6.76062,-1.73716
90.07570922,1.50625,1.50532,6.00099,6.79599,-2.00537
90.08308649,1.00312,1.00217,6.25536,6.84375,-2.53895
90.09784105,-0.035034,-0.0360098,6.66351,6.84925,-3.57292
90.10879035,-0.828351,-0.829341,6.88104,6.77744,-4.29201
90.11431265,-1.23432,-1.23532,6.96347,6.71715,-4.63383
90.11977879,-1.63843,-1.63942,7.02729,6.64195,-4.95416
90.12125595,-1.74793,-1.74893,7.04101,6.61857,-5.0374
90.12241353,-1.83375,-1.83474,7.05176,6.60025,-5.10129
90.12302273,-1.87891,-1.8799,7.05658,6.58988,-5.13491
90.12449453,-1.98802,-1.98901,7.06823,6.56484,-5.21433
90.12540889,-2.0558,-2.05679,7.07428,6.54827,-5.26234
90.12687639,-2.16433,-2.16532,7.08399,6.52167,-5.33939
90.12980626,-2.38101,-2.382,7.09888,6.46473,-5.48748
90.13471868,-2.74188,-2.74286,7.11282,6.35991,-5.72211
90.1445435,-3.44845,-3.44938,7.09982,6.11604,-6.14249
90.15452404,-4.13348,-4.13436,7.0319,5.8231,-6.5051
90.16884054,-5.02315,-5.0239,6.84146,5.32766,-6.91553
90.17433753,-5.33058,-5.33128,6.73976,5.1146,-7.03917
90.17934398,-5.59209,-5.59273,6.63373,4.91002,-7.13562
90.18288286,-5.76612,-5.76672,6.55121,4.75953,-7.19457
90.18674581,-5.94595,-5.94652,6.45411,4.58986,-7.25027
90.19447171,-6.27489,-6.27539,6.23849,4.2343,-7.3348
90.20269197,-6.58107,-6.5815,5.97859,3.83323,-7.38585
90.2191325,-7.06212,-7.0624,5.36988,2.96675,-7.37074
90.23650855,-7.38472,-7.38485,4.60678,1.96763,-7.19066
90.26271846,-7.52368,-7.5236,3.25229,0.330124,-6.62087
90.27834175,-7.414,-7.4138,2.3411,-0.705522,-6.12024
90.28543777,-7.31799,-7.31773,1.90403,-1.18673,-5.85502
90.28757469,-7.28351,-7.28324,1.76974,-1.33274,-5.77065
90.28890974,-7.26022,-7.25994,1.68525,-1.42397,-5.71655
90.29019547,-7.23779,-7.2375,1.60348,-1.51199,-5.66445
90.29276692,-7.18932,-7.189,1.43879,-1.68804,-5.55741
90.29790982,-7.08178,-7.08143,1.10503,-2.03964,-5.33509
90.30819562,-6.82548,-6.82506,0.421583,-2.73424,-4.8589
90.32414665,-6.32427,-6.32375,-0.672591,-3.75711,-4.04323
90.33060419,-6.08655,-6.08599,-1.12519,-4.14553,-3.68757
90.3367926,-5.84075,-5.84015,-1.56185,-4.49824,-3.33394
90.33849414,-5.77013,-5.76951,-1.68224,-4.59154,-3.23457
90.34017176,-5.69874,-5.69812,-1.80094,-4.68175,-3.13574
90.3415583,-5.63974,-5.63911,-1.89905,-4.75455,-3.05327
90.34227248,-5.60861,-5.60798,-1.94958,-4.79204,-3.01079
90.34330022,-5.56381,-5.56317,-2.0223,-4.84487,-2.94909
90.34401273,-5.53223,-5.53159,-2.0726,-4.88081,-2.90631
90.34498505,-5.48914,-5.48849,-2.14124,-4.92984,-2.84741
90.34605507,-5.44066,-5.44,-2.21677,-4.98275,-2.78259
90.34800651,-5.35224,-5.35158,-2.35414,-5.07718,-2.66329
90.35188803,-5.17087,-5.17019,-2.62595,-5.25733,-2.42293
90.35965106,-4.79019,-4.78947,-3.16069,-5.58832,-1.93063
90.37079709,-4.20406,-4.20328,-3.89528,-5.99811,-1.19918
90.38268303,-3.5313,-3.53046,-4.61417,-6.35284,-0.391113
90.38803797,-3.2129,-3.21205,-4.91148,-6.48532,-0.0184583
90.39081653,-3.04413,-3.04326,-5.05836,-6.54745,0.176814
90.39348844,-2.87964,-2.87876,-5.19451,-6.60297,0.3657
90.39602214,-2.72175,-2.72086,-5.31898,-6.65181,0.545739
90.39882173,-2.54518,-2.54429,-5.45134,-6.70147,0.745627
90.40199383,-2.34254,-2.34164,-5.59491,-6.75231,0.973184
90.40483559,-2.15875,-2.15783,-5.71786,-6.79298,1.17797
90.40578634,-2.09668,-2.09576,-5.75755,-6.80532,1.24649
90.40663522,-2.04127,-2.04035,-5.793,-6.81635,1.30787
90.40894794,-1.8891,-1.88818,-5.8865,-6.84368,1.47511
90.41023933,-1.80357,-1.80264,-5.93723,-6.85698,1.56864
90.41201444,-1.68534,-1.68441,-6.00524,-6.87526,1.69721
90.4151028,-1.47792,-1.47697,-6.11888,-6.90171,1.92089
90.42127951,-1.05679,-1.05583,-6.32843,-6.93865,2.3667
90.43363294,-0.192411,-0.191419,-6.6777,-6.94978,3.23974
90.44545345,0.657842,0.658854,-6.92597,-6.88382,4.03241
90.45214726,1.14735,1.14837,-7.02969,-6.8139,4.45551
90.45589736,1.42344,1.42446,-7.07626,-6.76461,4.68239
90.45820336,1.59374,1.59476,-7.1008,-6.73073,4.81784
90.45934986,1.6784,1.67942,-7.11185,-6.71224,4.88388
90.46164285,1.84781,1.84883,-7.13097,-6.67525,5.01312
90.46269428,1.9255,1.92651,-7.13974,-6.65679,5.07084
90.46332322,1.97196,1.97298,-7.14405,-6.64575,5.10537
90.4639415,2.01764,2.01866,-7.14828,-6.63489,5.13863
90.46450442,2.05923,2.06025,-7.15214,-6.62448,5.16892
90.4654794,2.13116,2.13217,-7.15777,-6.60644,5.2202
90.46645872,2.2034,2.20441,-7.16342,-6.58732,5.27171
90.46815947,2.32865,2.32966,-7.17145,-6.5541,5.35882
90.47156098,2.57823,2.57924,-7.18259,-6.48269,5.52665
90.47786511,3.03581,3.03679,-7.18599,-6.33582,5.81615
90.48779892,3.73519,3.73613,-7.14666,-6.06728,6.21802
90.49897723,4.47353,4.47439,-7.03859,-5.71292,6.59354
90.50616061,4.91241,4.9132,-6.93423,-5.45705,6.79286
90.51028399,5.14922,5.14997,-6.86223,-5.30054,6.89263
90.5122596,5.25838,5.2591,-6.82464,-5.22311,6.93667
90.5141478,5.35992,5.36063,-6.78688,-5.14766,6.9765
90.51583668,5.44843,5.44911,-6.75159,-5.079,7.01027
90.51762357,5.53971,5.54038,-6.71271,-5.00516,7.04408
90.5210203,5.70669,5.70732,-6.63447,-4.86146,7.10295
90.52700915,5.98098,5.98154,-6.48294,-4.59773,7.18959
90.53728626,6.39429,6.39476,-6.1837,-4.11569,7.28787
90.54824862,6.75774,6.7581,-5.81201,-3.56285,7.32361
90.56253997,7.11486,7.11509,-5.25078,-2.78747,7.26593
90.58345511,7.40616,7.4062,-4.28715,-1.55647,6.97826
90.60543112,7.4263,7.42615,-3.11368,-0.16255,6.43148
90.62080216,7.27249,7.27222,-2.20651,0.858589,5.90925
90.62716756,7.16938,7.16906,-1.81183,1.28942,5.66076
90.62947249,7.12645,7.12611,-1.66635,1.44631,5.56627
90.63165429,7.08314,7.08279,-1.52749,1.59482,5.47471
90.63424597,7.02836,7.02799,-1.36115,1.77124,5.36333
90.63942932,6.90813,6.90771,-1.02423,2.12324,5.13224
90.64979601,6.62612,6.62563,-0.335026,2.81674,4.63827
90.66357766,6.16911,6.16853,0.6075,3.69459,3.92021
90.66984109,5.93136,5.93074,1.04399,4.07101,3.57181
90.67460694,5.73835,5.73769,1.37838,4.34498,3.29802
90.67609029,5.67572,5.67506,1.48281,4.42784,3.21099
90.67745012,5.61831,5.61764,1.57854,4.50266,3.13121
90.67942442,5.53287,5.53219,1.71753,4.6092,3.01392
90.68106446,5.46022,5.45953,1.83299,4.69574,2.91534
90.68217806,5.41089,5.41019,1.91138,4.75321,2.8484
90.68277563,5.38387,5.38317,1.95345,4.78405,2.8121
90.68327386,5.36133,5.36063,1.98853,4.80928,2.78184
90.68377289,5.33877,5.33806,2.02359,4.83456,2.75152
90.68550815,5.25907,5.25836,2.1455,4.92072,2.64529
90.6867274,5.20233,5.2016,2.23085,4.97997,2.57014
90.68911747,5.08931,5.08858,2.39816,5.0931,2.42164
90.69312141,4.89482,4.89406,2.67644,5.27394,2.16943
90.70112929,4.48708,4.48627,3.22279,5.60442,1.65292
90.71205466,3.89272,3.89187,3.93406,5.99089,0.924553
90.72406029,3.19274,3.19183,4.6484,6.33252,0.0967458
90.72929328,2.87305,2.87212,4.93316,6.45459,-0.272206
90.73223057,2.68993,2.68899,5.08501,6.51605,-0.481235
90.73495635,2.51775,2.5168,5.2205,6.56858,-0.676315
90.73813332,2.31444,2.31348,5.37183,6.62437,-0.904866
90.74084198,2.13895,2.13798,5.49535,6.66734,-1.1006
90.74360083,1.95821,1.95723,5.61606,6.70675,-1.30065
90.74578021,1.81406,1.81307,5.70783,6.73479,-1.45912
90.74707973,1.72755,1.72655,5.76107,6.74959,-1.55362
90.74877016,1.61439,1.61339,5.8287,6.76885,-1.67671
90.75162808,1.42156,1.42055,5.93888,6.79665,-1.88482
90.75734392,1.0304,1.02938,6.14376,6.83841,-2.30008
90.76877558,0.22849,0.227438,6.49272,6.86745,-3.11692
90.78270354,-0.777488,-0.778564,6.81034,6.80699,-4.06059
90.78888306,-1.23202,-1.2331,6.91383,6.74703,-4.45458
90.79507156,-1.69,-1.69108,6.99474,6.66709,-4.82816
90.79673676,-1.81355,-1.81463,7.01264,6.6422,-4.92476
90.79838794,-1.93605,-1.93713,7.02829,6.61572,-5.01868
90.79940625,-2.01161,-2.01268,7.03795,6.59938,-5.07541
90.79997559,-2.05385,-2.05493,7.04265,6.58965,-5.10713
90.80092572,-2.12434,-2.12542,7.0505,6.57341,-5.15915
90.80259531,-2.24796,-2.24903,7.06273,6.54354,-5.24888
90.80376474,-2.33454,-2.33561,7.07035,6.5218,-5.31047
90.80605928,-2.50391,-2.50498,7.08298,6.47719,-5.42836
90.80989261,-2.78532,-2.78638,7.09735,6.39694,-5.61685
90.81755925,-3.33902,-3.34005,7.10105,6.21542,-5.96344
90.82867361,-4.10708,-4.10804,7.0483,5.90412,-6.397
90.84030002,-4.84509,-4.84595,6.92141,5.52011,-6.76602
90.84569509,-5.15968,-5.16047,6.83809,5.32226,-6.90835
90.84848012,-5.3142,-5.31496,6.78911,5.21539,-6.97473
90.85114363,-5.4566,-5.45733,6.73855,5.11024,-7.03374
90.85350425,-5.57838,-5.57908,6.69071,5.0147,-7.0824
90.85611342,-5.70821,-5.70888,6.63458,4.90656,-7.13222
90.86133176,-5.95331,-5.95393,6.51221,4.68252,-7.21943
90.8707391,-6.34804,-6.34856,6.25844,4.25348,-7.33517
90.88246456,-6.75794,-6.75834,5.88462,3.67598,-7.40587
90.89650486,-7.13213,-7.1324,5.35755,2.92716,-7.38565
90.91461341,-7.43188,-7.43197,4.55988,1.88004,-7.19717
90.94543215,-7.48905,-7.48886,2.94022,-0.0657736,-6.48689
90.96071622,-7.31289,-7.31258,2.0279,-1.08714,-5.96296
90.96851188,-7.17262,-7.17224,1.53786,-1.61623,-5.65438
90.97125444,-7.11534,-7.11494,1.36178,-1.80296,-5.53942
90.97378773,-7.05887,-7.05844,1.19759,-1.97543,-5.43039
90.9788543,-6.93585,-6.93539,0.865134,-2.31883,-5.20446
90.98898744,-6.65078,-6.65025,0.185527,-2.993,-4.72253
90.99934688,-6.30739,-6.30677,-0.526715,-3.65318,-4.19059
91.00556216,-6.07691,-6.07626,-0.961081,-4.0302,-3.8533
91.00904086,-5.94012,-5.93945,-1.20601,-4.23359,-3.65882
91.01114201,-5.85484,-5.85415,-1.35452,-4.35348,-3.53942
91.01219312,-5.81104,-5.81034,-1.42881,-4.41251,-3.47888
91.01394852,-5.73788,-5.73717,-1.5531,-4.50958,-3.37778
91.01681658,-5.61482,-5.6141,-1.75616,-4.66389,-3.21009
91.01900829,-5.5184,-5.51766,-1.91135,-4.77806,-3.08028
91.02028964,-5.46109,-5.46034,-2.00207,-4.84324,-3.00373
91.02240903,-5.36478,-5.36402,-2.15187,-4.94849,-2.87608
91.02429939,-5.27731,-5.27654,-2.2852,-5.03971,-2.76115
91.02808009,-5.09802,-5.09723,-2.55068,-5.21489,-2.52833
91.03555438,-4.72705,-4.72621,-3.06802,-5.53397,-2.05708
91.04632631,-4.15583,-4.15493,-3.78501,-5.93286,-1.35441
91.05818757,-3.48044,-3.47949,-4.51498,-6.29151,-0.552328
91.06502359,-3.07041,-3.06943,-4.89951,-6.46051,-0.0779699
91.06824854,-2.87196,-2.87096,-5.07047,-6.53077,0.148608
91.07133235,-2.67934,-2.67833,-5.22719,-6.59232,0.366763
91.07397069,-2.51242,-2.5114,-5.356,-6.64064,0.554468
91.076919,-2.32365,-2.32262,-5.49427,-6.68992,0.765274
91.08009589,-2.11768,-2.11664,-5.63671,-6.73747,0.993512
91.08316813,-1.91607,-1.91502,-5.76812,-6.77799,1.21522
91.08394918,-1.86435,-1.8633,-5.80033,-6.78724,1.27158
91.08482359,-1.80645,-1.8054,-5.83638,-6.7976,1.3349
91.08718337,-1.64906,-1.648,-5.93065,-6.82289,1.50576
91.08854107,-1.55792,-1.55686,-5.98329,-6.83601,1.60418
91.09062415,-1.41727,-1.4162,-6.0618,-6.85414,1.75517
91.09445838,-1.1559,-1.15482,-6.19923,-6.88118,2.0331
91.10212685,-0.624214,-0.623109,-6.44689,-6.91087,2.58531
91.11746378,0.469078,0.470214,-6.83524,-6.87502,3.65071
91.1265988,1.13535,1.13649,-6.99958,-6.79455,4.24697
91.1308764,1.45016,1.45131,-7.05952,-6.74196,4.5134
91.13232163,1.5569,1.55805,-7.07675,-6.72157,4.60131
91.13369495,1.65833,1.65948,-7.09312,-6.70219,4.6837
91.13505247,1.75859,1.75974,-7.10764,-6.6816,4.76398
91.1377675,1.95912,1.96026,-7.13349,-6.63768,4.92079
91.1398352,2.11159,2.11273,-7.14966,-6.60123,5.03668
91.1409203,2.19161,2.19274,-7.15814,-6.5821,5.09597
91.14155654,2.23852,2.23966,-7.16215,-6.57006,5.13074
91.14219237,2.28541,2.28654,-7.16615,-6.55802,5.1647
91.14306193,2.34934,2.35047,-7.17162,-6.54157,5.21114
91.14398368,2.41711,2.41824,-7.17621,-6.5231,5.25951
91.14550619,2.52878,2.5299,-7.18379,-6.49259,5.33799
91.14851221,2.7483,2.74942,-7.19409,-6.42842,5.48791
91.15357009,3.11382,3.11491,-7.1999,-6.31082,5.72564
91.16368584,3.82226,3.8233,-7.16885,-6.04039,6.14895
91.17359821,4.47454,4.47549,-7.08438,-5.7314,6.49866
91.18054628,4.89966,4.90054,-6.99393,-5.48973,6.70624
91.18455719,5.13079,5.13162,-6.93019,-5.34109,6.81218
91.18650024,5.23862,5.23942,-6.89632,-5.26672,6.85988
91.18804048,5.32205,5.32283,-6.86754,-5.20625,6.89601
91.18948977,5.39888,5.39964,-6.84045,-5.14936,6.92799
91.1910036,5.47741,5.47815,-6.81043,-5.0886,6.96139
91.19403125,5.62929,5.63,-6.74697,-4.96443,7.02259
91.20008656,5.91316,5.91379,-6.60652,-4.70577,7.12809
91.21020916,6.33103,6.33154,-6.33258,-4.24397,7.25465
91.22126074,6.70906,6.70946,-5.97963,-3.70014,7.32272
91.23536374,7.07641,7.07665,-5.45205,-2.9511,7.30589
91.25244098,7.35283,7.3529,-4.70601,-1.97084,7.13538
91.28429677,7.39791,7.39767,-3.04585,0.0231424,6.41085
91.29980088,7.20581,7.20543,-2.1252,1.05129,5.87757
91.30747016,7.06079,7.06034,-1.64559,1.56791,5.57251
91.3101915,7.00155,7.00107,-1.47185,1.75181,5.45793
91.31270969,6.94319,6.9427,-1.30956,1.92199,5.34908
91.31774607,6.81653,6.81599,-0.980998,2.26087,5.12353
91.32781884,6.52453,6.52392,-0.309496,2.92663,4.6424
91.34133235,6.05534,6.05462,0.616353,3.77316,3.93815
91.34349531,5.97185,5.97111,0.767162,3.90311,3.81908
91.34580316,5.88058,5.87983,0.928586,4.03946,3.69044
91.3482186,5.78206,5.78129,1.09814,4.17929,3.55363
91.34907557,5.74711,5.74633,1.1583,4.22794,3.50508
91.35001327,5.70774,5.70696,1.22431,4.28117,3.45116
91.35117567,5.65895,5.65816,1.30614,4.34577,3.38432
91.35236481,5.60783,5.60703,1.39002,4.41186,3.31508
91.3536712,5.55167,5.55087,1.48217,4.483,3.23901
91.35552547,5.47022,5.4694,1.61296,4.5821,3.1298
91.35711484,5.39888,5.39805,1.72513,4.66522,3.03511
91.35814118,5.35282,5.35198,1.79756,4.71777,2.97397
91.35871997,5.32633,5.32549,1.8384,4.7474,2.93913
91.35970579,5.28121,5.28036,1.90798,4.79696,2.87978
91.3614487,5.20023,5.19937,2.03078,4.88287,2.77403
91.36266211,5.14312,5.14225,2.11627,4.9414,2.69988
91.36503055,5.0299,5.02902,2.28269,5.05269,2.55397
91.36901161,4.83453,4.83363,2.56096,5.23121,2.30526
91.37697373,4.42542,4.42447,3.1086,5.55752,1.79557
91.38799118,3.8212,3.82019,3.8346,5.94419,1.06575
91.39992116,3.12079,3.11972,4.55782,6.28059,0.247318
91.40631008,2.72714,2.72604,4.91135,6.42612,-0.201739
91.40938857,2.53308,2.53196,5.07217,6.48771,-0.420536
91.41234704,2.34404,2.34291,5.22046,6.54172,-0.632109
91.41508698,2.16683,2.16569,5.35229,6.58724,-0.82908
91.41780057,1.98937,1.98823,5.47772,6.62807,-1.02501
91.42049513,1.8113,1.81014,5.59732,6.66385,-1.22035
91.42124535,1.76131,1.76015,5.62951,6.67382,-1.27474
91.42217841,1.69913,1.69797,5.66955,6.68475,-1.34261
91.42328751,1.62485,1.62368,5.71566,6.69774,-1.42329
91.42454486,1.54028,1.53911,5.76795,6.71079,-1.51475
91.42596525,1.44431,1.44313,5.82526,6.72553,-1.6182
91.42819531,1.29268,1.2915,5.91262,6.74557,-1.78063
91.43241987,1.00246,1.00127,6.06945,6.77587,-2.08834
91.44086898,0.411202,0.409984,6.34962,6.80671,-2.69893
91.4577672,-0.806112,-0.807361,6.77877,6.75238,-3.86714
91.46409087,-1.27134,-1.2726,6.89485,6.69289,-4.27921
91.47035746,-1.73508,-1.73633,6.98631,6.61347,-4.66797
91.47206543,-1.86177,-1.86302,7.00719,6.58832,-4.77018
91.47374625,-1.98645,-1.9877,7.02606,6.56213,-4.86897
91.47710791,-2.23536,-2.2366,7.05883,6.5055,-5.06059
91.47835854,-2.32796,-2.3292,7.06899,6.4827,-5.12932
91.47931658,-2.39862,-2.39985,7.07677,6.46524,-5.18197
91.48146108,-2.55679,-2.55802,7.09147,6.42385,-5.29629
91.48301965,-2.6713,-2.67253,7.10048,6.39236,-5.3772
91.48588721,-2.88098,-2.8822,7.11341,6.33136,-5.52144
91.49162234,-3.29502,-3.29621,7.12515,6.19763,-5.79254
91.50309261,-4.08978,-4.09088,7.09327,5.88469,-6.26867
91.51346198,-4.75405,-4.75505,7.00225,5.55155,-6.62577
91.52029945,-5.15603,-5.15694,6.91062,5.3067,-6.82397
91.5233424,-5.32461,-5.32548,6.86188,5.19146,-6.90276
91.5262642,-5.48006,-5.48088,6.81055,5.07729,-6.97301
91.52887454,-5.61358,-5.61437,6.76099,4.97242,-7.03132
91.5317816,-5.75642,-5.75717,6.70171,4.8525,-7.09133
91.5375957,-6.02421,-6.02488,6.5705,4.60308,-7.19589
91.54647562,-6.38874,-6.38931,6.33835,4.19837,-7.31609
91.55912051,-6.81814,-6.81856,5.94412,3.57556,-7.40618
91.57304586,-7.17209,-7.17235,5.42799,2.83156,-7.39771
91.59299342,-7.4679,-7.46793,4.55153,1.67345,-7.19685
91.62387697,-7.45746,-7.45718,2.92119,-0.284432,-6.47994
91.6362653,-7.29815,-7.29774,2.18274,-1.11246,-6.06052
91.64501216,-7.13435,-7.13386,1.63598,-1.70411,-5.72187
91.64785269,-7.07219,-7.07168,1.45419,-1.89668,-5.60456
91.6504335,-7.01201,-7.01147,1.28739,-2.07164,-5.49498
91.65559514,-6.88129,-6.88071,0.949465,-2.41955,-5.26759
91.6659184,-6.57969,-6.57901,0.258122,-3.10082,-4.78134
91.67703574,-6.19724,-6.19647,-0.506222,-3.7986,-4.21339
91.68355892,-5.9459,-5.94509,-0.962639,-4.18485,-3.85978
91.68713306,-5.79999,-5.79914,-1.21466,-4.38764,-3.65992
91.68923982,-5.7113,-5.71045,-1.36378,-4.50391,-3.54014
91.69030994,-5.66508,-5.66421,-1.43953,-4.56192,-3.47844
91.69220575,-5.58319,-5.58231,-1.57397,-4.66284,-3.36914
91.69418047,-5.49558,-5.49469,-1.71401,-4.76535,-3.25379
91.69472339,-5.47149,-5.4706,-1.75251,-4.79295,-3.22175
91.69526463,-5.44693,-5.44603,-1.79089,-4.82047,-3.18982
91.69612975,-5.40767,-5.40676,-1.85224,-4.86356,-3.13877
91.69704121,-5.36631,-5.36539,-1.91687,-4.90896,-3.08442
91.69841376,-5.30297,-5.30204,-2.01401,-4.97581,-3.00257
91.70108558,-5.17746,-5.17652,-2.20311,-5.10221,-2.84134
91.70564031,-4.95693,-4.95596,-2.52365,-5.30673,-2.56189
91.71474976,-4.49197,-4.49094,-3.15341,-5.67624,-1.98676
91.72508178,-3.92819,-3.9271,-3.83794,-6.03386,-1.31045
91.73844985,-3.14619,-3.14503,-4.64878,-6.40261,-0.402702
91.74394003,-2.80874,-2.80756,-4.95203,-6.52372,-0.0201584
91.74709646,-2.61069,-2.60949,-5.11742,-6.58545,0.202075
91.75002912,-2.42418,-2.42296,-5.26489,-6.63767,0.4099
91.75322172,-2.2185,-2.21728,-5.41863,-6.68893,0.637479
91.75724164,-1.95581,-1.95456,-5.60236,-6.74522,0.925757
91.760117,-1.76544,-1.76419,-5.72718,-6.77988,1.13297
91.76256621,-1.60172,-1.60046,-5.82924,-6.80571,1.31001
91.7648498,-1.44782,-1.44655,-5.92092,-6.82676,1.47548
91.76618006,-1.35763,-1.35635,-5.97281,-6.83701,1.57187
91.76798561,-1.23459,-1.23331,-6.04144,-6.85092,1.70282
91.77114649,-1.01754,-1.01625,-6.15669,-6.86973,1.93206
91.77746825,-0.577487,-0.576178,-6.36865,-6.89085,2.38882
91.79011177,0.32309,0.324429,-6.71946,-6.8683,3.28216
91.79894375,0.965624,0.966977,-6.90735,-6.80226,3.87994
91.80320354,1.27865,1.28001,-6.9813,-6.75586,4.15806
91.80543007,1.44298,1.44433,-7.01566,-6.72787,4.30033
91.8065278,1.52399,1.52535,-7.0311,-6.71278,4.36917
91.8078451,1.62137,1.62272,-7.04963,-6.69467,4.45178
91.80970544,1.75889,1.76024,-7.07346,-6.6671,4.56617
91.81277371,1.9857,1.98705,-7.10835,-6.61785,4.75014
91.81609666,2.23091,2.23226,-7.13995,-6.55928,4.94229
91.81826576,2.39048,2.39182,-7.15644,-6.51755,5.06348
91.81937316,2.47194,2.47328,-7.16486,-6.49624,5.12365
91.82021324,2.53353,2.53487,-7.17005,-6.47907,5.1693
91.82102977,2.5934,2.59473,-7.17509,-6.46239,5.21242
91.82226763,2.68378,2.68511,-7.18125,-6.43585,5.27779
91.82356558,2.77856,2.77988,-7.18771,-6.40802,5.34468
91.82616149,2.96694,2.96825,-7.19683,-6.34921,5.47472
91.8313533,3.33896,3.34023,-7.20364,-6.22216,5.72035
91.84173692,4.05513,4.05633,-7.17231,-5.93144,6.1566
91.85244355,4.73876,4.73984,-7.07859,-5.58248,6.53238
91.8588997,5.11729,5.11828,-6.99255,-5.34873,6.72343
91.8619361,5.28537,5.28631,-6.94451,-5.23288,6.80416
91.86483066,5.43921,5.44011,-6.89429,-5.11902,6.87574
91.86714608,5.55773,5.5586,-6.85104,-5.02559,6.92924
91.86961784,5.67985,5.68069,-6.80189,-4.92358,6.98269
91.87456134,5.91088,5.91165,-6.69446,-4.71268,7.07827
91.88096903,6.18495,6.18563,-6.53746,-4.4261,7.17987
91.89245801,6.6072,6.60773,-6.20747,-3.87686,7.29978
91.90444031,6.95541,6.95579,-5.79978,-3.25881,7.34119
91.92195616,7.2996,7.29977,-5.0952,-2.28131,7.25296
91.94798802,7.46233,7.46219,-3.83644,-0.695023,6.81376
91.9667803,7.33012,7.32978,-2.78842,0.528958,6.28122
91.97555424,7.19888,7.19845,-2.2629,1.11718,5.97369
91.98083817,7.09913,7.09864,-1.93637,1.47449,5.77124
91.98249392,7.06471,7.06421,-1.83256,1.58673,5.70519
91.98413515,7.02914,7.02862,-1.72902,1.69799,5.63853
91.98741762,6.9537,6.95315,-1.52007,1.9205,5.50174
91.99398256,6.78597,6.78535,-1.0952,2.36289,5.21463
92.00711243,6.38554,6.3848,-0.220876,3.22341,4.58918
92.01829072,5.97911,5.97827,0.545438,3.91348,4.00601
92.02475149,5.71772,5.71683,0.995785,4.28812,3.64883
92.02855924,5.55487,5.55394,1.2631,4.49874,3.43174
92.03087551,5.45268,5.45174,1.42628,4.62274,3.29737
92.03206268,5.39916,5.39821,1.50992,4.68453,3.22766
92.03305428,5.35445,5.35349,1.57985,4.73614,3.16944
92.03460541,5.2833,5.28233,1.68924,4.81485,3.07748
92.03631118,5.2039,5.20291,1.80954,4.89939,2.97552
92.03729061,5.15742,5.15643,1.87861,4.94699,2.91634
92.03896245,5.0781,5.0771,1.9962,5.02668,2.81534
92.04230613,4.91539,4.91436,2.23138,5.1803,2.61045
92.04808117,4.62403,4.62296,2.63419,5.42823,2.24936
92.05797406,4.09591,4.09478,3.30798,5.80395,1.6111
92.06861121,3.48977,3.48857,3.99603,6.14124,0.899706
92.08268046,2.6329,2.63162,4.81499,6.48418,-0.0750065
92.08770513,2.31246,2.31116,5.07852,6.57849,-0.43155
92.09255933,1.99629,1.99497,5.31698,6.6557,-0.779492
92.09611024,1.76112,1.75978,5.48124,6.70361,-1.03585
92.09955971,1.52969,1.52834,5.63266,6.74324,-1.28616
92.10041986,1.47142,1.47007,5.66886,6.7518,-1.34858
92.10152119,1.39682,1.39546,5.71522,6.76276,-1.42878
92.102541,1.32739,1.32602,5.75665,6.77161,-1.50305
92.10404607,1.22449,1.22312,5.81779,6.78468,-1.61266
92.10637024,1.06462,1.06324,5.90858,6.80167,-1.78201
92.11073415,0.761381,0.759988,6.06978,6.82541,-2.09997
92.11946198,0.144018,0.142599,6.35644,6.84128,-2.73054
92.13303735,-0.839855,-0.841303,6.70944,6.78405,-3.67735
92.13856405,-1.24715,-1.2486,6.82107,6.73261,-4.0465
92.14394511,-1.64587,-1.64733,6.91215,6.66723,-4.39307
92.14541284,-1.7549,-1.75635,6.93336,6.64626,-4.48518
92.1468594,-1.86235,-1.8638,6.95426,6.62559,-4.5748
92.14975252,-2.07725,-2.07869,6.9911,6.57999,-4.7502
92.15419899,-2.40653,-2.40797,7.03814,6.50177,-5.00877
92.15611471,-2.54778,-2.54921,7.05422,6.46453,-5.11584
92.15722051,-2.62931,-2.63074,7.0635,6.44304,-5.17597
92.15827829,-2.70694,-2.70836,7.07072,6.42109,-5.23348
92.15956641,-2.80147,-2.80289,7.07952,6.39436,-5.30184
92.16094787,-2.90242,-2.90383,7.08747,6.36444,-5.37376
92.16371079,-3.10316,-3.10455,7.10007,6.30188,-5.51341
92.16923662,-3.49869,-3.50005,7.11218,6.16594,-5.77655
92.1802883,-4.25492,-4.25618,7.08496,5.85222,-6.24125
92.19050441,-4.89726,-4.8984,7.0001,5.5144,-6.60025
92.19538836,-5.18121,-5.18227,6.93958,5.33714,-6.74837
92.19785413,-5.31821,-5.31922,6.9042,5.24386,-6.81744
92.20023082,-5.44595,-5.44693,6.86708,5.15162,-6.88044
92.20249874,-5.56389,-5.56484,6.82892,5.06149,-6.93729
92.2050027,-5.68969,-5.69059,6.7837,4.95963,-6.99636
92.21001062,-5.92779,-5.92862,6.68372,4.74868,-7.10294
92.21875514,-6.30209,-6.3028,6.47928,4.35807,-7.25234
92.23055648,-6.72657,-6.72712,6.14525,3.78849,-7.38093
92.24381945,-7.09599,-7.09636,5.69392,3.09455,-7.42727
92.26163239,-7.41751,-7.41766,4.97037,2.08308,-7.33139
92.29048742,-7.53044,-7.53023,3.54803,0.289964,-6.81562
92.30673282,-7.37963,-7.37923,2.62528,-0.785802,-6.33966
92.31398185,-7.26398,-7.2635,2.18779,-1.27677,-6.08613
92.3164894,-7.21717,-7.21666,2.033,-1.44782,-5.9927
92.31887909,-7.16938,-7.16885,1.88396,-1.61082,-5.90104
92.32107351,-7.1228,-7.12225,1.74585,-1.76049,-5.81464
92.32546236,-7.02204,-7.02144,1.46622,-2.05982,-5.63564
92.33424006,-6.79079,-6.7901,0.894356,-2.65203,-5.25363
92.35179546,-6.21529,-6.21443,-0.291642,-3.77539,-4.40042
92.36132685,-5.84224,-5.84129,-0.954828,-4.33494,-3.89021
92.3659067,-5.64836,-5.64738,-1.2771,-4.58758,-3.6339
92.36743646,-5.58106,-5.58006,-1.38527,-4.66931,-3.54674
92.36889272,-5.51699,-5.51598,-1.48823,-4.74537,-3.4629
92.36957532,-5.48627,-5.48525,-1.5365,-4.78102,-3.42361
92.37062225,-5.43915,-5.43813,-1.61052,-4.83453,-3.36267
92.3715042,-5.39881,-5.39778,-1.67295,-4.87872,-3.31134
92.3724135,-5.35722,-5.35619,-1.73731,-4.92428,-3.25787
92.37360697,-5.3019,-5.30085,-1.82179,-4.98281,-3.18768
92.37599392,-5.18951,-5.18844,-1.9906,-5.09691,-3.0457
92.37997358,-4.99704,-4.99594,-2.27127,-5.27863,-2.80535
92.3879329,-4.59373,-4.59257,-2.82639,-5.61152,-2.31166
92.39889446,-4.00043,-3.99919,-3.56585,-6.00601,-1.60576
92.41084634,-3.30726,-3.30595,-4.31845,-6.35424,-0.805638
92.4181293,-2.86274,-2.8614,-4.74077,-6.52525,-0.304107
92.4222342,-2.60524,-2.60387,-4.96426,-6.60804,-0.0172139
92.42436965,-2.46938,-2.468,-5.076,-6.64726,0.133142
92.42638823,-2.33981,-2.33842,-5.17865,-6.68193,0.275913
92.42876726,-2.18572,-2.18432,-5.29593,-6.7198,0.444925
92.43189572,-1.9809,-1.97948,-5.44417,-6.76468,0.668313
92.43545492,-1.74494,-1.74351,-5.60478,-6.80899,0.923857
92.43826859,-1.55628,-1.55484,-5.72581,-6.83895,1.12678
92.43999501,-1.43962,-1.43816,-5.79709,-6.85475,1.25167
92.44075573,-1.38789,-1.38644,-5.8285,-6.86171,1.3067
92.4419497,-1.30671,-1.30526,-5.87599,-6.87105,1.39329
92.44303078,-1.23285,-1.23139,-5.91898,-6.8795,1.47168
92.44434806,-1.14251,-1.14105,-5.96986,-6.88784,1.56721
92.44609079,-1.02244,-1.02097,-6.03551,-6.89887,1.69371
92.44911052,-0.812936,-0.811451,-6.14478,-6.91289,1.9129
92.45514997,-0.38875,-0.387245,-6.34643,-6.9259,2.34984
92.46722888,0.477377,0.478913,-6.68308,-6.89291,3.20643
92.4755503,1.08527,1.08682,-6.86387,-6.82524,3.77456
92.47938114,1.36748,1.36904,-6.93319,-6.78194,4.02819
92.48147796,1.52249,1.52404,-6.96743,-6.75503,4.16455
92.48250168,1.59817,1.59972,-6.98267,-6.74062,4.23037
92.48429481,1.73085,1.7324,-7.00935,-6.71537,4.34437
92.48729411,1.95278,1.95432,-7.04887,-6.66877,4.53104
92.49329271,2.39518,2.39671,-7.11219,-6.56223,4.88737
92.49623227,2.61083,2.61235,-7.13561,-6.5036,5.05305
92.49775899,2.72229,2.7238,-7.1453,-6.47107,5.13663
92.49890991,2.80632,2.80783,-7.1526,-6.44656,5.19801
92.49996794,2.8831,2.88461,-7.15778,-6.42274,5.25444
92.50129719,2.97958,2.98107,-7.16429,-6.39281,5.32354
92.50330502,3.12436,3.12585,-7.17161,-6.34553,5.42542
92.50732069,3.41078,3.41224,-7.1794,-6.24534,5.62041
92.51535203,3.96685,3.96824,-7.16795,-6.02297,5.97685
92.52648427,4.68596,4.68721,-7.09373,-5.668,6.40005
92.53261411,5.05059,5.05174,-7.0244,-5.45004,6.59872
92.53572283,5.22571,5.22681,-6.98163,-5.33356,6.6903
92.53744527,5.31966,5.32073,-6.95576,-5.26733,6.73841
92.53906735,5.40607,5.40711,-6.92998,-5.20388,6.78201
92.54109229,5.5111,5.51211,-6.89591,-5.12322,6.83414
92.54359015,5.63641,5.63738,-6.85099,-5.02153,6.89491
92.54858585,5.87343,5.87432,-6.75175,-4.81106,7.00483
92.55857727,6.29539,6.29613,-6.51654,-4.3629,7.17858
92.56895069,6.66249,6.66307,-6.22216,-3.86116,7.29471
92.58361174,7.0618,7.06218,-5.7235,-3.09398,7.34962
92.59922261,7.33672,7.33687,-5.09298,-2.21002,7.27153
92.63044434,7.44192,7.44167,-3.56476,-0.279255,6.72114
92.64694756,7.26629,7.26583,-2.628,0.810001,6.22913
92.65443142,7.13561,7.13507,-2.17666,1.31468,5.96241
92.65704955,7.08254,7.08197,-2.01512,1.49238,5.86289
92.65952565,7.02893,7.02833,-1.86075,1.66043,5.76592
92.66213934,6.9688,6.96816,-1.69621,1.83783,5.66063
92.66736672,6.83779,6.8371,-1.36251,2.19149,5.44125
92.67782147,6.53411,6.5333,-0.678275,2.88704,4.96878
92.69873098,5.77042,5.76941,0.742476,4.16686,3.90074
92.70590261,5.46216,5.46108,1.24233,4.56089,3.49849
92.70865363,5.33785,5.33675,1.43541,4.70456,3.33956
92.71060771,5.24757,5.24645,1.57255,4.80371,3.22518
92.71231932,5.16718,5.16605,1.69282,4.88835,3.12401
92.71337975,5.1164,5.11525,1.76734,4.93974,3.06062
92.71510778,5.03364,5.03248,1.88876,5.02178,2.95731
92.71856384,4.86379,4.86261,2.13106,5.17975,2.74754
92.72527795,4.52056,4.51932,2.59811,5.46422,2.33049
92.73533216,3.97545,3.97414,3.28043,5.83722,1.68417
92.74695831,3.30185,3.30045,4.02681,6.19204,0.907589
92.76050026,2.46436,2.46289,4.80685,6.50458,-0.0305296
92.76551071,2.14089,2.13939,5.06737,6.59304,-0.385897
92.77033474,1.82311,1.82159,5.30229,6.66451,-0.731563
92.77396855,1.57986,1.57832,5.46881,6.70955,-0.993882
92.77708684,1.3686,1.36704,5.60462,6.74221,-1.22017
92.77785411,1.31619,1.31463,5.63682,6.7492,-1.27584
92.77873541,1.256,1.25443,5.67381,6.75724,-1.34003
92.77984635,1.17977,1.1782,5.71897,6.76611,-1.42095
92.78112137,1.09196,1.09038,5.7708,6.77628,-1.51382
92.78257356,0.991514,0.989933,5.82803,6.78631,-1.61976
92.78485051,0.833142,0.831553,5.91506,6.79964,-1.78587
92.78920485,0.52741,0.525804,6.07236,6.81711,-2.10332
92.79791354,-0.0942777,-0.0959121,6.35159,6.82077,-2.73303
92.80660237,-0.7263,-0.727956,6.58378,6.78353,-3.34749
92.8119339,-1.11894,-1.1206,6.70355,6.74074,-3.7146
92.81513418,-1.35612,-1.35778,6.7672,6.70787,-3.93033
92.81602607,-1.42222,-1.42388,6.78355,6.69751,-3.98957
92.81711772,-1.50339,-1.50506,6.80357,6.68482,-4.06207
92.8196493,-1.69164,-1.69331,6.84658,6.65245,-4.2276
92.82203252,-1.86886,-1.87052,6.88358,6.61899,-4.38046
92.82657603,-2.20672,-2.20838,6.94484,6.54726,-4.66293
92.83024987,-2.47884,-2.48049,6.98551,6.48173,-4.88189
92.83332012,-2.70516,-2.70679,7.01343,6.42187,-5.05778
92.83552119,-2.86662,-2.86825,7.03008,6.37611,-5.17967
92.83755184,-3.01483,-3.01645,7.04294,6.33182,-5.28887
92.83882069,-3.107,-3.10861,7.04978,6.30314,-5.35552
92.84122499,-3.2806,-3.28219,7.06019,6.24671,-5.47854
92.8460336,-3.62272,-3.62428,7.07113,6.12571,-5.71222
92.85565083,-4.27931,-4.28077,7.05406,5.8521,-6.13237
92.86617897,-4.94075,-4.94205,6.97705,5.50604,-6.52285
92.87083171,-5.21056,-5.21178,6.92388,5.338,-6.67272
92.87345341,-5.35582,-5.35699,6.88883,5.23934,-6.75113
92.87586115,-5.4847,-5.48583,6.85345,5.14627,-6.81935
92.87878466,-5.63535,-5.63643,6.80643,5.03016,-6.89733
92.88173528,-5.78104,-5.78207,6.75451,4.90958,-6.97066
92.88763652,-6.05394,-6.05487,6.63742,4.65845,-7.10121
92.89623588,-6.40903,-6.40983,6.43589,4.26961,-7.25327
92.90928533,-6.85462,-6.85521,6.06276,3.63092,-7.39879
92.9229083,-7.20271,-7.2031,5.59088,2.9065,-7.4433
92.94337163,-7.50713,-7.50722,4.73694,1.72226,-7.31174
92.97367067,-7.49767,-7.49735,3.19533,-0.19549,-6.70921
92.98671423,-7.32979,-7.32931,2.43942,-1.06688,-6.30712
92.99421928,-7.19014,-7.18956,1.98207,-1.57531,-6.03894
92.99677919,-7.13545,-7.13484,1.82256,-1.74935,-5.94149
92.99913163,-7.0821,-7.08147,1.67453,-1.90929,-5.84937
93.00383651,-6.96675,-6.96605,1.37458,-2.22812,-5.65794
93.01324626,-6.70228,-6.70148,0.760441,-2.85638,-5.24746
93.03206578,-6.04579,-6.04478,-0.514311,-4.02852,-4.32451
93.03985726,-5.72599,-5.72491,-1.05689,-4.46931,-3.90457
93.04458459,-5.51883,-5.51771,-1.38897,-4.72022,-3.63963
93.04615832,-5.44724,-5.4461,-1.49995,-4.80069,-3.54978
93.04760583,-5.38139,-5.38023,-1.60203,-4.87321,-3.46612
93.04899833,-5.31635,-5.31518,-1.70023,-4.9416,-3.38565
93.05040973,-5.25043,-5.24924,-1.79977,-5.00954,-3.30315
93.05323253,-5.11536,-5.11415,-1.99874,-5.14136,-3.13635
93.05887814,-4.83579,-4.83453,-2.39494,-5.38929,-2.79583
93.07016934,-4.24085,-4.23951,-3.17091,-5.8253,-2.08905
93.08039472,-3.66337,-3.66195,-3.84186,-6.15351,-1.42193
93.09613424,-2.71016,-2.70863,-4.77276,-6.53882,-0.352642
93.10201117,-2.33542,-2.33386,-5.08317,-6.64583,0.0585641
93.10737981,-1.98496,-1.98337,-5.34692,-6.7263,0.439012
93.1112369,-1.72867,-1.72705,-5.52451,-6.77402,0.714824
93.11497109,-1.47717,-1.47554,-5.68706,-6.81223,0.983515
93.11795869,-1.27367,-1.27203,-5.81057,-6.83717,1.19956
93.11884377,-1.21292,-1.21128,-5.84581,-6.84339,1.26357
93.11969625,-1.15441,-1.15276,-5.87975,-6.84938,1.32543
93.1208273,-1.07644,-1.07478,-5.92332,-6.85604,1.4075
93.12203643,-0.992794,-0.991132,-5.9699,-6.86317,1.49524
93.1233544,-0.901279,-0.899612,-6.01916,-6.86961,1.591
93.12533461,-0.763135,-0.76146,-6.09113,-6.87747,1.73486
93.12890262,-0.512347,-0.510658,-6.21466,-6.88622,1.99409
93.13603863,-0.0041296,-0.00241568,-6.43829,-6.88298,2.50976
93.15031066,1.03299,1.03473,-6.79325,-6.79557,3.51045
93.15504244,1.38171,1.38346,-6.88397,-6.74308,3.83013
93.15745241,1.56006,1.56181,-6.92504,-6.7119,3.99006
93.15838398,1.629,1.63075,-6.93949,-6.69862,4.05124
93.16024713,1.76697,1.76871,-6.96838,-6.67206,4.17238
93.16397343,2.04289,2.04463,-7.01904,-6.61286,4.40928
93.17142602,2.59147,2.59318,-7.09615,-6.47407,4.85789
93.17482895,2.83978,2.84147,-7.12068,-6.40176,5.05049
93.17664227,2.9711,2.97278,-7.13104,-6.36035,5.14974
93.17805625,3.0735,3.07517,-7.13727,-6.32807,5.22542
93.17937911,3.16841,3.17007,-7.14311,-6.296,5.29486
93.1808334,3.27275,3.2744,-7.14779,-6.26074,5.36967
93.18363284,3.47144,3.47307,-7.15344,-6.18927,5.50929
93.18923172,3.86067,3.86224,-7.15158,-6.03565,5.77183
93.20042949,4.59444,4.59585,-7.0962,-5.68718,6.23329
93.20859814,5.08236,5.08364,-7.01315,-5.39944,6.518
93.21216356,5.28112,5.28233,-6.96579,-5.26521,6.62878
93.21505996,5.43569,5.43684,-6.92242,-5.15241,6.71283
93.21744192,5.55808,5.55919,-6.88351,-5.05717,6.77799
93.21988895,5.67943,5.68049,-6.84051,-4.95705,6.84124
93.22478301,5.90916,5.91013,-6.74547,-4.75005,6.95653
93.23457113,6.31881,6.31962,-6.52005,-4.31006,7.1427
93.24488304,6.68086,6.68149,-6.23321,-3.81097,7.27551
93.25973467,7.0807,7.08109,-5.73573,-3.03344,7.35498
93.27588843,7.35648,7.35662,-5.08891,-2.11734,7.29587
93.30819595,7.43342,7.43308,-3.50965,-0.11453,6.75329
93.32392711,7.24958,7.24903,-2.61669,0.923934,6.29461
93.33129725,7.11525,7.11459,-2.17319,1.41962,6.03803
93.33393585,7.05984,7.05915,-2.01078,1.59797,5.93991
93.33639231,7.00488,7.00416,-1.85799,1.76401,5.84572
93.34130524,6.88542,6.88463,-1.54817,2.09536,5.64934
93.35113109,6.60937,6.60846,-0.912998,2.74904,5.22589
93.37078279,5.91736,5.91623,0.407963,3.96817,4.26584
93.379687,5.54487,5.54364,1.02439,4.46618,3.78391
93.38448683,5.32947,5.3282,1.35986,4.71638,3.51271
93.38611374,5.25368,5.25239,1.47401,4.79795,3.41903
93.38762853,5.18311,5.18181,1.58029,4.87228,3.33104
93.38906323,5.11447,5.11315,1.68096,4.9412,3.24704
93.39057903,5.04194,5.04061,1.78732,5.01246,3.15759
93.39361064,4.89322,4.89187,1.99985,5.15028,2.97663
93.39967386,4.58503,4.58361,2.42269,5.40782,2.60672
93.40983243,4.03805,4.03655,3.11692,5.78751,1.96469
93.42090766,3.40089,3.3993,3.83887,6.13002,1.23591
93.43505067,2.53138,2.5297,4.67439,6.46208,0.26784
93.44086724,2.15671,2.155,4.98402,6.56476,-0.141304
93.44456078,1.914,1.91226,5.16906,6.61982,-0.404045
93.44757612,1.71325,1.7115,5.31316,6.65899,-0.62004
93.45069798,1.50307,1.50131,5.45578,6.69409,-0.844918
93.45369674,1.29904,1.29726,5.58659,6.72261,-1.06197
93.4564023,1.11323,1.11143,5.6995,6.74346,-1.25859
93.45710689,1.0645,1.0627,5.72788,6.74889,-1.3098
93.45809693,0.996022,0.994218,5.76777,6.75499,-1.38198
93.45919555,0.919715,0.917905,5.81057,6.76176,-1.46208
93.46054922,0.825349,0.823534,5.86331,6.76815,-1.56077
93.46227888,0.704235,0.702413,5.92839,6.77631,-1.68704
93.46520151,0.498264,0.49643,6.03406,6.78525,-1.9004
93.47104677,0.0816666,0.0798108,6.22943,6.78904,-2.32602
93.48273728,-0.767243,-0.769131,6.55723,6.74142,-3.16232
93.4879933,-1.15468,-1.15658,6.6775,6.69631,-3.52875
93.49171051,-1.43025,-1.43215,6.75249,6.65568,-3.7829
93.4938646,-1.59045,-1.59235,6.79215,6.62886,-3.928
93.49500031,-1.67491,-1.67681,6.81195,6.6131,-4.00373
93.49727174,-1.84386,-1.84576,6.84924,6.58159,-4.15344
93.50181459,-2.18176,-2.18365,6.91467,6.50946,-4.445
93.5109003,-2.85107,-2.85292,7.00926,6.33475,-4.98987
93.51396522,-3.07421,-3.07604,7.03032,6.26676,-5.16119
93.51603551,-3.22388,-3.22569,7.04147,6.21828,-5.27308
93.51802572,-3.36677,-3.36857,7.04987,6.16977,-5.37765
93.51995616,-3.5043,-3.50608,7.05585,6.12095,-5.47631
93.52363747,-3.76313,-3.76488,7.06138,6.02308,-5.65703
93.53100011,-4.26379,-4.26544,7.04964,5.809,-5.99048
93.54237944,-4.97757,-4.97903,6.97289,5.43182,-6.43543
93.54678691,-5.23156,-5.23293,6.92429,5.27097,-6.58521
93.54937503,-5.37422,-5.37554,6.8909,5.17277,-6.66739
93.55181596,-5.50419,-5.50545,6.85618,5.07768,-6.74104
93.55440832,-5.63734,-5.63855,6.8159,4.97411,-6.81517
93.55796168,-5.81187,-5.81302,6.75504,4.8279,-6.90999
93.5650684,-6.13433,-6.13535,6.61412,4.52121,-7.07616
93.57540069,-6.54217,-6.54301,6.36481,4.04292,-7.26251
93.58759903,-6.93346,-6.93408,6.00532,3.43197,-7.39944
93.60263826,-7.28478,-7.28515,5.47039,2.61602,-7.44726
93.62686741,-7.55585,-7.55583,4.41584,1.17846,-7.25555
93.65191511,-7.46929,-7.46889,3.10626,-0.432291,-6.72993
93.66252671,-7.32355,-7.32299,2.4902,-1.14329,-6.41128
93.67295304,-7.12,-7.11929,1.85417,-1.84784,-6.04618
93.67580196,-7.05414,-7.0534,1.67535,-2.04066,-5.93767
93.67860599,-6.98515,-6.98437,1.49741,-2.23002,-5.82733
93.68421406,-6.83505,-6.8342,1.13623,-2.60594,-5.59652
93.6954302,-6.488,-6.48701,0.394792,-3.33682,-5.09615
93.70924689,-5.97863,-5.97747,-0.547791,-4.17282,-4.41324
93.71582237,-5.70557,-5.70433,-1.00573,-4.53853,-4.06365
93.72008602,-5.51834,-5.51706,-1.30498,-4.76195,-3.82893
93.7214376,-5.45699,-5.4557,-1.40023,-4.83035,-3.75296
93.72269537,-5.3999,-5.39859,-1.48886,-4.89288,-3.68226
93.72425411,-5.3273,-5.32597,-1.59871,-4.96884,-3.59358
93.72579034,-5.25574,-5.2544,-1.70704,-5.04206,-3.50544
93.72886281,-5.10878,-5.10741,-1.9237,-5.18371,-3.32696
93.73500774,-4.80371,-4.80228,-2.35521,-5.44859,-2.96153
93.74514302,-4.2696,-4.26807,-3.05437,-5.83403,-2.3358
93.75624178,-3.64337,-3.64175,-3.78741,-6.18507,-1.62061
93.77053522,-2.77938,-2.77765,-4.64701,-6.53071,-0.659712
93.77644294,-2.4045,-2.40273,-4.96818,-6.63896,-0.250629
93.77989574,-2.18091,-2.17912,-5.14536,-6.69296,-0.00864081
93.78281134,-1.98967,-1.98786,-5.28862,-6.73326,0.197198
93.78585303,-1.78791,-1.78608,-5.43186,-6.77019,0.413277
93.79146782,-1.40978,-1.40793,-5.68002,-6.82469,0.815262
93.7950335,-1.16599,-1.16411,-5.8269,-6.85016,1.07236
93.79829202,-0.940835,-0.938945,-5.95402,-6.86725,1.30836
93.79916685,-0.880012,-0.878117,-5.98672,-6.87059,1.37172
93.80019774,-0.808142,-0.806242,-6.02525,-6.87453,1.44661
93.80127554,-0.73278,-0.730875,-6.06399,-6.87728,1.5249
93.80289283,-0.619279,-0.617368,-6.12211,-6.88141,1.64239
93.80543707,-0.439751,-0.437828,-6.20943,-6.88427,1.82732
93.81038964,-0.0870667,-0.0851249,-6.36802,-6.87978,2.18668
93.82029479,0.629335,0.631308,-6.64053,-6.83162,2.89676
93.82631362,1.07071,1.0727,-6.77727,-6.77719,3.31919
93.82954829,1.30952,1.31151,-6.8418,-6.73954,3.54206
93.83030837,1.36564,1.36763,-6.85586,-6.7307,3.59443
93.83115469,1.42833,1.43032,-6.87153,-6.71956,3.65196
93.83224809,1.50932,1.51131,-6.89046,-6.70517,3.72629
93.83356602,1.60695,1.60894,-6.91328,-6.68622,3.81506
93.8351472,1.72418,1.72617,-6.9388,-6.66348,3.92064
93.83769245,1.9129,1.91489,-6.9768,-6.62342,4.08828
93.84278294,2.28952,2.29149,-7.04141,-6.53371,4.41382
93.85296391,3.03258,3.0345,-7.12571,-6.31692,5.01646
93.85629707,3.27186,3.27376,-7.14037,-6.23526,5.19858
93.85952569,3.50093,3.5028,-7.14856,-6.15126,5.36731
93.86200514,3.67467,3.67652,-7.15085,-6.08351,5.49172
93.86467959,3.8596,3.86141,-7.14947,-6.00733,5.62095
93.8700285,4.22016,4.22191,-7.13481,-5.8455,5.86443
93.87655413,4.63987,4.64151,-7.09573,-5.63137,6.13525
93.88181256,4.95919,4.96072,-7.04753,-5.4458,6.33302
93.8853705,5.16443,5.16589,-7.00655,-5.3138,6.45664
93.88697658,5.25402,5.25544,-6.9853,-5.25211,6.50977
93.88829326,5.32598,5.32738,-6.96789,-5.20153,6.55157
93.88954973,5.39339,5.39476,-6.94946,-5.15191,6.59146
93.89086992,5.4629,5.46424,-6.93011,-5.09977,6.63174
93.89351031,5.59793,5.59922,-6.88785,-4.99281,6.70899
93.89831314,5.83041,5.83159,-6.80188,-4.7915,6.83827
93.9079188,6.24677,6.24777,-6.59553,-4.36369,7.05366
93.9181946,6.62306,6.62387,-6.32553,-3.87072,7.22105
93.93217045,7.02386,7.02441,-5.88051,-3.1463,7.34612
93.94685466,7.31038,7.31068,-5.32195,-2.32463,7.35322
93.97622308,7.48616,7.48596,-3.95856,-0.532273,7.00676
93.99470117,7.33494,7.33445,-2.95019,0.675892,6.55498
94.00290353,7.20498,7.20436,-2.4687,1.22645,6.29909
94.00534795,7.15892,7.15827,-2.32141,1.39185,6.21643
94.00684522,7.1285,7.12782,-2.2304,1.49317,6.16389
94.00828051,7.09934,7.09864,-2.14261,1.59041,6.11353
94.01115108,7.03653,7.03579,-1.96549,1.78491,6.00896
94.01689224,6.89788,6.89706,-1.6054,2.17258,5.78873
94.02837455,6.57,6.56902,-0.863947,2.93365,5.30572
94.05133918,5.72569,5.72441,0.684879,4.31301,4.18471
94.05923356,5.37962,5.37825,1.2331,4.72877,3.75407
94.06322158,5.19443,5.19301,1.51209,4.92487,3.52826
94.06466516,5.12533,5.1239,1.61308,4.99336,3.44489
94.06598199,5.06229,5.06085,1.70533,5.05462,3.36884
94.06861566,4.93334,4.93188,1.88982,5.17363,3.21451
94.07276022,4.72487,4.72336,2.17936,5.35164,2.96737
94.07947883,4.37298,4.3714,2.64459,5.61691,2.55617
94.09040122,3.76625,3.76457,3.3798,5.9889,1.86191
94.10224948,3.06313,3.06135,4.12887,6.31166,1.07639
94.11015104,2.57003,2.56819,4.59035,6.48097,0.535643
94.11471408,2.27701,2.27513,4.83989,6.56218,0.21778
94.11691673,2.13349,2.1316,4.9554,6.59708,0.0629787
94.11879572,2.01004,2.00814,5.0512,6.62465,-0.0697274
94.1206187,1.8894,1.88749,5.14171,6.64946,-0.199021
94.12234211,1.77459,1.77267,5.2251,6.67117,-0.321722
94.12578893,1.54281,1.54086,5.38564,6.70953,-0.568398
94.12989654,1.26299,1.26102,5.56643,6.74646,-0.864365
94.13293958,1.05326,1.05127,5.69315,6.76769,-1.08485
94.13572696,0.859416,0.857415,5.80394,6.78204,-1.28763
94.13644405,0.809284,0.807279,5.83137,6.78573,-1.3398
94.13759868,0.728343,0.726333,5.87553,6.78983,-1.42406
94.13864607,0.654692,0.652676,5.91415,6.79356,-1.50049
94.14009367,0.552548,0.550525,5.96752,6.79724,-1.60613
94.14222608,0.401362,0.399329,6.04304,6.80057,-1.76186
94.14616037,0.120283,0.118234,6.17496,6.80017,-2.04918
94.15402894,-0.449356,-0.451435,6.41022,6.77425,-2.62012
94.16037612,-0.915171,-0.917268,6.57247,6.72927,-3.07408
94.16394196,-1.17894,-1.18105,6.65292,6.69468,-3.32549
94.16747657,-1.44159,-1.4437,6.72512,6.65387,-3.57124
94.16838073,-1.50877,-1.51088,6.74214,6.64219,-3.63336
94.16928086,-1.57585,-1.57796,6.75908,6.63055,-3.6952
94.17043737,-1.66204,-1.66415,6.77983,6.61472,-3.77405
94.17271966,-1.83212,-1.83423,6.81845,6.5815,-3.92809
94.17671958,-2.13007,-2.13217,6.87868,6.51696,-4.19248
94.18471942,-2.72186,-2.72393,6.97097,6.36421,-4.69535
94.19070363,-3.15812,-3.16015,7.01565,6.22971,-5.04516
94.19329923,-3.34508,-3.34709,7.02859,6.16606,-5.18922
94.19542268,-3.49672,-3.49871,7.03631,6.11164,-5.30341
94.19743925,-3.63945,-3.64142,7.04126,6.05802,-5.40877
94.19932122,-3.7714,-3.77335,7.04379,6.0063,-5.5044
94.20308517,-4.03109,-4.033,7.04287,5.89804,-5.68809
94.21061306,-4.52984,-4.53163,7.0174,5.66276,-6.0263
94.22118537,-5.17036,-5.17194,6.92948,5.29165,-6.43817
94.22486964,-5.37564,-5.37713,6.8847,5.15139,-6.56465
94.22843821,-5.56499,-5.56641,6.83448,5.01032,-6.67893
94.23149046,-5.71952,-5.72087,6.78626,4.88569,-6.77032
94.23491245,-5.88477,-5.88605,6.72648,4.7417,-6.86584
94.24175643,-6.19073,-6.19188,6.58915,4.44064,-7.03506
94.25098067,-6.55303,-6.554,6.36753,4.00845,-7.21749
94.26475616,-6.99028,-6.99099,5.96173,3.31051,-7.39382
94.27914335,-7.31719,-7.31763,5.44728,2.52027,-7.45761
94.30269627,-7.57522,-7.57524,4.42416,1.1128,-7.30774
94.32772288,-7.48787,-7.48747,3.12087,-0.502817,-6.82276
94.33779851,-7.35054,-7.34998,2.53863,-1.17938,-6.53659
94.34360749,-7.24557,-7.24492,2.18937,-1.57328,-6.34894
94.34544802,-7.20843,-7.20776,2.07675,-1.69843,-6.28611
94.34727831,-7.1697,-7.16899,1.96387,-1.82289,-6.22206
94.35093889,-7.0869,-7.08614,1.73563,-2.07138,-6.08938
94.35826006,-6.90044,-6.89957,1.26979,-2.56427,-5.80621
94.37290239,-6.44744,-6.44636,0.305258,-3.51282,-5.17242
94.38431285,-6.02355,-6.02232,-0.472373,-4.19728,-4.61964
94.39144246,-5.72847,-5.72715,-0.96758,-4.592,-4.24948
94.39504405,-5.57085,-5.56949,-1.21985,-4.77992,-4.05556
94.39729114,-5.46966,-5.46827,-1.37788,-4.8929,-3.93227
94.39837941,-5.41953,-5.41813,-1.45441,-4.94635,-3.87167
94.39995796,-5.34682,-5.3454,-1.56559,-5.02242,-3.78377
94.40301578,-5.20238,-5.20093,-1.78098,-5.16494,-3.61066
94.40913141,-4.90231,-4.90079,-2.21071,-5.43159,-3.25569
94.41927795,-4.37315,-4.37152,-2.91329,-5.82234,-2.64263
94.43046558,-3.74726,-3.74552,-3.65839,-6.18101,-1.93469
94.4442093,-2.92308,-2.92123,-4.50049,-6.52088,-1.02483
94.4508939,-2.50162,-2.49972,-4.87264,-6.64654,-0.567751
94.45428073,-2.28325,-2.28132,-5.05035,-6.7004,-0.332852
94.45751303,-2.072,-2.07006,-5.21259,-6.74571,-0.106793
94.46032132,-1.88632,-1.88436,-5.34767,-6.78026,0.0909951
94.46345739,-1.6767,-1.67472,-5.49214,-6.81359,0.313279
94.46972954,-1.25076,-1.24873,-5.76161,-6.86373,0.761747
94.47374523,-0.973573,-0.971526,-5.92078,-6.88435,1.05123
94.47745437,-0.714636,-0.71257,-6.05874,-6.89549,1.31985
94.47842994,-0.646078,-0.644007,-6.0933,-6.8969,1.39072
94.47941233,-0.576858,-0.574782,-6.12809,-6.89831,1.46209
94.48047343,-0.501891,-0.49981,-6.16411,-6.89847,1.53917
94.48223658,-0.376877,-0.374788,-6.22395,-6.89872,1.66739
94.48510185,-0.172573,-0.170471,-6.3162,-6.89471,1.87575
94.49083239,0.239967,0.242092,-6.48572,-6.87351,2.29135
94.49970925,0.887765,0.889919,-6.7092,-6.80652,2.92704
94.5037174,1.18322,1.18538,-6.79461,-6.76283,3.20947
94.50768316,1.4769,1.47906,-6.86972,-6.71149,3.48484
94.50871998,1.55368,1.55585,-6.8875,-6.69648,3.55593
94.50974941,1.6301,1.63227,-6.90515,-6.68158,3.62651
94.51101503,1.72406,1.72622,-6.92561,-6.66219,3.71255
94.51354626,1.91197,1.91413,-6.9637,-6.62103,3.88275
94.51860874,2.28701,2.28916,-7.02864,-6.52924,4.21453
94.52873369,3.02706,3.02916,-7.1141,-6.30881,4.83453
94.53286404,3.32351,3.32557,-7.13207,-6.20499,5.06867
94.53512775,3.4842,3.48624,-7.1378,-6.14473,5.1919
94.53729821,3.63681,3.63883,-7.14059,-6.08476,5.30649
94.53920867,3.7698,3.7718,-7.14085,-6.03022,5.40445
94.54129312,3.9133,3.91527,-7.13881,-5.96886,5.50827
94.54546202,4.19457,4.19648,-7.12751,-5.8404,5.7066
94.553051,4.68279,4.68457,-7.0826,-5.58748,6.03698
94.55838129,5.00442,5.00609,-7.03249,-5.39546,6.246
94.56138941,5.17725,5.17885,-6.99753,-5.28196,6.35572
94.56284036,5.25822,5.25979,-6.97843,-5.22551,6.40654
94.56424058,5.33481,5.33635,-6.95999,-5.17103,6.45373
94.56551759,5.40333,5.40483,-6.94135,-5.11997,6.49677
94.56687944,5.475,5.47647,-6.92147,-5.06552,6.54092
94.56960313,5.61411,5.61553,-6.87795,-4.9538,6.62567
94.57505052,5.87604,5.87733,-6.7796,-4.72201,6.78112
94.58594531,6.33778,6.33885,-6.53885,-4.22649,7.03635
94.59616962,6.69838,6.69924,-6.26117,-3.72475,7.20912
94.61150134,7.11148,7.11204,-5.75592,-2.91176,7.34953
94.62612701,7.36601,7.3663,-5.18053,-2.07522,7.35401
94.65537835,7.48322,7.48297,-3.7902,-0.26144,7.00532
94.67123061,7.33551,7.335,-2.91614,0.783437,6.62614
94.67842935,7.22086,7.22022,-2.49371,1.26802,6.41161
94.68089198,7.17494,7.17427,-2.34576,1.4349,6.33232
94.68295825,7.13385,7.13315,-2.22037,1.57491,6.26353
94.68499837,7.09101,7.09028,-2.09549,1.71314,6.19364
94.68907861,6.99866,6.99786,-1.84267,1.98961,6.04809
94.69723908,6.78789,6.78697,-1.32559,2.53745,5.73456
94.71356004,6.26677,6.26561,-0.251897,3.5853,5.023
94.7260827,5.7812,5.77987,0.601718,4.31882,4.40536
94.73259784,5.50033,5.49892,1.05391,4.66839,4.06071
94.73593164,5.3494,5.34794,1.28686,4.83723,3.87846
94.73811714,5.24786,5.24637,1.44006,4.94393,3.75689
94.73967818,5.17411,5.17261,1.54949,5.01811,3.66907
94.74280026,5.02364,5.0221,1.76849,5.16145,3.49107
94.74902648,4.71199,4.71038,2.20397,5.4281,3.12693
94.75920255,4.17111,4.16939,2.90481,5.81123,2.50725
94.7705324,3.52588,3.52405,3.65425,6.16358,1.78454
94.78413638,2.69686,2.69491,4.48105,6.48621,0.876815
94.791105,2.25083,2.24883,4.86479,6.60958,0.396568
94.79454644,2.02555,2.02352,5.04283,6.66015,0.155923
94.79783807,1.80719,1.80514,5.20545,6.70216,-0.0761816
94.80075722,1.61128,1.60921,5.34335,6.73425,-0.283483
94.80401287,1.3904,1.38831,5.49026,6.76434,-0.516173
94.808712,1.06739,1.06526,5.68983,6.79725,-0.854479
94.8119093,0.844892,0.842751,5.81736,6.81258,-1.0861
94.81481492,0.640881,0.638724,5.92757,6.82092,-1.2975
94.81562028,0.584035,0.581874,5.95689,6.82323,-1.35609
94.81669078,0.508282,0.506115,5.99586,6.82457,-1.43421
94.81777288,0.431488,0.429315,6.03374,6.82592,-1.51319
94.81929171,0.323337,0.321157,6.08691,6.82629,-1.62403
94.82163276,0.155835,0.153644,6.16525,6.82438,-1.79495
94.82606706,-0.163953,-0.166165,6.30437,6.81261,-2.11868
94.83493568,-0.812047,-0.81429,6.54654,6.75754,-2.76038
94.83923951,-1.13009,-1.13234,6.64684,6.71583,-3.06764
94.84294151,-1.40502,-1.40728,6.72417,6.67223,-3.32871
94.84490827,-1.55154,-1.5538,6.76191,6.64618,-3.46601
94.8459613,-1.62999,-1.63225,6.78055,6.63091,-3.5387
94.84789631,-1.77428,-1.77654,6.81482,6.60283,-3.67227
94.85116626,-2.0181,-2.02036,6.86664,6.55023,-3.89419
94.85770614,-2.50381,-2.50605,6.95137,6.42911,-4.3235
94.86716574,-3.19491,-3.19709,7.02983,6.21736,-4.90114
94.87115874,-3.48098,-3.48312,7.04742,6.11521,-5.1276
94.87341578,-3.64075,-3.64286,7.05332,6.05417,-5.25062
94.87553534,-3.78925,-3.79134,7.05622,5.99473,-5.36274
94.87833053,-3.98243,-3.98448,7.05617,5.91322,-5.50557
94.88104202,-4.16663,-4.16864,7.05193,5.83082,-5.63875
94.88646502,-4.52387,-4.52579,7.03119,5.65636,-5.88981
94.89477806,-5.03632,-5.03807,6.9682,5.36466,-6.23647
94.898236,-5.23559,-5.23726,6.93099,5.23483,-6.36729
94.90020294,-5.34502,-5.34664,6.90697,5.1588,-6.43825
94.90206374,-5.44583,-5.4474,6.88236,5.08545,-6.5031
94.90448399,-5.57301,-5.57453,6.84763,4.98799,-6.58417
94.90696936,-5.69906,-5.70052,6.80879,4.88554,-6.66356
94.91194011,-5.93781,-5.93917,6.72157,4.67358,-6.81072
94.92053901,-6.31044,-6.31161,6.54133,4.28551,-7.02893
94.93243115,-6.74441,-6.74534,6.23273,3.70662,-7.25568
94.94543322,-7.11371,-7.11438,5.82003,3.0218,-7.40554
94.96319664,-7.44524,-7.44556,5.13775,2.00865,-7.44918
94.99143994,-7.57683,-7.57663,3.80401,0.250048,-7.15555
95.00731567,-7.44457,-7.44409,2.93322,-0.801093,-6.80366
95.01439132,-7.33917,-7.33857,2.51944,-1.27989,-6.60519
95.01686125,-7.29576,-7.29512,2.3715,-1.44818,-6.53002
95.01920643,-7.25145,-7.25077,2.22947,-1.60798,-6.45593
95.02152244,-7.20478,-7.20406,2.08778,-1.76593,-6.38019
95.02615445,-7.10287,-7.10208,1.80036,-2.08123,-6.22124
95.03541847,-6.86565,-6.86471,1.21051,-2.70464,-5.87439
95.05394652,-6.2645,-6.26329,-0.019967,-3.8791,-5.07247
95.06607354,-5.78397,-5.78259,-0.855065,-4.5665,-4.47427
95.0714155,-5.55129,-5.54984,-1.22863,-4.84352,-4.19328
95.07307988,-5.47584,-5.47437,-1.34564,-4.92627,-4.10329
95.07419819,-5.42514,-5.42366,-1.42426,-4.98042,-4.04283
95.07528773,-5.37437,-5.37288,-1.50098,-5.03318,-3.9828
95.07746682,-5.27283,-5.2713,-1.65443,-5.13544,-3.86273
95.08128045,-5.08963,-5.08806,-1.92297,-5.3068,-3.64818
95.08773905,-4.76635,-4.7647,-2.37566,-5.57571,-3.27441
95.09814324,-4.21289,-4.21113,-3.0911,-5.95479,-2.64655
95.10950493,-3.56551,-3.56364,-3.83697,-6.29469,-1.92774
95.12445508,-2.65229,-2.65028,-4.7232,-6.62704,-0.936178
95.12989429,-2.30373,-2.30168,-5.01361,-6.71589,-0.563548
95.13429625,-2.0158,-2.01372,-5.2344,-6.77542,-0.257875
95.13752734,-1.80132,-1.79921,-5.38811,-6.81212,-0.0313716
95.14092247,-1.57325,-1.57112,-5.54204,-6.84436,0.208414
95.14771273,-1.1094,-1.10723,-5.82728,-6.88953,0.692742
95.15233344,-0.788226,-0.786028,-6.0045,-6.90567,1.02544
95.15527858,-0.581305,-0.579091,-6.11044,-6.90924,1.23865
95.15602462,-0.528623,-0.526406,-6.13621,-6.91014,1.29265
95.15692014,-0.465251,-0.463029,-6.16714,-6.90983,1.35769
95.15802571,-0.386815,-0.384588,-6.20394,-6.90945,1.43799
95.15934395,-0.293011,-0.290777,-6.24782,-6.90725,1.53373
95.16091223,-0.181028,-0.178786,-6.29811,-6.90464,1.64776
95.16343543,-1.04146e-005,0.00224277,-6.37586,-6.89676,1.83123
95.16848183,0.364932,0.367207,-6.51979,-6.87085,2.19751
95.17568702,0.891786,0.894085,-6.6987,-6.81068,2.71611
95.17927489,1.15631,1.15862,-6.77619,-6.77066,2.97152
95.18283452,1.4199,1.42221,-6.84548,-6.72444,3.22225
95.18372544,1.48587,1.48818,-6.86141,-6.71165,3.28444
95.18464626,1.55424,1.55655,-6.87786,-6.69843,3.34871
95.18575922,1.63687,1.63918,-6.89616,-6.6811,3.42592
95.1876982,1.78083,1.78314,-6.92803,-6.65091,3.5595
95.19091787,2.01988,2.02219,-6.97501,-6.59575,3.77833
95.19735721,2.49591,2.4982,-7.05085,-6.47026,4.20263
95.21023589,3.42511,3.4273,-7.13113,-6.16061,4.97891
95.2144554,3.72068,3.72283,-7.13691,-6.04245,5.20994
95.21854824,4.0014,4.00349,-7.13297,-5.92019,5.42197
95.22149595,4.19923,4.20127,-7.12438,-5.82756,5.56723
95.22460256,4.40314,4.40513,-7.11014,-5.72588,5.71364
95.23081577,4.79415,4.79602,-7.06597,-5.51031,5.98657
95.23553044,5.07395,5.07571,-7.01864,-5.33613,6.17637
95.23804094,5.21643,5.21814,-6.98862,-5.2397,6.27144
95.23935271,5.28899,5.29066,-6.97119,-5.188,6.31895
95.2405896,5.35618,5.35782,-6.95475,-5.13925,6.36374
95.24199307,5.43097,5.43257,-6.93411,-5.08244,6.41279
95.24348951,5.50903,5.5106,-6.9121,-5.02187,6.46368
95.24648238,5.6601,5.6616,-6.86355,-4.89735,6.56119
95.25246813,5.94273,5.94409,-6.75285,-4.63834,6.73915
95.26256808,6.36324,6.36438,-6.52594,-4.17241,6.98844
95.27352256,6.74202,6.74293,-6.2248,-3.62836,7.18731
95.28774943,7.11739,7.11801,-5.75256,-2.86682,7.33659
95.30473108,7.39726,7.39754,-5.077,-1.88587,7.35788
95.33686133,7.4488,7.44847,-3.51042,0.134099,6.95933
95.35197656,7.26398,7.26339,-2.65574,1.13811,6.58216
95.36038587,7.1054,7.10466,-2.1512,1.70404,6.32237
95.36327795,7.04185,7.04106,-1.97321,1.89896,6.22501
95.3659364,6.97947,6.97863,-1.80774,2.07813,6.13202
95.37125329,6.8436,6.84268,-1.47187,2.43407,5.93633
95.38188707,6.52883,6.52774,-0.782277,3.12943,5.50762
95.40315464,5.73816,5.73676,0.652988,4.38397,4.51282
95.41068689,5.40852,5.40702,1.17551,4.77279,4.11862
95.41534577,5.19227,5.19071,1.50093,4.99602,3.8645
95.41691906,5.11669,5.11511,1.61107,5.06828,3.77696
95.41835604,5.04766,5.04606,1.71166,5.13285,3.69628
95.42123001,4.90617,4.90454,1.91285,5.2579,3.53288
95.42697796,4.6135,4.6118,2.31348,5.49208,3.19823
95.43635448,4.10961,4.1078,2.95645,5.83006,2.63118
95.4463846,3.53642,3.53451,3.61895,6.1328,1.99778
95.46210111,2.57451,2.57244,4.56519,6.4882,0.95681
95.46850824,2.16141,2.1593,4.91103,6.59187,0.516869
95.47216583,1.92053,1.91839,5.09653,6.64048,0.262069
95.47560809,1.69071,1.68854,5.26272,6.67926,0.020079
95.47883016,1.47297,1.47078,5.4109,6.70948,-0.208206
95.48429133,1.09854,1.09631,5.64615,6.7474,-0.598624
95.48891634,0.776425,0.774169,5.83014,6.76651,-0.93228
95.49172535,0.578655,0.576384,5.93518,6.77234,-1.13608
95.49333146,0.464882,0.462602,5.99261,6.7734,-1.25299
95.49407837,0.411805,0.40952,6.01932,6.77388,-1.30735
95.4952514,0.328239,0.325948,6.05957,6.77317,-1.39295
95.49635857,0.249138,0.246842,6.09755,6.77249,-1.47375
95.49768667,0.153968,0.151665,6.14163,6.76972,-1.57067
95.49950009,0.0235354,0.0212227,6.20006,6.76594,-1.70317
95.50268082,-0.206537,-0.208865,6.29765,6.75389,-1.93557
95.50904229,-0.671128,-0.673481,6.47429,6.71364,-2.3988
95.51399234,-1.0362,-1.03857,6.59475,6.66759,-2.75636
95.51681764,-1.24574,-1.24812,6.65687,6.63559,-2.95855
95.51787122,-1.3241,-1.32652,6.67856,6.62238,-3.03395
95.51865274,-1.38223,-1.38468,6.69465,6.61258,-3.08943
95.51978731,-1.46679,-1.46911,6.71661,6.59717,-3.16998
95.5209267,-1.55171,-1.55409,6.73866,6.58169,-3.25024
95.52221414,-1.64766,-1.65011,6.76221,6.56246,-3.34093
95.52399888,-1.7808,-1.78323,6.79322,6.53579,-3.46558
95.5271289,-2.01431,-2.01668,6.84305,6.48416,-3.68165
95.53338894,-2.4796,-2.48196,6.92538,6.36639,-4.10208
95.54590903,-3.38987,-3.39214,7.0218,6.07473,-4.87888
95.55071479,-3.72923,-3.73144,7.03486,5.94328,-5.15098
95.55356028,-3.92665,-3.92883,7.0364,5.86047,-5.30454
95.5562699,-4.11164,-4.11378,7.03362,5.77824,-5.44532
95.5588765,-4.28645,-4.28855,7.02708,5.69608,-5.57574
95.56347495,-4.58609,-4.5881,7.00638,5.54398,-5.79419
95.57267185,-5.14422,-5.14603,6.93051,5.21329,-6.1883
95.5756766,-5.31378,-5.31551,6.89585,5.09771,-6.3049
95.57859063,-5.47179,-5.47345,6.85766,4.98217,-6.41239
95.5808744,-5.59117,-5.59278,6.82461,4.88929,-6.49282
95.58332774,-5.7151,-5.71665,6.78608,4.78727,-6.57554
95.58823442,-5.94998,-5.95142,6.69976,4.57643,-6.72958
95.59437986,-6.22051,-6.22181,6.57448,4.29993,-6.90123
95.60667073,-6.68566,-6.6867,6.26857,3.70779,-7.17436
95.61815971,-7.03119,-7.03199,5.91837,3.11008,-7.34615
95.63640301,-7.40741,-7.40784,5.24335,2.08327,-7.45731
95.66140635,-7.59064,-7.59059,4.10506,0.547996,-7.3012
95.67832167,-7.50377,-7.5034,3.20898,-0.558199,-7.00213
95.68632781,-7.40495,-7.40443,2.75233,-1.09612,-6.80812
95.69026707,-7.34303,-7.34245,2.52051,-1.36311,-6.70067
95.69289689,-7.29689,-7.29626,2.36327,-1.54196,-6.62463
95.69551826,-7.24716,-7.24648,2.20469,-1.72023,-6.54549
95.700761,-7.13666,-7.13589,1.88224,-2.07623,-6.37742
95.71124649,-6.8727,-6.87176,1.2179,-2.7787,-6.00344
95.73221746,-6.18294,-6.18168,-0.175078,-4.08161,-5.11494
95.74414452,-5.69914,-5.69771,-0.997391,-4.73038,-4.53113
95.74958598,-5.45731,-5.45581,-1.37768,-4.99947,-4.24689
95.75152334,-5.36812,-5.36659,-1.51371,-5.09087,-4.14308
95.75333823,-5.28313,-5.28158,-1.64113,-5.17427,-4.04464
95.75606129,-5.1531,-5.15152,-1.83233,-5.29535,-3.89486
95.76150741,-4.88422,-4.88256,-2.21379,-5.52321,-3.58803
95.77025575,-4.42869,-4.42693,-2.81893,-5.85072,-3.07593
95.77959541,-3.912,-3.91014,-3.44605,-6.14939,-2.50481
95.79559343,-2.96119,-2.95917,-4.43627,-6.54205,-1.4751
95.80271246,-2.51306,-2.51098,-4.83323,-6.66906,-0.997688
95.8064773,-2.27025,-2.26814,-5.0303,-6.72448,-0.740844
95.81006167,-2.0356,-2.03346,-5.20895,-6.76976,-0.493762
95.81302074,-1.83943,-1.83727,-5.34978,-6.80167,-0.288032
95.81635356,-1.61597,-1.61378,-5.50128,-6.83172,-0.0545461
95.8230192,-1.16157,-1.15934,-5.78246,-6.87327,0.417458
95.82916545,-0.734343,-0.732074,-6.0166,-6.88988,0.857847
95.83258632,-0.493339,-0.49105,-6.13666,-6.89017,1.10478
95.83597685,-0.252366,-0.250059,-6.24851,-6.88421,1.35057
95.83695547,-0.182435,-0.180122,-6.27922,-6.8811,1.42151
95.83784929,-0.118421,-0.116105,-6.30727,-6.87826,1.48649
95.83903646,-0.0331966,-0.030874,-6.34341,-6.87285,1.57279
95.84113774,0.118195,0.120528,-6.40529,-6.86328,1.72553
95.84473644,0.378997,0.381346,-6.50507,-6.84033,1.98713
95.85193384,0.905585,0.907959,-6.68132,-6.77417,2.50754
95.85535184,1.15768,1.16006,-6.75418,-6.73339,2.75269
95.85874979,1.40934,1.41172,-6.81973,-6.68695,2.99445
95.85970229,1.47988,1.48227,-6.83662,-6.67266,3.06172
95.8606096,1.54726,1.54965,-6.85271,-6.65905,3.12581
95.86356832,1.76698,1.76936,-6.90097,-6.61111,3.333
95.8666042,1.99242,1.99481,-6.94516,-6.55742,3.54288
95.87267596,2.44169,2.44406,-7.01744,-6.4366,3.95236
95.88481948,3.3215,3.32379,-7.09853,-6.14292,4.71492
95.89026163,3.70413,3.70636,-7.1077,-5.98927,5.02794
95.89315777,3.90388,3.90607,-7.1058,-5.90206,5.1863
95.89592227,4.09143,4.09358,-7.09963,-5.81538,5.33174
95.89815207,4.2402,4.24231,-7.09159,-5.74305,5.44495
95.90044083,4.39033,4.3924,-7.0805,-5.66659,5.55739
95.90501834,4.68166,4.68364,-7.0498,-5.5071,5.77115
95.90977751,4.97038,4.97226,-7.00597,-5.33215,5.97814
95.9136044,5.1909,5.19269,-6.962,-5.18486,6.13354
95.915322,5.28632,5.28806,-6.93977,-5.11686,6.20013
95.91690079,5.37201,5.37371,-6.91733,-5.05287,6.25963
95.9184472,5.45407,5.45573,-6.89536,-4.99019,6.31635
95.92011419,5.54046,5.54208,-6.86961,-4.9211,6.37576
95.92344816,5.70702,5.70855,-6.81385,-4.77978,6.48923
95.9301161,6.01613,6.01751,-6.68557,-4.48495,6.69495
95.94028833,6.42863,6.42979,-6.44791,-4.00531,6.95489
95.95179004,6.81195,6.81286,-6.12034,-3.42219,7.1714
95.96623793,7.17192,7.17252,-5.62503,-2.63387,7.32917
95.98485443,7.4414,7.44162,-4.85955,-1.53829,7.35043
96.01752345,7.41089,7.41048,-3.21882,0.544461,6.92307
96.02857083,7.25942,7.25882,-2.58519,1.28275,6.64936
96.03310997,7.1771,7.17641,-2.31431,1.58902,6.51867
96.03495718,7.14032,7.1396,-2.20242,1.71385,6.46253
96.03713111,7.09466,7.0939,-2.06962,1.86077,6.39433
96.04147896,6.99576,6.99493,-1.80055,2.15371,6.25118
96.05017467,6.76841,6.76743,-1.24953,2.73217,5.93868
96.0675661,6.20121,6.19996,-0.103541,3.82355,5.21513
96.07989687,5.71257,5.71114,0.73813,4.51597,4.62719
96.0856343,5.46171,5.4602,1.13617,4.80916,4.33345
96.08802007,5.35267,5.35112,1.30266,4.92503,4.20729
96.08891777,5.31164,5.31008,1.36531,4.9674,4.15981
96.08976903,5.27168,5.27011,1.42485,5.00758,4.11391
96.09147155,5.19176,5.19017,1.54394,5.08592,4.0221
96.09487659,5.02777,5.02613,1.78211,5.23679,3.83499
96.10168668,4.68598,4.68426,2.25683,5.51602,3.4493
96.10958263,4.2676,4.26579,2.80023,5.80351,2.98391
96.12211763,3.55814,3.55619,3.63043,6.1826,2.20839
96.13462275,2.79961,2.79754,4.39426,6.46839,1.39447
96.1417406,2.34683,2.34469,4.79134,6.59041,0.914838
96.14519673,2.1218,2.11963,4.97259,6.63911,0.677997
96.14789604,1.94383,1.94164,5.10842,6.6724,0.491362
96.15037238,1.77892,1.77671,5.2285,6.6993,0.318941
96.15265562,1.62553,1.62331,5.33542,6.72102,0.158996
96.15722211,1.3151,1.31284,5.5386,6.75566,-0.163482
96.16635507,0.680805,0.678487,5.90403,6.79015,-0.817284
96.17033561,0.399056,0.396714,6.04656,6.79077,-1.10543
96.17429928,0.115581,0.113218,6.17862,6.78281,-1.39371
96.17533561,0.0409997,0.0386314,6.2112,6.77903,-1.46932
96.17636419,-0.0332049,-0.0355784,6.24354,6.77528,-1.54437
96.1776519,-0.126348,-0.128727,6.28271,6.76942,-1.63833
96.18022733,-0.313409,-0.315802,6.35799,6.75505,-1.82639
96.18537818,-0.69037,-0.692784,6.49646,6.71578,-2.20192
96.18969312,-1.00873,-1.01116,6.60009,6.67218,-2.51503
96.19267579,-1.22994,-1.23238,6.66516,6.6364,-2.73023
96.19474259,-1.38369,-1.38613,6.70712,6.60891,-2.87859
96.19699346,-1.55151,-1.55395,6.74991,6.5765,-3.03925
96.19828535,-1.64782,-1.65027,6.77242,6.55617,-3.13067
96.20004117,-1.77886,-1.7813,6.80303,6.52853,-3.25493
96.20310699,-2.00765,-2.01009,6.85091,6.4756,-3.46932
96.20923861,-2.46365,-2.46608,6.93006,6.35587,-3.88824
96.22150187,-3.35669,-3.35903,7.02292,6.06273,-4.67099
96.22830545,-3.83537,-3.83763,7.03725,5.87001,-5.06659
96.23154828,-4.05802,-4.06023,7.03484,5.77077,-5.24422
96.23465848,-4.26734,-4.2695,7.027,5.67122,-5.4075
96.23732291,-4.44288,-4.445,7.016,5.58261,-5.54182
96.24029675,-4.6342,-4.63626,6.99912,5.48012,-5.68578
96.24624443,-4.9999,-5.00182,6.95093,5.26411,-5.95548
96.24999899,-5.21795,-5.21978,6.91071,5.12031,-6.11348
96.2517763,-5.31752,-5.3193,6.88905,5.05026,-6.18502
96.25344907,-5.40901,-5.41076,6.86714,4.98318,-6.25046
96.2551476,-5.49971,-5.50142,6.84338,4.91396,-6.31507
96.25698911,-5.59558,-5.59724,6.81592,4.83765,-6.38301
96.26067213,-5.77981,-5.78137,6.75573,4.68116,-6.51241
96.26803817,-6.11944,-6.12084,6.61467,4.35319,-6.74547
96.28025416,-6.60162,-6.60274,6.3218,3.76757,-7.05731
96.29142371,-6.95653,-6.95741,5.99202,3.18945,-7.26194
96.30766727,-7.33024,-7.33078,5.41319,2.28357,-7.42533
96.33136533,-7.58196,-7.58203,4.37748,0.845829,-7.38885
96.35519344,-7.49801,-7.49761,3.13468,-0.704838,-7.04028
96.36397122,-7.38409,-7.38353,2.62992,-1.29551,-6.83566
96.36700984,-7.33447,-7.33386,2.44969,-1.50176,-6.75552
96.36915585,-7.29634,-7.29569,2.32082,-1.64741,-6.69613
96.37141166,-7.25355,-7.25286,2.18403,-1.80067,-6.63126
96.37592328,-7.15978,-7.15901,1.90652,-2.10651,-6.49415
96.38494654,-6.94024,-6.93932,1.33694,-2.71108,-6.19132
96.40299304,-6.37942,-6.37821,0.148018,-3.85149,-5.47797
96.41557429,-5.89704,-5.89564,-0.7133,-4.56154,-4.90066
96.4215155,-5.64418,-5.6427,-1.1273,-4.86624,-4.6063
96.42424301,-5.52235,-5.52083,-1.31861,-4.99879,-4.46667
96.42516008,-5.48139,-5.47985,-1.38294,-5.042,-4.41895
96.42607321,-5.43936,-5.43781,-1.44716,-5.08501,-4.37144
96.42789947,-5.3553,-5.35373,-1.57561,-5.16881,-4.27523
96.43155199,-5.1824,-5.18078,-1.83252,-5.32982,-4.07933
96.43885703,-4.82074,-4.81903,-2.34426,-5.62642,-3.67418
96.44757347,-4.36276,-4.36094,-2.94547,-5.93742,-3.1687
96.46145551,-3.57856,-3.57659,-3.8582,-6.33939,-2.31868
96.4750176,-2.75335,-2.75125,-4.66381,-6.62371,-1.44083
96.48052167,-2.40282,-2.40066,-4.96082,-6.70887,-1.07221
96.48385288,-2.18658,-2.1844,-5.13099,-6.75202,-0.845944
96.48667737,-2.00096,-1.99875,-5.26932,-6.78369,-0.652369
96.48955029,-1.81012,-1.80789,-5.4044,-6.8113,-0.453948
96.49529612,-1.42263,-1.42036,-5.65803,-6.85271,-0.052871
96.50678779,-0.626861,-0.624518,-6.10184,-6.8811,0.763439
96.51221699,-0.241974,-0.239601,-6.28269,-6.86954,1.15451
96.51711082,0.109324,0.111722,-6.43021,-6.8456,1.50889
96.51845952,0.206833,0.209237,-6.46775,-6.83628,1.60682
96.51979545,0.303692,0.306102,-6.50494,-6.82705,1.70382
96.52203107,0.466348,0.468769,-6.56386,-6.80873,1.86615
96.52650229,0.793591,0.796029,-6.67271,-6.7643,2.19024
96.53024908,1.06955,1.072,-6.75474,-6.71916,2.46064
96.53309938,1.28045,1.28291,-6.81155,-6.67943,2.66511
96.5339439,1.34294,1.34539,-6.82724,-6.66765,2.72569
96.53478896,1.40566,1.40812,-6.84295,-6.65467,2.78595
96.5358922,1.48754,1.49,-6.86215,-6.63772,2.86462
96.53708174,1.57583,1.57829,-6.88286,-6.61813,2.94892
96.53837351,1.67179,1.67425,-6.90398,-6.59686,3.04047
96.54030193,1.81504,1.8175,-6.93369,-6.563,3.17614
96.54376639,2.07241,2.07486,-6.98159,-6.4976,3.41732
96.5506953,2.58427,2.5867,-7.05647,-6.3495,3.88708
96.56455313,3.57832,3.58063,-7.124,-5.98666,4.75376
96.57004866,3.95732,3.95957,-7.12075,-5.81874,5.06562
96.57306436,4.1605,4.1627,-7.11182,-5.72095,5.22801
96.57596325,4.35185,4.354,-7.09851,-5.62327,5.3779
96.57869468,4.52812,4.53021,-7.08177,-5.52799,5.51354
96.58170819,4.71755,4.71958,-7.05863,-5.4193,5.657
96.5877352,5.0781,5.08,-6.9978,-5.19092,5.9251
96.59016824,5.21627,5.2181,-6.9678,-5.09464,6.02633
96.59157723,5.29424,5.29603,-6.94851,-5.03746,6.08314
96.59291405,5.36677,5.36853,-6.93021,-4.9832,6.13583
96.59444435,5.4481,5.44982,-6.90691,-4.91936,6.19471
96.59610244,5.53418,5.53586,-6.88166,-4.85019,6.25679
96.59941864,5.70016,5.70176,-6.82564,-4.70782,6.37562
96.60605103,6.00836,6.00979,-6.69701,-4.41115,6.59219
96.61619481,6.42099,6.4222,-6.4586,-3.92803,6.86967
96.62766704,6.80496,6.80591,-6.13042,-3.34151,7.10623
96.64199942,7.16468,7.16533,-5.63769,-2.55433,7.28868
96.66050178,7.43715,7.43741,-4.87591,-1.46036,7.34363
96.69287947,7.41829,7.41791,-3.2498,0.608268,6.97913
96.70356712,7.27723,7.27664,-2.63759,1.3226,6.73436
96.70661262,7.22504,7.2244,-2.45674,1.52823,6.65362
96.70848718,7.19034,7.18967,-2.34412,1.6548,6.60157
96.71061518,7.14862,7.14791,-2.21516,1.79849,6.54037
96.71487119,7.05785,7.05707,-1.95383,2.08533,6.41135
96.72338319,6.84768,6.84675,-1.41846,2.6526,6.12757
96.7404072,6.31812,6.3169,-0.303933,3.72837,5.46274
96.75341902,5.81993,5.81852,0.580661,4.46661,4.87223
96.75967403,5.55278,5.55128,1.014,4.78828,4.56417
96.76316145,5.39632,5.39477,1.25728,4.95697,4.3859
96.76535946,5.29501,5.29342,1.41113,5.05918,4.2712
96.76670695,5.23189,5.23029,1.50545,5.12022,4.20003
96.76940193,5.10342,5.10178,1.69427,5.23869,4.05576
96.77479189,4.83772,4.83601,2.07128,5.46151,3.75976
96.78361381,4.37867,4.37685,2.68199,5.78703,3.25486
96.79301024,3.85848,3.85655,3.31535,6.08176,2.69097
96.8083026,2.94944,2.94735,4.27441,6.44992,1.72205
96.81742133,2.37334,2.37117,4.78854,6.60466,1.11686
96.82170748,2.09433,2.09212,5.01249,6.66085,0.825878
96.82580654,1.82295,1.82071,5.21496,6.7048,0.544078
96.82884248,1.61924,1.61697,5.35744,6.73122,0.333289
96.83212943,1.3962,1.39391,5.50461,6.75398,0.103216
96.83870333,0.942939,0.9406,5.77754,6.78146,-0.362138
96.84625998,0.411058,0.40867,6.05701,6.78367,-0.90436
96.8497132,0.164363,0.161956,6.17271,6.77432,-1.15436
96.8517254,0.0196284,0.0172106,6.2363,6.76554,-1.30059
96.85237508,-0.0272526,-0.0296739,6.25683,6.7627,-1.34781
96.85353642,-0.111227,-0.113655,6.29174,6.75608,-1.43243
96.85472398,-0.19732,-0.199753,6.32743,6.7493,-1.51897
96.8563343,-0.31441,-0.316852,6.37388,6.73842,-1.63631
96.85886883,-0.499474,-0.501927,6.44379,6.71851,-1.82099
96.86393575,-0.871984,-0.874457,6.57188,6.66864,-2.19019
96.86734867,-1.12457,-1.12705,6.64941,6.62755,-2.43784
96.87044394,-1.35466,-1.35715,6.71366,6.58453,-2.66123
96.8711943,-1.41044,-1.41293,6.72815,6.57409,-2.71538
96.8721758,-1.48362,-1.48612,6.74711,6.55898,-2.78581
96.87322739,-1.56204,-1.56453,6.7661,6.54279,-2.86127
96.87463267,-1.66683,-1.66932,6.79148,6.51994,-2.96136
96.87657544,-1.81179,-1.81429,6.82402,6.48673,-3.09974
96.88000431,-2.06765,-2.07014,6.876,6.42354,-3.34114
96.88686206,-2.57685,-2.57933,6.95922,6.28001,-3.81248
96.90057755,-3.5673,-3.56966,7.04409,5.92681,-4.68765
96.90645305,-3.97533,-3.97761,7.04755,5.74918,-5.0294
96.90963412,-4.19088,-4.19311,7.04129,5.64659,-5.20482
96.91266968,-4.3922,-4.39438,7.03005,5.5446,-5.36543
96.91507972,-4.54862,-4.55076,7.0175,5.46082,-5.48818
96.91765695,-4.71218,-4.71427,7.00055,5.36854,-5.61484
96.92281141,-5.02621,-5.02818,6.95586,5.1758,-5.8543
96.9257623,-5.19751,-5.1994,6.92385,5.06063,-5.98325
96.92728167,-5.28317,-5.28502,6.90499,4.99956,-6.04736
96.92867358,-5.36007,-5.36188,6.88771,4.94361,-6.10476
96.93002008,-5.43303,-5.43481,6.86899,4.888,-6.15908
96.93143188,-5.50803,-5.50977,6.84936,4.8297,-6.21476
96.93419382,-5.65042,-5.65209,6.80697,4.71273,-6.31997
96.9397177,-5.91857,-5.92011,6.71043,4.47028,-6.51576
96.95076545,-6.39158,-6.39286,6.47151,3.95294,-6.84959
96.96094372,-6.75516,-6.75622,6.19896,3.44007,-7.08984
96.9765607,-7.18272,-7.18344,5.68829,2.59196,-7.33538
96.99151002,-7.44742,-7.44782,5.1009,1.71801,-7.43377
97.02140866,-7.57016,-7.56995,3.67335,-0.170329,-7.2499
97.03543782,-7.44628,-7.4458,2.89754,-1.10451,-6.99504
97.04331555,-7.32754,-7.32692,2.43513,-1.63641,-6.80662
97.04602079,-7.27876,-7.27809,2.27214,-1.81959,-6.73457
97.04850662,-7.23041,-7.22969,2.12063,-1.98791,-6.66515
97.05347829,-7.12379,-7.12299,1.81291,-2.32302,-6.5173
97.06342162,-6.87196,-6.87098,1.18015,-2.98115,-6.18676
97.08330829,-6.22245,-6.22115,-0.142962,-4.19272,-5.39535
97.09174911,-5.89014,-5.88871,-0.724532,-4.65013,-5.00919
97.09622539,-5.70076,-5.69927,-1.03679,-4.8758,-4.79283
97.09963773,-5.5505,-5.54896,-1.27612,-5.03915,-4.62274
97.10155142,-5.46403,-5.46247,-1.41078,-5.12741,-4.52544
97.10298078,-5.39845,-5.39686,-1.51137,-5.19175,-4.45189
97.10583952,-5.26475,-5.26312,-1.71275,-5.31642,-4.30261
97.11155698,-4.98748,-4.98578,-2.11487,-5.55022,-3.99555
97.12131337,-4.48534,-4.48351,-2.79288,-5.90288,-3.4468
97.13159572,-3.91882,-3.91687,-3.48496,-6.21298,-2.83691
97.14797725,-2.94516,-2.94305,-4.49634,-6.57985,-1.8063
97.15476268,-2.51787,-2.51569,-4.87336,-6.68655,-1.35977
97.15844316,-2.28062,-2.27841,-5.06571,-6.73345,-1.11315
97.16195695,-2.05076,-2.04852,-5.24071,-6.7711,-0.875045
97.16514056,-1.83981,-1.83755,-5.39194,-6.79923,-0.657208
97.16867973,-1.60244,-1.60015,-5.55201,-6.82388,-0.412838
97.17575806,-1.11931,-1.11697,-5.8476,-6.85244,0.0822018
97.18528953,-0.452785,-0.450384,-6.19556,-6.84788,0.760067
97.18993339,-0.121907,-0.119481,-6.34462,-6.82796,1.09427
97.19459523,0.21385,0.2163,-6.481,-6.79649,1.43149
97.19582057,0.302676,0.305131,-6.5142,-6.78592,1.52041
97.19704052,0.39133,0.393791,-6.54725,-6.7754,1.60894
97.19851339,0.49864,0.501108,-6.58542,-6.76121,1.71582
97.20145914,0.714105,0.716585,-6.65785,-6.72946,1.92959
97.20521794,0.990501,0.992993,-6.74275,-6.68251,2.20186
97.20766586,1.17127,1.17377,-6.79351,-6.64809,2.37864
97.21074256,1.39916,1.40166,-6.85226,-6.60056,2.59993
97.21286761,1.55693,1.55944,-6.88956,-6.56497,2.75204
97.21417745,1.65418,1.65669,-6.91054,-6.54136,2.84518
97.21594457,1.78546,1.78797,-6.93886,-6.5095,2.97083
97.21898967,2.01168,2.01418,-6.98217,-6.45006,3.18529
97.22507989,2.46234,2.46483,-7.05259,-6.31788,3.60606
97.23726032,3.34443,3.34684,-7.12956,-6.002,4.40032
97.24651149,3.9858,3.98808,-7.13202,-5.71776,4.94834
97.25051999,4.25376,4.25598,-7.11826,-5.58302,5.16864
97.25319919,4.42872,4.43089,-7.10412,-5.48916,5.30955
97.25576072,4.59238,4.5945,-7.08695,-5.39664,5.43938
97.25811994,4.73968,4.74175,-7.068,-5.30906,5.55475
97.26283839,5.0231,5.02506,-7.02118,-5.12724,5.77372
97.26531625,5.16558,5.16747,-6.99186,-5.02826,5.88254
97.26739361,5.28144,5.28328,-6.96479,-4.94344,5.97056
97.26938252,5.38919,5.39097,-6.93676,-4.86069,6.05213
97.27056653,5.45186,5.45361,-6.9191,-4.81073,6.09944
97.27293456,5.57398,5.57567,-6.88162,-4.70923,6.19132
97.27767061,5.80577,5.80734,-6.7981,-4.50011,6.36416
97.28714272,6.22185,6.2232,-6.59756,-4.05837,6.66681
97.29771023,6.61419,6.6153,-6.32273,-3.53055,6.9377
97.31136751,7.01262,7.01343,-5.89144,-2.79821,7.1853
97.32563389,7.30111,7.30161,-5.35452,-1.97889,7.32299
97.35416663,7.50165,7.50156,-4.04642,-0.208398,7.24418
97.36944347,7.40873,7.40834,-3.22909,0.796779,7.01485
97.37640982,7.32123,7.3207,-2.83153,1.26448,6.86837
97.37880885,7.28466,7.28409,-2.69121,1.42658,6.81198
97.38109172,7.24687,7.24626,-2.55619,1.58084,6.75557
97.38321369,7.20917,7.20851,-2.42941,1.72419,6.70076
97.38745762,7.12639,7.12565,-2.17234,2.01088,6.58441
97.39594549,6.93199,6.9311,-1.64506,2.57848,6.32541
97.41292122,6.43302,6.43185,-0.544791,3.65931,5.70781
97.42570787,5.96468,5.9633,0.318149,4.39594,5.15964
97.43224594,5.69572,5.69424,0.768917,4.73867,4.85309
97.43578064,5.54228,5.54075,1.01479,4.91289,4.68026
97.43896538,5.39938,5.39781,1.23737,5.06275,4.52044
97.43985688,5.35841,5.35683,1.29967,5.10319,4.47485
97.44081573,5.31435,5.31275,1.36691,5.14668,4.42583
97.44205533,5.25658,5.25497,1.45382,5.20163,4.36174
97.44423373,5.15353,5.15188,1.60657,5.29573,4.24777
97.44795396,4.97306,4.97136,1.86742,5.44935,4.04926
97.45539441,4.59581,4.59401,2.38652,5.73057,3.6381
97.46623455,4.00931,4.00738,3.12666,6.07995,3.00745
97.47756803,3.35263,3.35058,3.86347,6.37047,2.31122
97.48701829,2.77367,2.77152,4.43494,6.55525,1.70441
97.49485887,2.27338,2.27116,4.86965,6.66942,1.18455
97.49807415,2.06325,2.06099,5.0364,6.70605,0.967306
97.50116494,1.85869,1.85641,5.18992,6.73573,0.756428
97.50388161,1.67692,1.67462,5.31932,6.75736,0.569505
97.50691518,1.47184,1.46952,5.45779,6.77662,0.359133
97.51298232,1.05547,1.0531,5.71631,6.79975,-0.0663932
97.52197184,0.424644,0.422217,6.05572,6.79688,-0.707021
97.52674634,0.0833474,0.0808924,6.21521,6.7775,-1.05148
97.53011146,-0.15959,-0.162063,6.3191,6.75649,-1.29561
97.53104164,-0.227077,-0.229554,6.34628,6.74936,-1.36332
97.53208165,-0.302694,-0.305176,6.37668,6.74138,-1.43902
97.53314377,-0.380086,-0.382574,6.4062,6.73192,-1.51633
97.53481197,-0.501972,-0.504467,6.45256,6.71707,-1.63795
97.53747661,-0.697451,-0.699958,6.52225,6.68958,-1.8322
97.54128834,-0.978598,-0.981119,6.61446,6.64387,-2.10986
97.54374607,-1.16071,-1.16324,6.66927,6.61044,-2.28851
97.54680406,-1.38804,-1.39058,6.7324,6.56454,-2.5101
97.54891216,-1.54518,-1.54772,6.77265,6.53015,-2.66224
97.55019902,-1.64111,-1.64365,6.79527,6.50752,-2.75461
97.55188842,-1.76717,-1.76971,6.82496,6.47782,-2.87586
97.55475279,-1.9809,-1.98344,6.87034,6.42331,-3.07981
97.56048152,-2.40716,-2.40969,6.94656,6.30233,-3.48127
97.57193899,-3.24464,-3.24709,7.04166,6.01391,-4.24635
97.58070273,-3.86209,-3.86444,7.06353,5.75282,-4.78654
97.5854436,-4.18476,-4.18704,7.05722,5.59735,-5.05915
97.58777671,-4.34003,-4.34227,7.04948,5.51725,-5.18766
97.58999749,-4.48528,-4.48748,7.03931,5.43886,-5.30628
97.59191419,-4.60846,-4.61062,7.02835,5.36954,-5.40574
97.59395739,-4.73736,-4.73948,7.01444,5.29397,-5.50881
97.59804381,-4.98692,-4.98894,6.97983,5.13774,-5.70606
97.60070156,-5.14293,-5.14488,6.95249,5.03255,-5.82812
97.60299713,-5.27342,-5.27531,6.92583,4.93944,-5.92966
97.60473555,-5.36951,-5.37136,6.90378,4.86756,-6.00421
97.60578313,-5.42628,-5.42809,6.88925,4.82334,-6.04758
97.60751223,-5.51811,-5.51988,6.86526,4.75036,-6.11916
97.61097043,-5.69506,-5.69674,6.81166,4.60033,-6.25529
97.61781622,-6.02,-6.02151,6.68748,4.2905,-6.50213
97.62802202,-6.44464,-6.44592,6.45888,3.79838,-6.8151
97.63969827,-6.84573,-6.84674,6.13581,3.19383,-7.09356
97.6533817,-7.20377,-7.20449,5.6778,2.43394,-7.31366
97.67229136,-7.5048,-7.50511,4.91434,1.30474,-7.43411
97.70393766,-7.5282,-7.52786,3.34317,-0.733327,-7.18439
97.7139296,-7.41366,-7.41313,2.77633,-1.40475,-6.99161
97.71776174,-7.3546,-7.354,2.55061,-1.66433,-6.9036
97.72146683,-7.28974,-7.28908,2.3284,-1.9153,-6.81136
97.72541801,-7.21236,-7.21162,2.08737,-2.18223,-6.70542
97.73332036,-7.03274,-7.03186,1.5937,-2.7102,-6.47079
97.74912507,-6.57831,-6.57716,0.565655,-3.71525,-5.91494
97.76121998,-6.14855,-6.1472,-0.252652,-4.41336,-5.4155
97.76740797,-5.90219,-5.90074,-0.680397,-4.73977,-5.1362
97.77068837,-5.76454,-5.76305,-0.909257,-4.90315,-4.98186
97.7736962,-5.63373,-5.6322,-1.1202,-5.04669,-4.83624
97.7743813,-5.60394,-5.60239,-1.16825,-5.07832,-4.80308
97.77533547,-5.56126,-5.5597,-1.23539,-5.12238,-4.75584
97.77645416,-5.51122,-5.50964,-1.31412,-5.17251,-4.70045
97.77778525,-5.45028,-5.44869,-1.40796,-5.23217,-4.63332
97.77934351,-5.37895,-5.37734,-1.51781,-5.29996,-4.55473
97.78184715,-5.26156,-5.25991,-1.69435,-5.40563,-4.42601
97.78680862,-5.02146,-5.01974,-2.04419,-5.60345,-4.16438
97.79673156,-4.51281,-4.51097,-2.73626,-5.95417,-3.61634
97.81149255,-3.69126,-3.68924,-3.72119,-6.36798,-2.74511
97.82507738,-2.87275,-2.87059,-4.54665,-6.63709,-1.89025
97.8316879,-2.45435,-2.45213,-4.91155,-6.72978,-1.45738
97.83530749,-2.22005,-2.21779,-5.09951,-6.77002,-1.21605
97.83858859,-2.00468,-2.0024,-5.26215,-6.80015,-0.994847
97.84260026,-1.73774,-1.73542,-5.45098,-6.82882,-0.721469
97.84660057,-1.46777,-1.46542,-5.62851,-6.84853,-0.445849
97.85460121,-0.917439,-0.915039,-5.95251,-6.86168,0.113467
97.86426717,-0.23604,-0.233581,-6.29033,-6.83162,0.801282
97.86876823,0.0869338,0.0894164,-6.42792,-6.80066,1.12533
97.87324488,0.411303,0.413807,-6.55253,-6.75936,1.44918
97.87444002,0.498406,0.500915,-6.58332,-6.7462,1.53588
97.87562211,0.58475,0.587264,-6.61377,-6.73319,1.62163
97.87727691,0.705925,0.708446,-6.6544,-6.71326,1.74168
97.88058651,0.949225,0.951759,-6.73074,-6.66924,1.98178
97.8833359,1.15219,1.15473,-6.78919,-6.62847,2.18088
97.88644006,1.38209,1.38464,-6.84977,-6.57789,2.40501
97.88850623,1.5355,1.53805,-6.88693,-6.54158,2.55366
97.88980934,1.63225,1.6348,-6.90846,-6.5171,2.64696
97.89139282,1.74992,1.75247,-6.93462,-6.48735,2.76033
97.89401214,1.94456,1.94711,-6.97366,-6.43463,2.94656
97.89925077,2.33287,2.33541,-7.0397,-6.31937,3.31414
97.90972803,3.098,3.10047,-7.12424,-6.05063,4.02076
97.91812138,3.69198,3.69437,-7.14686,-5.79969,4.55039
97.92514974,4.17007,4.17235,-7.13544,-5.566,4.96191
97.92818442,4.36996,4.37219,-7.12204,-5.45861,5.12944
97.93000349,4.4876,4.48979,-7.11158,-5.3924,5.22668
97.93173053,4.59758,4.59974,-7.09998,-5.32828,5.31673
97.93365715,4.71816,4.72028,-7.08514,-5.25534,5.41456
97.93658053,4.89654,4.89859,-7.05881,-5.14185,5.55785
97.93925787,5.05471,5.05669,-7.0307,-5.03497,5.68373
97.94145504,5.18056,5.18249,-7.00421,-4.94476,5.7833
97.94248392,5.23792,5.23981,-6.9918,-4.90252,5.82851
97.94325848,5.28109,5.28297,-6.98149,-4.87002,5.86254
97.94400722,5.3217,5.32356,-6.97153,-4.8386,5.89448
97.94526514,5.38993,5.39175,-6.9535,-4.78489,5.94814
97.94641806,5.45104,5.45283,-6.93697,-4.73567,5.99609
97.9487239,5.57018,5.57191,-6.90112,-4.63521,6.08937
97.95333557,5.79665,5.79826,-6.82126,-4.42856,6.2655
97.96255891,6.20446,6.20585,-6.62969,-3.99319,6.57669
97.9732208,6.6038,6.60495,-6.35689,-3.45527,6.86927
97.98659026,6.99892,6.99976,-5.94052,-2.73253,7.13617
98.0008682,7.29418,7.29471,-5.40976,-1.90751,7.30079
98.02942409,7.50706,7.50698,-4.11187,-0.127502,7.27289
98.04399581,7.42704,7.42667,-3.33844,0.833605,7.08124
98.0507438,7.34793,7.34742,-2.95688,1.28709,6.95314
98.05310219,7.31411,7.31356,-2.82022,1.44655,6.90261
98.05532622,7.27934,7.27875,-2.68988,1.59694,6.8523
98.05781634,7.23716,7.23652,-2.54232,1.76532,6.79295
98.06279658,7.14261,7.14188,-2.24231,2.10137,6.66484
98.07275706,6.91379,6.91287,-1.62407,2.76421,6.37205
98.09267801,6.30561,6.30436,-0.325897,3.99848,5.64901
98.10571333,5.80443,5.80297,0.560599,4.70381,5.08232
98.1119778,5.53577,5.53422,0.994944,5.00806,4.78495
98.11604782,5.35196,5.35034,1.27917,5.19252,4.58344
98.11853056,5.23633,5.23468,1.45318,5.2998,4.45741
98.11999882,5.16674,5.16507,1.55609,5.36136,4.3818
98.12293533,5.02492,5.02321,1.76205,5.48034,4.22824
98.12880835,4.731,4.72921,2.1729,5.7021,3.91204
98.1405544,4.10426,4.10232,2.98017,6.08264,3.24556
98.15568536,3.22677,3.22466,3.95981,6.45223,2.32622
98.17096745,2.26902,2.26676,4.83267,6.69073,1.33678
98.17681083,1.88515,1.88284,5.1301,6.74655,0.943571
98.18244266,1.50689,1.50453,5.39556,6.78212,0.557757
98.18748444,1.1619,1.15951,5.61534,6.79896,0.207215
98.19305351,0.774418,0.771984,5.83881,6.80129,-0.185065
98.20139041,0.183099,0.180613,6.13653,6.77335,-0.78073
98.20550863,-0.113621,-0.116129,6.26753,6.74578,-1.07817
98.20962912,-0.413241,-0.415771,6.38814,6.70922,-1.37728
98.21069233,-0.490979,-0.493514,6.41722,6.69804,-1.45472
98.21175168,-0.568596,-0.571136,6.4462,6.6869,-1.53189
98.21293418,-0.655418,-0.657962,6.47736,6.67346,-1.61802
98.21529917,-0.829597,-0.832151,6.53713,6.64439,-1.7904
98.21832247,-1.05319,-1.05576,6.60862,6.60306,-2.01077
98.22100585,-1.25252,-1.25509,6.66747,6.56186,-2.20589
98.22193363,-1.32143,-1.32401,6.68657,6.54761,-2.27335
98.22277934,-1.38446,-1.38704,6.70398,6.53344,-2.33484
98.22389883,-1.46789,-1.47047,6.72568,6.51467,-2.41595
98.225026,-1.5519,-1.55448,6.74753,6.49455,-2.49762
98.22628185,-1.64564,-1.64822,6.76993,6.47214,-2.5882
98.22797545,-1.77207,-1.77465,6.80014,6.44021,-2.71035
98.23089803,-1.99023,-1.99281,6.84717,6.38179,-2.91974
98.23674321,-2.42528,-2.42785,6.9261,6.25258,-3.33263
98.24843355,-3.27925,-3.28174,7.02431,5.94622,-4.12238
98.25743892,-3.91201,-3.91439,7.04652,5.66807,-4.68634
98.26359268,-4.32653,-4.32881,7.03536,5.45761,-5.04368
98.26635165,-4.50674,-4.50896,7.02349,5.358,-5.19562
98.26898217,-4.67468,-4.67685,7.00825,5.26007,-5.33535
98.27112182,-4.80821,-4.81033,6.99307,5.17834,-5.44527
98.27340842,-4.9476,-4.94967,6.97409,5.08895,-5.55908
98.27626629,-5.11662,-5.11861,6.94641,4.97432,-5.69613
98.2785306,-5.24623,-5.24816,6.92137,4.88123,-5.80067
98.27979978,-5.31713,-5.31903,6.90614,4.82818,-5.85774
98.28199895,-5.43699,-5.43883,6.87773,4.73481,-5.95405
98.28391152,-5.53819,-5.53998,6.85096,4.65212,-6.0352
98.28773665,-5.73241,-5.73411,6.79171,4.4827,-6.1903
98.29538533,-6.08948,-6.09098,6.6508,4.12824,-6.47214
98.30533007,-6.49392,-6.4952,6.42402,3.63759,-6.78309
98.31644659,-6.86862,-6.86963,6.11429,3.05188,-7.05758
98.33125814,-7.24427,-7.24496,5.61425,2.21628,-7.30563
98.35482486,-7.55963,-7.55981,4.63111,0.777858,-7.43186
98.37822543,-7.54229,-7.54198,3.45235,-0.750056,-7.245
98.3867537,-7.45602,-7.45555,2.97619,-1.32484,-7.1017
98.38986025,-7.4142,-7.41367,2.79696,-1.53587,-7.03976
98.39285634,-7.36874,-7.36815,2.6214,-1.7394,-6.97524
98.39558437,-7.32303,-7.32239,2.45934,-1.92472,-6.91247
98.40104044,-7.21948,-7.21873,2.12925,-2.29384,-6.77567
98.41195259,-6.96516,-6.96422,1.44707,-3.01776,-6.45843
98.43377688,-6.27876,-6.27745,0.00974265,-4.33327,-5.66096
98.44218947,-5.95319,-5.95175,-0.566997,-4.77754,-5.29792
98.4470996,-5.74817,-5.74665,-0.908329,-5.0174,-5.07243
98.45024422,-5.61074,-5.60917,-1.12835,-5.16295,-4.92248
98.45100661,-5.57742,-5.57584,-1.18187,-5.19704,-4.88613
98.45195487,-5.53475,-5.53316,-1.24844,-5.23944,-4.83981
98.4530752,-5.48434,-5.48274,-1.32723,-5.28799,-4.78509
98.45447985,-5.41959,-5.41797,-1.42601,-5.34886,-4.71509
98.45628359,-5.33644,-5.33479,-1.55304,-5.42452,-4.62521
98.45931215,-5.19295,-5.19126,-1.76632,-5.54696,-4.47082
98.46536926,-4.89502,-4.89325,-2.19196,-5.77488,-4.15228
98.4774835,-4.25776,-4.25583,-3.02804,-6.16466,-3.47853
98.49148047,-3.45802,-3.45593,-3.9415,-6.50773,-2.64442
98.50174975,-2.8315,-2.8293,-4.55671,-6.68744,-1.99792
98.50735396,-2.47637,-2.47412,-4.86728,-6.76011,-1.63373
98.51008749,-2.29994,-2.29767,-5.0114,-6.7891,-1.45336
98.51268841,-2.13023,-2.12794,-5.1437,-6.81278,-1.28018
98.51491346,-1.98367,-1.98136,-5.25309,-6.83004,-1.13087
98.517361,-1.82105,-1.81871,-5.36944,-6.84584,-0.965457
98.52225607,-1.49157,-1.48919,-5.59002,-6.8675,-0.631127
98.53020694,-0.945274,-0.942842,-5.91507,-6.87478,-0.0790395
98.54314172,-0.0310354,-0.0285248,-6.35929,-6.81441,0.838526
98.54808898,0.326258,0.328794,-6.50192,-6.76797,1.1947
98.5517028,0.589574,0.592126,-6.59671,-6.72602,1.45621
98.55275346,0.666475,0.669031,-6.62246,-6.71228,1.53224
98.55379793,0.743063,0.745624,-6.64806,-6.69863,1.60798
98.55583435,0.892755,0.895323,-6.69546,-6.66987,1.75563
98.55867379,1.10219,1.10477,-6.75743,-6.62629,1.96152
98.56214746,1.35934,1.36192,-6.82673,-6.56753,2.21279
98.56306903,1.42775,1.43034,-6.84362,-6.55069,2.27945
98.56415239,1.50818,1.51077,-6.86347,-6.53089,2.35754
98.56539623,1.60052,1.60311,-6.88456,-6.50675,2.44719
98.56677895,1.70328,1.70587,-6.90801,-6.47992,2.54634
98.56894642,1.86436,1.86695,-6.94171,-6.43535,2.70176
98.5730331,2.16772,2.1703,-6.99777,-6.34519,2.99205
98.58120644,2.76953,2.77208,-7.08082,-6.14146,3.5594
98.59755312,3.92147,3.92384,-7.13312,-5.64477,4.60569
98.60437497,4.37371,4.37597,-7.1107,-5.40341,4.9987
98.60810308,4.61158,4.61376,-7.08762,-5.26332,5.2006
98.61165615,4.83075,4.83286,-7.05861,-5.1246,5.38379
98.61441909,4.99549,4.99752,-7.03137,-5.0133,5.51995
98.61744389,5.16951,5.17147,-6.9969,-4.88809,5.66279
98.61974372,5.29718,5.29907,-6.96747,-4.79056,5.76711
98.62193268,5.41484,5.41667,-6.93689,-4.6959,5.86303
98.62363071,5.50355,5.50533,-6.91145,-4.62126,5.9352
98.62701871,5.67405,5.67574,-6.85629,-4.46924,6.07349
98.63379471,5.99016,5.99169,-6.72856,-4.15316,6.32755
98.64414444,6.41177,6.41305,-6.48987,-3.64093,6.65879
98.65567934,6.79745,6.79846,-6.16401,-3.03089,6.94845
98.66964268,7.14885,7.14955,-5.68946,-2.24242,7.18907
98.68817268,7.42502,7.42531,-4.93442,-1.12328,7.32712
98.71118951,7.47653,7.47634,-3.81871,0.357611,7.22214
98.72140584,7.39839,7.39799,-3.26505,1.03973,7.08014
98.72837518,7.31049,7.30996,-2.86857,1.50997,6.95075
98.73065505,7.27573,7.27515,-2.7357,1.66432,6.90279
98.73273624,7.24147,7.24085,-2.61314,1.80521,6.85664
98.7368986,7.16578,7.16508,-2.36451,2.08642,6.75766
98.74522333,6.98643,6.98558,-1.85415,2.6429,6.53367
98.7618728,6.52058,6.51943,-0.78747,3.70115,5.98653
98.77461771,6.07176,6.0704,0.064708,4.43269,5.48284
98.78117129,5.81104,5.80958,0.513288,4.77423,5.19641
98.78459364,5.66707,5.66556,0.749946,4.94192,5.03971
98.787785,5.52815,5.52658,0.971834,5.09126,4.88934
98.79079364,5.39265,5.39104,1.18194,5.22582,4.74347
98.79155825,5.35821,5.35659,1.23534,5.25877,4.7064
98.79270364,5.30517,5.30353,1.31559,5.30812,4.64955
98.79378912,5.25489,5.25324,1.39165,5.35384,4.59567
98.79533016,5.18231,5.18064,1.49962,5.41745,4.51809
98.79769153,5.06921,5.0675,1.66515,5.51198,4.39751
98.80216729,4.84868,4.84691,1.97889,5.68162,4.16343
98.81111882,4.38448,4.38259,2.60079,5.98422,3.67454
98.8251796,3.5974,3.59535,3.54168,6.36308,2.85513
98.84340026,2.48382,2.48157,4.63299,6.68278,1.71112
98.85011318,2.04873,2.04642,4.9892,6.75241,1.26804
98.85459586,1.75141,1.74906,5.21097,6.78467,0.966334
98.85800428,1.52196,1.51958,5.37053,6.80165,0.734065
98.86158377,1.27805,1.27564,5.52966,6.81253,0.487663
98.86874275,0.781917,0.77946,5.82263,6.81315,-0.0120049
98.88093252,-0.0851077,-0.0876398,6.24668,6.75071,-0.88
98.88545729,-0.413492,-0.416047,6.38047,6.70741,-1.2068
98.88757108,-0.568004,-0.57057,6.43815,6.68308,-1.36019
98.88833979,-0.62441,-0.626979,6.45912,6.67422,-1.41597
98.88932903,-0.696998,-0.699571,6.48451,6.66146,-1.48793
98.89079956,-0.80521,-0.807789,6.52224,6.6425,-1.59491
98.8933868,-0.996211,-0.9988,6.5847,6.60578,-1.78313
98.89603656,-1.19254,-1.19514,6.64448,6.56466,-1.9759
98.89836311,-1.36543,-1.36803,6.6935,6.52564,-2.14493
98.89940426,-1.44298,-1.44559,6.71404,6.50701,-2.22058
98.90050559,-1.52502,-1.52763,6.73577,6.48731,-2.30038
98.90173522,-1.61661,-1.61922,6.75824,6.46383,-2.38949
98.90323412,-1.72841,-1.73101,6.78564,6.4352,-2.49757
98.90569053,-1.91161,-1.91422,6.82675,6.38517,-2.67471
98.91057819,-2.27557,-2.27817,6.89793,6.27694,-3.02352
98.92035352,-2.99491,-2.99746,6.99837,6.02675,-3.70151
98.93990419,-4.34185,-4.34414,7.03596,5.39932,-4.91684
98.94626929,-4.74532,-4.74748,7.00189,5.15964,-5.26461
98.95243826,-5.11289,-5.1149,6.94772,4.91166,-5.57581
98.95508337,-5.26252,-5.26446,6.9182,4.80072,-5.70129
98.95678875,-5.35625,-5.35814,6.89718,4.72776,-5.77965
98.95842815,-5.44426,-5.44611,6.87552,4.65659,-5.85312
98.96015934,-5.53498,-5.53679,6.85112,4.58035,-5.92872
98.96343566,-5.70057,-5.70229,6.80067,4.43306,-6.06635
98.96998829,-6.00873,-6.01029,6.68325,4.12702,-6.32059
98.98061116,-6.44586,-6.44717,6.44733,3.60004,-6.67448
98.99177291,-6.82469,-6.82575,6.14081,3.00787,-6.97004
99.00662698,-7.20456,-7.20529,5.64464,2.16468,-7.24457
99.02455347,-7.47867,-7.47901,4.92122,1.0745,-7.39964
99.04436371,-7.55418,-7.55411,3.97821,-0.204981,-7.35441
99.05512914,-7.49755,-7.49726,3.40733,-0.926092,-7.23714
99.06042626,-7.44497,-7.44458,3.11233,-1.28567,-7.15606
99.06227668,-7.42281,-7.42238,3.00717,-1.41189,-7.12416
99.06400636,-7.40035,-7.39989,2.90794,-1.52987,-7.09269
99.06668329,-7.3623,-7.36178,2.75264,-1.71264,-7.0409
99.07203716,-7.27436,-7.27375,2.43603,-2.07751,-6.9262
99.08274489,-7.05235,-7.05153,1.78041,-2.7972,-6.65359
99.10416036,-6.43383,-6.43265,0.393516,-4.12786,-5.94602
99.11362036,-6.08934,-6.08801,-0.247387,-4.64988,-5.56742
99.11867489,-5.88811,-5.88669,-0.595874,-4.90779,-5.34929
99.12349242,-5.68565,-5.68416,-0.931134,-5.13833,-5.1316
99.12703195,-5.53046,-5.52892,-1.17898,-5.29804,-4.96577
99.1290747,-5.43844,-5.43687,-1.32256,-5.3865,-4.86782
99.13012568,-5.39005,-5.38847,-1.39643,-5.43097,-4.81647
99.13179944,-5.31299,-5.31138,-1.5143,-5.50034,-4.7347
99.13447299,-5.18694,-5.18529,-1.70258,-5.6075,-4.60138
99.13975239,-4.92965,-4.92793,-2.07398,-5.80619,-4.33052
99.15031117,-4.38326,-4.3814,-2.80769,-6.15322,-3.76002
99.16491607,-3.56292,-3.5609,-3.77565,-6.52495,-2.9129
99.17557163,-2.92081,-2.91867,-4.42754,-6.71811,-2.25595
99.18302213,-2.45173,-2.44952,-4.84613,-6.81457,-1.77884
99.18632412,-2.23884,-2.2366,-5.02043,-6.84724,-1.56298
99.18947044,-2.03331,-2.03104,-5.17952,-6.87268,-1.35497
99.1920012,-1.86617,-1.86388,-5.30248,-6.88912,-1.18608
99.19476512,-1.68186,-1.67955,-5.43172,-6.903,-1.0001
99.20029295,-1.308,-1.30564,-5.67493,-6.91815,-0.623646
99.20802323,-0.774336,-0.771924,-5.98198,-6.91143,-0.0880577
99.22036029,0.0999514,0.102437,-6.39487,-6.8348,0.784809
99.22545224,0.468131,0.470642,-6.53803,-6.77987,1.15045
99.23052329,0.838343,0.840876,-6.66502,-6.71192,1.51648
99.23189418,0.938987,0.941525,-6.69614,-6.69083,1.61569
99.23324741,1.03854,1.04108,-6.72686,-6.67002,1.71362
99.23559977,1.21209,1.21464,-6.77671,-6.6302,1.88385
99.23668461,1.29213,1.29468,-6.7983,-6.61184,1.96236
99.23756462,1.35726,1.35981,-6.81582,-6.59575,2.02604
99.2387299,1.4435,1.44605,-6.83757,-6.57445,2.11017
99.23980127,1.52279,1.52534,-6.85756,-6.55372,2.18751
99.24102423,1.61344,1.616,-6.8786,-6.53006,2.27581
99.24249892,1.72275,1.72531,-6.90398,-6.50017,2.38177
99.24492728,1.90275,1.90531,-6.94209,-6.44868,2.55625
99.24968488,2.25481,2.25736,-7.00676,-6.33963,2.89496
99.25920008,2.95076,2.95326,-7.09678,-6.09004,3.55529
99.27823048,4.2577,4.25996,-7.12354,-5.47205,4.75163
99.28543843,4.71233,4.71445,-7.08118,-5.19806,5.15083
99.28990883,4.97946,4.98147,-7.04071,-5.01761,5.38115
99.29281682,5.14602,5.14796,-7.00864,-4.89603,5.52351
99.29427744,5.22736,5.22925,-6.99043,-4.83346,5.59224
99.29531972,5.28401,5.28587,-6.97745,-4.78881,5.64128
99.29627385,5.33586,5.3377,-6.96436,-4.74709,5.68458
99.29759449,5.40593,5.40773,-6.94625,-4.68934,5.74452
99.29926744,5.49275,5.4945,-6.9216,-4.61498,5.81818
99.30261333,5.66007,5.66175,-6.86797,-4.46324,5.95983
99.30930511,5.97051,5.97202,-6.74371,-4.14808,6.22095
99.31960284,6.3879,6.38917,-6.50936,-3.63411,6.56632
99.33108109,6.7699,6.77091,-6.18872,-3.0226,6.87224
99.34511054,7.12097,7.12166,-5.71607,-2.22515,7.13526
99.36348524,7.39307,7.39336,-4.9726,-1.10906,7.29991
99.38589647,7.44661,7.44644,-3.89458,0.338864,7.23501
99.39612355,7.37186,7.37148,-3.34471,1.024,7.11098
99.40249597,7.2947,7.29419,-2.98525,1.45553,7.00468
99.40462286,7.26379,7.26324,-2.86252,1.60008,6.96432
99.40657528,7.23318,7.2326,-2.74871,1.73278,6.92516
99.41048013,7.16566,7.16501,-2.51794,1.99783,6.84089
99.41828983,7.00587,7.00507,-2.04453,2.52355,6.64904
99.43390923,6.59119,6.59012,-1.05551,3.53238,6.17613
99.44600054,6.1867,6.18542,-0.256046,4.25009,5.73204
99.45401248,5.88023,5.87882,0.287704,4.68364,5.402
99.45765358,5.73112,5.72966,0.538088,4.86779,5.24289
99.46112111,5.5836,5.58209,0.778136,5.03493,5.08626
99.46380339,5.46588,5.46433,0.964739,5.15865,4.96177
99.46649507,5.34429,5.34269,1.15271,5.27797,4.83366
99.46711499,5.31628,5.31468,1.196,5.30456,4.80415
99.46815783,5.26797,5.26635,1.26906,5.34928,4.7534
99.46928202,5.21588,5.21425,1.34782,5.39598,4.69869
99.47067215,5.14994,5.14828,1.44521,5.45372,4.6301
99.47246003,5.06513,5.06345,1.57064,5.52554,4.54082
99.4755106,4.91657,4.91485,1.78464,5.64345,4.38575
99.48161175,4.60851,4.60671,2.21141,5.86207,4.06557
99.49381405,3.95105,3.94909,3.04856,6.23205,3.38752
99.509329,3.0424,3.04027,4.04624,6.57566,2.45954
99.52015887,2.36409,2.36186,4.67552,6.73272,1.77217
99.52515784,2.03961,2.03733,4.94278,6.78252,1.44472
99.52798019,1.85344,1.85114,5.08636,6.80435,1.2572
99.53063505,1.67648,1.67416,5.21634,6.8208,1.07919
99.53326793,1.4993,1.49695,5.34038,6.83321,0.901169
99.53812116,1.16853,1.16614,5.55664,6.84599,0.56939
99.5478276,0.49227,0.48982,5.94297,6.83284,-0.106802
99.55796853,-0.232664,-0.235173,6.28293,6.76504,-0.828356
99.56252767,-0.564109,-0.566639,6.41492,6.7168,-1.15692
99.56633658,-0.843268,-0.845814,6.51545,6.6682,-1.43292
99.56739582,-0.921308,-0.923858,6.5415,6.65306,-1.50967
99.56844941,-0.998932,-1.00149,6.56741,6.638,-1.58623
99.57018542,-1.12719,-1.12975,6.60809,6.61149,-1.71239
99.57274752,-1.31699,-1.31955,6.66482,6.56958,-1.89857
99.57371294,-1.38869,-1.39126,6.68485,6.55267,-1.96873
99.57482064,-1.47097,-1.47354,6.70783,6.53326,-2.04911
99.57594944,-1.55481,-1.55739,6.72975,6.51222,-2.13102
99.57721673,-1.6491,-1.65167,6.75435,6.4886,-2.22298
99.57898343,-1.78054,-1.78311,6.78646,6.45386,-2.35087
99.58205851,-2.00932,-2.01189,6.83791,6.38975,-2.57266
99.58820868,-2.46532,-2.46787,6.92407,6.24788,-3.01162
99.600509,-3.35823,-3.36069,7.03029,5.91139,-3.85708
99.61025658,-4.03468,-4.03702,7.05286,5.59658,-4.48249
99.61842823,-4.57009,-4.57228,7.03059,5.30124,-4.9655
99.62188232,-4.78598,-4.7881,7.01003,5.16802,-5.15667
99.62416035,-4.92441,-4.92647,6.99288,5.0775,-5.27813
99.62633625,-5.05334,-5.05534,6.97386,4.98912,-5.39062
99.6283968,-5.17224,-5.1742,6.95298,4.90333,-5.49397
99.62934693,-5.22574,-5.22767,6.94335,4.86377,-5.54037
99.63002632,-5.264,-5.26591,6.93552,4.83481,-5.57355
99.63157418,-5.34922,-5.35109,6.91766,4.7688,-5.6474
99.63253259,-5.40105,-5.40289,6.90534,4.72704,-5.69228
99.63433831,-5.49677,-5.49856,6.88212,4.64834,-5.77515
99.63769393,-5.66815,-5.66985,6.83359,4.4983,-5.92329
99.64399302,-5.96795,-5.9695,6.7268,4.20575,-6.1813
99.65389987,-6.38421,-6.38552,6.51839,3.71819,-6.53536
99.66503471,-6.77422,-6.77528,6.22708,3.13263,-6.85935
99.67876601,-7.14492,-7.14567,5.78867,2.36067,-7.15325
99.69649894,-7.44794,-7.4483,5.10193,1.29279,-7.36414
99.72738407,-7.52307,-7.52279,3.62239,-0.706192,-7.29859
99.73730181,-7.42799,-7.42752,3.07612,-1.37549,-7.16382
99.7409507,-7.37876,-7.37822,2.86703,-1.62386,-7.10067
99.74396059,-7.33253,-7.33193,2.69154,-1.82873,-7.04325
99.74707952,-7.27936,-7.2787,2.50697,-2.04083,-6.97875
99.7533174,-7.15724,-7.15646,2.12998,-2.46233,-6.83484
99.76579315,-6.85188,-6.85088,1.34743,-3.28173,-6.48937
99.78772809,-6.12965,-6.12828,-0.104287,-4.56184,-5.70806
99.79507088,-5.83691,-5.83543,-0.609244,-4.93432,-5.39881
99.80069518,-5.59629,-5.59472,-1.00092,-5.19742,-5.14668
99.80504671,-5.40074,-5.39911,-1.30603,-5.38726,-4.94288
99.80763066,-5.28083,-5.27916,-1.48791,-5.4943,-4.81834
99.80926316,-5.20365,-5.20197,-1.60283,-5.55977,-4.73836
99.81252816,-5.04609,-5.04436,-1.8328,-5.68575,-4.5754
99.81905816,-4.71849,-4.71667,-2.29114,-5.91825,-4.23798
99.83211816,-4.01638,-4.0144,-3.18711,-6.30713,-3.52
99.84790008,-3.09197,-3.08981,-4.19381,-6.64442,-2.58289
99.85885584,-2.40575,-2.40349,-4.81909,-6.79457,-1.8919
99.86366854,-2.09357,-2.09126,-5.07103,-6.83901,-1.57864
99.86827352,-1.78926,-1.78692,-5.29765,-6.8694,-1.27388
99.87181805,-1.55152,-1.54915,-5.46234,-6.88477,-1.03616
99.87585036,-1.27757,-1.27517,-5.63952,-6.89385,-0.762636
99.88391498,-0.719521,-0.717066,-5.96245,-6.88554,-0.206655
99.89374616,-0.0229759,-0.0204632,-6.30103,-6.82852,0.485071
99.90054918,0.468236,0.470781,-6.50054,-6.75943,0.971202
99.90398937,0.719191,0.721752,-6.59072,-6.71539,1.2189
99.90568856,0.843729,0.846296,-6.63263,-6.6914,1.34168
99.90681902,0.926847,0.929418,-6.6591,-6.67425,1.42337
99.90813889,1.02389,1.02647,-6.69001,-6.65424,1.51893
99.90973481,1.14166,1.14424,-6.72546,-6.62842,1.63447
99.91140481,1.2649,1.26748,-6.76051,-6.59968,1.75538
99.912274,1.32924,1.33182,-6.77874,-6.58473,1.81831
99.91435146,1.48301,1.4856,-6.81949,-6.54661,1.96872
99.91676724,1.66214,1.66473,-6.86365,-6.49964,2.14339
99.91859175,1.79742,1.80001,-6.89473,-6.46228,2.27507
99.92180032,2.03534,2.03792,-6.94462,-6.39271,2.50582
99.92821748,2.50905,2.51162,-7.02637,-6.23899,2.96245
99.94105179,3.4336,3.43607,-7.11881,-5.87535,3.84063
99.95115298,4.1251,4.12742,-7.12605,-5.53849,4.48353
99.95962412,4.66867,4.67083,-7.08855,-5.22315,4.97778
99.96316751,4.88431,4.88638,-7.06123,-5.08261,5.17063
99.96607945,5.05536,5.05736,-7.03371,-4.96342,5.32241
99.96797231,5.16329,5.16524,-7.0129,-4.88384,5.41776
99.96895893,5.21821,5.22014,-7.00206,-4.84236,5.46618
99.96964928,5.25664,5.25855,-6.99353,-4.81266,5.50006
99.97123142,5.34268,5.34455,-6.97398,-4.74461,5.57584
99.97221522,5.39519,5.39702,-6.96051,-4.70136,5.62208
99.97411628,5.49452,5.49631,-6.93446,-4.61779,5.7095
99.97764907,5.67189,5.67358,-6.8802,-4.4584,5.86537
99.98449565,5.98997,5.99149,-6.75699,-4.13712,6.14372
99.99489981,6.41142,6.41269,-6.52536,-3.61917,6.50836
100,6.59135,6.5925,-6.39263,-3.35266,6.66176
